# energy mu dmude
7.517209612000000561e+03 6.486521079436560200e-01 5.986914069151004286e-05
7.522209612000000561e+03 6.478931883658169966e-01 2.689387673912357673e-05
7.527209612000000561e+03 6.466459829049540087e-01 -9.959645842328013047e-06
7.532209612000000561e+03 6.453413495811319844e-01 -1.828197466870726113e-05
7.537209612000000561e+03 6.439709100595599756e-01 -7.080950283706104256e-06
7.542209612000000561e+03 6.428321374879220063e-01 5.143012339756953225e-06
7.547209612000000561e+03 6.416427060211230549e-01 -3.593013261249015280e-06
7.552209612000000561e+03 6.403745735152970298e-01 -3.538538225542372713e-06
7.557209612000000561e+03 6.391859486952909952e-01 -1.128489546383588885e-06
7.562209612000000561e+03 6.379535033260149701e-01 -1.057056870274512581e-05
7.567209612000000561e+03 6.366250635839779681e-01 -1.254065398992657857e-05
7.572209612000000561e+03 6.353634458982809763e-01 -7.225938095124987701e-06
7.577209612000000561e+03 6.341137045632520008e-01 -6.576982525209601601e-06
7.582209612000000561e+03 6.328616963789059913e-01 -4.553998793898375113e-06
7.587209612000000561e+03 6.316419106614880041e-01 6.675813648985123093e-06
7.592209612000000561e+03 6.305561895125629812e-01 9.713673345803593747e-06
7.597209612000000561e+03 6.293813873320990293e-01 1.345899181660983003e-06
7.602209612000000561e+03 6.281717591842009840e-01 -3.555171896335385640e-06
7.607209612000000561e+03 6.269243837008350306e-01 5.352537448682093078e-06
7.612209612000000561e+03 6.258466577184369495e-01 6.346496734557649584e-06
7.617209612000000561e+03 6.246140004277229707e-01 7.799533873068374175e-06
7.622209612000000561e+03 6.235577904981840502e-01 1.424647868704069334e-05
7.627209612000000561e+03 6.224205972542730114e-01 1.342230963474159790e-05
7.632209612000000561e+03 6.213521833249709969e-01 1.720776315597709918e-05
7.637209612000000561e+03 6.202710437192640036e-01 1.854102791820900863e-05
7.642209612000000561e+03 6.192223722964259602e-01 1.568635937549811888e-05
7.647209612000000561e+03 6.180989617826789795e-01 2.355450439182035893e-05
7.652209612000000561e+03 6.171667990295699457e-01 4.036040098206341675e-05
7.657209612000000561e+03 6.162922442056040229e-01 4.535130958583888464e-05
7.662209612000000561e+03 6.154339850372609888e-01 5.214309191707265249e-05
7.667209612000000561e+03 6.146600004903880476e-01 6.451721321124358817e-05
7.672209612000000561e+03 6.139849728725640388e-01 9.035427596267917700e-05
7.677209612000000561e+03 6.135935742852319796e-01 1.043434733863242539e-04
7.679140000000000327e+03 6.133894590562799509e-01 1.199534405957673576e-04
7.680140000000000327e+03 6.134095071233910401e-01 1.588260288701182511e-04
7.681140000000000327e+03 6.133789548475939712e-01 1.758411063429961892e-04
7.682140000000000327e+03 6.134493935477599580e-01 1.676997381342189980e-04
7.683140000000000327e+03 6.133947303798069628e-01 1.568708453306547936e-04
7.684140000000000327e+03 6.134330990077370149e-01 1.791293055170045841e-04
7.685140000000000327e+03 6.134443548990069495e-01 1.664593383930875175e-04
7.686140000000000327e+03 6.134452010610430550e-01 1.834824601509200286e-04
7.686340000000000146e+03 6.134818648048500078e-01 3.552758902876645562e-04
7.686539999999999964e+03 6.135594585831880554e-01 -8.427531349511781008e-06
7.686740000000000691e+03 6.133806987335409522e-01 -2.874989077402499552e-04
7.686940000000000509e+03 6.132929969574359985e-01 3.249600446087891076e-04
7.687140000000000327e+03 6.134770000088479724e-01 6.065310792201714356e-04
7.687340000000000146e+03 6.135560743488860380e-01 1.219285352878311660e-04
7.687539999999999964e+03 6.134530445729989845e-01 1.573105839879887957e-04
7.687740000000000691e+03 6.135530759005749513e-01 4.209331783919444624e-04
7.687940000000000509e+03 6.136061912781940464e-01 2.956044979883162035e-04
7.688140000000000327e+03 6.136319897196069739e-01 2.613437475566948048e-04
7.688340000000000146e+03 6.136648122609940081e-01 -1.984556003731854281e-05
7.688539999999999964e+03 6.135240606853350487e-01 -4.006553417646708767e-05
7.688740000000000691e+03 6.135449068216910495e-01 3.230549730644862198e-04
7.688940000000000509e+03 6.136192335759930172e-01 3.257909855792132494e-04
7.689140000000000327e+03 6.136417002680339960e-01 2.930046428396445007e-04
7.689340000000000146e+03 6.136966074861179843e-01 3.800313134886806193e-04
7.689539999999999964e+03 6.137706205673379989e-01 2.253788466182755218e-04
7.689740000000000691e+03 6.137339262547030216e-01 -4.902752694211233686e-05
7.689940000000000509e+03 6.136454068890380142e-01 1.064332175217524030e-04
7.690140000000000327e+03 6.137007928545119562e-01 6.753995817417974504e-04
7.690340000000000146e+03 6.139492754839970257e-01 3.461757774141423910e-04
7.690539999999999964e+03 6.138096603283389463e-01 -9.368489384164981808e-05
7.690740000000000691e+03 6.137976109947359538e-01 1.871415751474064424e-04
7.690940000000000509e+03 6.138243309447920515e-01 6.176432012916099759e-04
7.691140000000000327e+03 6.140672701589300342e-01 8.129313916001278941e-04
7.691340000000000146e+03 6.142096604085010014e-01 2.465631049124051969e-04
7.691539999999999964e+03 6.141171364835039670e-01 -8.639831987912036570e-05
7.691740000000000691e+03 6.140623117982050294e-01 1.464818029175016326e-05
7.691940000000000509e+03 6.140296382866979874e-01 6.561083972349804512e-04
7.692140000000000327e+03 6.143547541154850133e-01 3.178857606420686555e-04
7.692340000000000146e+03 6.141217494236049790e-01 1.640089767776515661e-04
7.692539999999999964e+03 6.143557231631040505e-01 1.004044501226266381e-03
7.692740000000000691e+03 6.146202762629310312e-01 4.928284728609467471e-04
7.692940000000000509e+03 6.145514538577959707e-01 -3.634316227806357069e-04
7.693140000000000327e+03 6.143088392606459447e-01 4.932985683447626158e-04
7.693340000000000146e+03 6.147474629927009993e-01 8.538905173063863650e-04
7.693539999999999964e+03 6.147184290461430445e-01 -5.462928762269834472e-05
7.693740000000000691e+03 6.146189313598710013e-01 1.920557696064596732e-04
7.693940000000000509e+03 6.147360103677650400e-01 6.922424803317946606e-04
7.694140000000000327e+03 6.149327760989149461e-01 6.116931623005573927e-04
7.694340000000000146e+03 6.150021452902160179e-01 7.596206332091695276e-05
7.694539999999999964e+03 6.148815944617700424e-01 3.754317262124962432e-04
7.694740000000000691e+03 6.151283412279650031e-01 1.144358358194132175e-03
7.694940000000000509e+03 6.154632299920820282e-01 8.053121158891669460e-04
7.695140000000000327e+03 6.155091577515819923e-01 5.407730279312628063e-04
7.695340000000000146e+03 6.156873585178780361e-01 3.607998073332194006e-04
7.695539999999999964e+03 6.156266871210319680e-01 2.794387190091490031e-04
7.695740000000000691e+03 6.157566972546000272e-01 4.612591425237856299e-04
7.695940000000000509e+03 6.158037191228340479e-01 5.846957577768861465e-04
7.696140000000000327e+03 6.160068414616759469e-01 8.506431718924328984e-04
7.696340000000000146e+03 6.162113854872780516e-01 7.529430870303927166e-04
7.696539999999999964e+03 6.163566395133419640e-01 3.189155101241788115e-04
7.696740000000000691e+03 6.163041065506269511e-01 7.662241186870702913e-04
7.696940000000000509e+03 6.167143039951660244e-01 7.156293435469136431e-04
7.697140000000000327e+03 6.166318034610109855e-01 3.462802306173886008e-04
7.697340000000000146e+03 6.168232333372160037e-01 7.593505871354830263e-04
7.697539999999999964e+03 6.169853967112249871e-01 8.615428982081855354e-04
7.697740000000000691e+03 6.172373556711979736e-01 7.858643252504592114e-04
7.697940000000000509e+03 6.173546941984660030e-01 5.253666795607697280e-04
7.698140000000000327e+03 6.174523589297280513e-01 7.890577976345474051e-04
7.698340000000000146e+03 6.177258831974590247e-01 9.508177957763949348e-04
7.698539999999999964e+03 6.179193592904069776e-01 8.866448991047118150e-04
7.698740000000000691e+03 6.181548735885290524e-01 8.262075571813681275e-04
7.698940000000000509e+03 6.183125523020700509e-01 1.144461417305138624e-03
7.699140000000000327e+03 6.187365701613339874e-01 1.631676246691087136e-03
7.699340000000000146e+03 6.191828289736209801e-01 1.204710626167424014e-03
7.699539999999999964e+03 6.193539526812700258e-01 7.519697784071791100e-04
7.699740000000000691e+03 6.195320505290859980e-01 6.760119067973824249e-04
7.699940000000000509e+03 6.196581839598229724e-01 1.146099627039500217e-03
7.700140000000000327e+03 6.201147174227810144e-01 1.302038586247604652e-03
7.700340000000000146e+03 6.203332143809240362e-01 9.691925953893472129e-04
7.700539999999999964e+03 6.205926012811839865e-01 8.887169491234304637e-04
7.700740000000000691e+03 6.207634320589380250e-01 1.009721174326739341e-03
7.700940000000000509e+03 6.210944904460899973e-01 9.826711345321688905e-04
7.701140000000000327e+03 6.212492993322989987e-01 1.220917016413352848e-03
7.701340000000000146e+03 6.217214721026189661e-01 1.834906158139467530e-03
7.701539999999999964e+03 6.222399502297080165e-01 1.405526068387054741e-03
7.701740000000000691e+03 6.224577987446360261e-01 1.499868304922041297e-03
7.701940000000000509e+03 6.230321563119499695e-01 1.732104816614513142e-03
7.702140000000000327e+03 6.233875598260969486e-01 1.457462787326427008e-03
7.702340000000000146e+03 6.237992453663060433e-01 1.904615449654898729e-03
7.702539999999999964e+03 6.244194999310910266e-01 2.231406902664804463e-03
7.702740000000000691e+03 6.250247458969939718e-01 2.304086547071896793e-03
7.702940000000000509e+03 6.256880490261800265e-01 2.173754243380023130e-03
7.703140000000000327e+03 6.262160984315470191e-01 2.282579393322897113e-03
7.703340000000000146e+03 6.269438593124729842e-01 2.910650212501689725e-03
7.703539999999999964e+03 6.278439186159100460e-01 2.840415676587891829e-03
7.703740000000000691e+03 6.285300791840270351e-01 2.449619349544661547e-03
7.703940000000000509e+03 6.291986676129219802e-01 2.658328979512857276e-03
7.704140000000000327e+03 6.300084480751619864e-01 3.152800396733617186e-03
7.704340000000000146e+03 6.309699147208149839e-01 3.690100921358522006e-03
7.704539999999999964e+03 6.320979413223359877e-01 3.713864346687102084e-03
7.704740000000000691e+03 6.330734831792029782e-01 3.936579899943809524e-03
7.704940000000000509e+03 6.343334254624209967e-01 4.851889973223236230e-03
7.705140000000000327e+03 6.358511106519539879e-01 5.298201066175099033e-03
7.705340000000000146e+03 6.373754055195089974e-01 5.377253377883407098e-03
7.705539999999999964e+03 6.389399138403240030e-01 5.972808606590310557e-03
7.705740000000000691e+03 6.408169594378380074e-01 6.815668049376432183e-03
7.705940000000000509e+03 6.428806981731609582e-01 7.636467838931157263e-03
7.706140000000000327e+03 6.452439081278119604e-01 8.935667377373739464e-03
7.706340000000000146e+03 6.480771700969969462e-01 1.023045929737372191e-02
7.706539999999999964e+03 6.512072926281800012e-01 1.184590688053747606e-02
7.706740000000000691e+03 6.549973933365790257e-01 1.417834499355032779e-02
7.706940000000000509e+03 6.595090321525229893e-01 1.703541310795069971e-02
7.707140000000000327e+03 6.649913904623739880e-01 2.068466042832035195e-02
7.707340000000000146e+03 6.716644991034219636e-01 2.561827572807488448e-02
7.707539999999999964e+03 6.800690656559329472e-01 3.232767393558011459e-02
7.707740000000000691e+03 6.907161887983650495e-01 4.135176166220177335e-02
7.707940000000000509e+03 7.044657735444499469e-01 5.146595182946792080e-02
7.708140000000000327e+03 7.211035887207369877e-01 6.226259875679704403e-02
7.708340000000000146e+03 7.412480884991520247e-01 7.332396424683755576e-02
7.708539999999999964e+03 7.644376130095009714e-01 8.214826714156893417e-02
7.708740000000000691e+03 7.898087972958349745e-01 8.805326833796633945e-02
7.708940000000000509e+03 8.164958874088219520e-01 9.071360714221897437e-02
7.709140000000000327e+03 8.434428054135629793e-01 9.058615595363538053e-02
7.709340000000000146e+03 8.700544054667890270e-01 8.969199560861386422e-02
7.709539999999999964e+03 8.964717072425120170e-01 8.756498225505777999e-02
7.709740000000000691e+03 9.218234652578439769e-01 8.484767547781170427e-02
7.709940000000000509e+03 9.466312908624680000e-01 8.282624500356179642e-02
7.710140000000000327e+03 9.707857441761800210e-01 7.993706172543627031e-02
7.710340000000000146e+03 9.938822901862409687e-01 7.638697050669164545e-02
7.710539999999999964e+03 1.015934004394589918e+00 7.217254261046322783e-02
7.710740000000000691e+03 1.036534320928349961e+00 6.704772655200237630e-02
7.710940000000000509e+03 1.055550577603370010e+00 6.150540828498739232e-02
7.711140000000000327e+03 1.072868147684530093e+00 5.587252152846224756e-02
7.711340000000000146e+03 1.088548013678519943e+00 5.017164715666486141e-02
7.711539999999999964e+03 1.102488923629640016e+00 4.395035808549884598e-02
7.711740000000000691e+03 1.114483884924160062e+00 3.770308933970489135e-02
7.711940000000000509e+03 1.124724502267540061e+00 3.190785491770682658e-02
7.712140000000000327e+03 1.133286913440610055e+00 2.631455277551728728e-02
7.712340000000000146e+03 1.140214586293889942e+00 2.131665283232743457e-02
7.712539999999999964e+03 1.145816713066450054e+00 1.691738444630784544e-02
7.712740000000000691e+03 1.150138674375940084e+00 1.318253726698795543e-02
7.712940000000000509e+03 1.153528630042850001e+00 1.056540276284257361e-02
7.713140000000000327e+03 1.156300447785080010e+00 8.762200382820054673e-03
7.713340000000000146e+03 1.158622356484819926e+00 7.815811736819503613e-03
7.713539999999999964e+03 1.160833622880000027e+00 8.340925689125644471e-03
7.713740000000000691e+03 1.163466559543330003e+00 1.009294355161724326e-02
7.713940000000000509e+03 1.166715556026489908e+00 1.342700794464316005e-02
7.714140000000000327e+03 1.171323277884620095e+00 1.754354588068260043e-02
7.714340000000000146e+03 1.177010523067169911e+00 2.175751366050687752e-02
7.714539999999999964e+03 1.184114201872149996e+00 2.671259692046490386e-02
7.714740000000000691e+03 1.192736370891630093e+00 3.164903231799894023e-02
7.714940000000000509e+03 1.202763928299140028e+00 3.596321520367314062e-02
7.715140000000000327e+03 1.213941412239359918e+00 3.984433481921541287e-02
7.715340000000000146e+03 1.226267778743689973e+00 4.298900099954993531e-02
7.715539999999999964e+03 1.239307866246259993e+00 4.569729196028393670e-02
7.715740000000000691e+03 1.253238368802640057e+00 4.750235068717357373e-02
7.715940000000000509e+03 1.267347602797129991e+00 4.823291041315196093e-02
7.716140000000000327e+03 1.281710820010609986e+00 4.843691595613159456e-02
7.716340000000000146e+03 1.295940887641900074e+00 4.818232406470789736e-02
7.716539999999999964e+03 1.310153308638319913e+00 4.868449025388721374e-02
7.716740000000000691e+03 1.324680812143379960e+00 4.794595147446937405e-02
7.716940000000000509e+03 1.338455792444160020e+00 4.749879977092340277e-02
7.717140000000000327e+03 1.352718445466410069e+00 4.764473271912334634e-02
7.717340000000000146e+03 1.366579862677689938e+00 4.725512849876596644e-02
7.717539999999999964e+03 1.380611750916930003e+00 4.748835071331380248e-02
7.717740000000000691e+03 1.394611306964870012e+00 4.860845991579406528e-02
7.717940000000000509e+03 1.409306642219189998e+00 4.966654997320928133e-02
7.718140000000000327e+03 1.423932910991789980e+00 5.049274747380384787e-02
7.718340000000000146e+03 1.439117607698030099e+00 5.109713453894949159e-02
7.718539999999999964e+03 1.454101858347250031e+00 5.142790581691875779e-02
7.718740000000000691e+03 1.469482472752080104e+00 5.279056143341135515e-02
7.718940000000000509e+03 1.485273832029049945e+00 5.444245205022302247e-02
7.719140000000000327e+03 1.501632870587930046e+00 5.533062632152233040e-02
7.719340000000000146e+03 1.517950300508599915e+00 5.607429614940200036e-02
7.719539999999999964e+03 1.534749818912140018e+00 5.694644593035150248e-02
7.719740000000000691e+03 1.551583828080330019e+00 5.806276308904417816e-02
7.719940000000000509e+03 1.569044547449969906e+00 5.952707235159034049e-02
7.720140000000000327e+03 1.586745875275259898e+00 5.977245182558761638e-02
7.720340000000000146e+03 1.604351934295020099e+00 6.109571182611217566e-02
7.720539999999999964e+03 1.622837036501930008e+00 6.273416862878512801e-02
7.720740000000000691e+03 1.641413562751810051e+00 6.333455751213071250e-02
7.720940000000000509e+03 1.660254278689649921e+00 6.458765232728304329e-02
7.721140000000000327e+03 1.679573020084969892e+00 6.670313464698555961e-02
7.721340000000000146e+03 1.699666748164259999e+00 6.816823231938061445e-02
7.721539999999999964e+03 1.719853275196369990e+00 6.902713611181407471e-02
7.721740000000000691e+03 1.740455736849289892e+00 7.027386541533553466e-02
7.721940000000000509e+03 1.761380708698389919e+00 7.158729763815141478e-02
7.722140000000000327e+03 1.782761123684519999e+00 7.188776008578411092e-02
7.722340000000000146e+03 1.803864061140530106e+00 7.124601385793917496e-02
7.722539999999999964e+03 1.824864366206699895e+00 7.115525500638493483e-02
7.722740000000000691e+03 1.845913546681769990e+00 6.894096986578644726e-02
7.722940000000000509e+03 1.865602318136919902e+00 6.625828042529482986e-02
7.723140000000000327e+03 1.885062526485129952e+00 6.502183203313195714e-02
7.723340000000000146e+03 1.904018942565230077e+00 6.266183611784446883e-02
7.723539999999999964e+03 1.922081311986550078e+00 5.864294040965271904e-02
7.723740000000000691e+03 1.938657313411080052e+00 5.290159794250320208e-02
7.723940000000000509e+03 1.953319053220619939e+00 4.790822619432171664e-02
7.724140000000000327e+03 1.966937452320079993e+00 4.286493236980755406e-02
7.724340000000000146e+03 1.978612020676489891e+00 3.743383334198232409e-02
7.724539999999999964e+03 1.989013549107780054e+00 3.230162296661293758e-02
7.724740000000000691e+03 1.997648280235190033e+00 2.720410703109723757e-02
7.724940000000000509e+03 2.005030521150359846e+00 2.260593067544255236e-02
7.725140000000000327e+03 2.010941726418640219e+00 1.857622904107927159e-02
7.725340000000000146e+03 2.015937152266980004e+00 1.515331309488267449e-02
7.725539999999999964e+03 2.019820945063029782e+00 1.223539028034871870e-02
7.725740000000000691e+03 2.023088068726880184e+00 9.330307856081670320e-03
7.725940000000000509e+03 2.025251164774190205e+00 6.217143889305324321e-03
7.726140000000000327e+03 2.026674343814919954e+00 3.055933112335322294e-03
7.726340000000000146e+03 2.026965036841729795e+00 2.248101785092373236e-03
7.726539999999999964e+03 2.027909732818879984e+00 1.271895582723655670e-03
7.726740000000000691e+03 2.027622213391380157e+00 -1.691562442294093898e-03
7.726940000000000509e+03 2.026811636421339990e+00 -3.205944425983404868e-03
7.727140000000000327e+03 2.025627139980759939e+00 -3.823276040134806521e-03
7.727340000000000146e+03 2.024450914004519930e+00 -4.020764440830264241e-03
7.727539999999999964e+03 2.023149444067370073e+00 -4.502890063763883774e-03
7.727740000000000691e+03 2.021687652358139964e+00 -5.603460012806443617e-03
7.727940000000000509e+03 2.019734308616219831e+00 -5.934246702103253800e-03
7.728140000000000327e+03 2.018076590080259969e+00 -4.993161525134282713e-03
7.728340000000000146e+03 2.016680656410689831e+00 -5.021536179153200143e-03
7.728539999999999964e+03 2.015006131406690049e+00 -4.762922118507925857e-03
7.728740000000000691e+03 2.013763376307749819e+00 -3.220843870649406013e-03
7.728940000000000509e+03 2.013002232970729999e+00 -1.799705076808959985e-03
7.729140000000000327e+03 2.012601226416220079e+00 -1.407577728981427440e-03
7.729340000000000146e+03 2.012072342324879859e+00 3.181670169350010952e-04
7.729539999999999964e+03 2.012693504142820000e+00 2.835074915349973697e-03
7.729740000000000691e+03 2.013655398833349874e+00 4.554879354465472124e-03
7.729940000000000509e+03 2.015295210546430127e+00 7.470006130188133232e-03
7.730140000000000327e+03 2.017983751311859919e+00 1.067591727886063081e-02
7.730340000000000146e+03 2.021522442328389957e+00 1.158792666926838043e-02
7.730539999999999964e+03 2.024751171413360140e+00 1.342682254545452154e-02
7.730740000000000691e+03 2.029379050856709998e+00 1.631010339542266971e-02
7.730940000000000509e+03 2.034315563494669910e+00 1.884867329188348942e-02
7.731140000000000327e+03 2.040447052243810067e+00 2.089130771735988115e-02
7.731340000000000146e+03 2.046593428803499926e+00 2.190055655286370431e-02
7.731539999999999964e+03 2.053322701345420054e+00 2.348544190559647207e-02
7.731740000000000691e+03 2.060407814462419829e+00 2.274896881013599090e-02
7.731940000000000509e+03 2.066700869824989795e+00 2.260385095496504973e-02
7.732140000000000327e+03 2.073700028815669949e+00 2.295830114027819918e-02
7.732340000000000146e+03 2.080203027027490048e+00 2.050710080998169316e-02
7.732539999999999964e+03 2.085750326200490168e+00 1.928030308365947729e-02
7.732740000000000691e+03 2.091526685181240186e+00 1.809118326155852857e-02
7.732940000000000509e+03 2.096369661958890074e+00 1.530992285858239453e-02
7.733140000000000327e+03 2.100498664674330218e+00 1.165544558256631329e-02
7.733340000000000146e+03 2.103177073894570093e+00 9.244345796711265703e-03
7.733539999999999964e+03 2.105877968571579828e+00 4.831153951847592422e-03
7.733740000000000691e+03 2.105942419304600133e+00 2.897366725475514150e-04
7.733940000000000509e+03 2.105953406844419895e+00 -1.793992716223568847e-03
7.734140000000000327e+03 2.104783652876550004e+00 -3.846250505226856721e-03
7.734340000000000146e+03 2.103579076522000157e+00 -6.097285264931023331e-03
7.734539999999999964e+03 2.101076021935889937e+00 -9.347600806921001551e-03
7.734740000000000691e+03 2.097946265304599933e+00 -1.188786676933327978e-02
7.734940000000000509e+03 2.093938596823219811e+00 -1.428233215057383987e-02
7.735140000000000327e+03 2.089390584805439932e+00 -1.524357226004134647e-02
7.735340000000000146e+03 2.084813568371210124e+00 -1.542632542736081802e-02
7.735539999999999964e+03 2.080157310618920175e+00 -1.584554296019366829e-02
7.735740000000000691e+03 2.075331989269209920e+00 -1.627875154407820366e-02
7.735940000000000509e+03 2.070419139622800220e+00 -1.583522626681929321e-02
7.736140000000000327e+03 2.065856520803059926e+00 -1.405129491318297778e-02
7.736340000000000146e+03 2.062000303785910038e+00 -1.271321400495147198e-02
7.736539999999999964e+03 2.058230237855239952e+00 -1.366911255146036411e-02
7.736740000000000691e+03 2.053807836723169800e+00 -1.293389776343507186e-02
7.736940000000000509e+03 2.050473242669240026e+00 -1.119698797792381337e-02
7.737140000000000327e+03 2.047079623025730211e+00 -1.008783563785338629e-02
7.737340000000000146e+03 2.044401986175309993e+00 -8.323118746193035322e-03
7.737539999999999964e+03 2.042053618326570064e+00 -7.644591621021164241e-03
7.737740000000000691e+03 2.039777876929589784e+00 -7.044504047426618232e-03
7.737940000000000509e+03 2.037784944344310123e+00 -6.428864655121675938e-03
7.738140000000000327e+03 2.035873849640970068e+00 -5.556785684292023068e-03
7.738340000000000146e+03 2.034397454361899893e+00 -5.279789332057555074e-03
7.738539999999999964e+03 2.032650426164460011e+00 -6.242529043907295468e-03
7.738740000000000691e+03 2.030603794709560095e+00 -5.780456557864129680e-03
7.738940000000000509e+03 2.029130454658719884e+00 -5.276975232841121972e-03
7.739140000000000327e+03 2.027382038039930112e+00 -6.197187729460958486e-03
7.739340000000000146e+03 2.025363650923349912e+00 -7.710813604123807792e-03
7.739539999999999964e+03 2.022718705139129991e+00 -7.785956895222581955e-03
7.739740000000000691e+03 2.020655810226270166e+00 -6.812501210172882023e-03
7.739940000000000509e+03 2.018587447749399910e+00 -8.774095242823562457e-03
7.740140000000000327e+03 2.015362689597790080e+00 -9.390521301768586446e-03
7.740340000000000146e+03 2.012929214480189799e+00 -7.633041087780071537e-03
7.740539999999999964e+03 2.010745421798239896e+00 -7.432045339767065148e-03
7.740740000000000691e+03 2.008430997598849910e+00 -8.059527390785577866e-03
7.740940000000000509e+03 2.005875543749540135e+00 -8.000206148501057962e-03
7.741140000000000327e+03 2.003596255857440056e+00 -8.133837529401180544e-03
7.741340000000000146e+03 2.000961651385510187e+00 -8.440837385036053034e-03
7.741539999999999964e+03 1.998500525742769929e+00 -7.691534096625539038e-03
7.741740000000000691e+03 1.996309737846019949e+00 -6.075915006590919092e-03
7.741940000000000509e+03 1.994805552526969894e+00 -4.993337901755368763e-03
7.742140000000000327e+03 1.993255981171619950e+00 -4.382910580334694640e-03
7.742840000000000146e+03 1.988748109007349996e+00 -3.810855574007596374e-03
7.743539999999999964e+03 1.985019201205890038e+00 -2.799752666588117573e-03
7.744240000000000691e+03 1.982607415936830098e+00 -1.763190652154113030e-03
7.744940000000000509e+03 1.981027373536299985e+00 -8.226742269046052576e-04
7.745640000000000327e+03 1.980565344458460109e+00 6.347080146352514479e-04
7.746340000000000146e+03 1.982006557160050031e+00 2.303184697061981274e-03
7.747039999999999964e+03 1.985003396693250100e+00 4.428417371731848025e-03
7.747740000000000691e+03 1.990850365056280102e+00 6.941083702261452784e-03
7.748440000000000509e+03 1.999056137259759947e+00 1.052755383191447507e-02
7.750133695000000444e+03 2.027589725108660090e+00 1.268614154085461951e-02
7.751139583000000130e+03 2.049119222218979797e+00 1.535189288801109414e-02
7.752157662000000528e+03 2.073112986078600173e+00 1.667105128927609883e-02
7.753187933000000157e+03 2.099192077957110047e+00 1.719553558135158283e-02
7.754230395999999928e+03 2.125391682902010082e+00 1.653008496511865905e-02
7.755285051000000749e+03 2.150019341874750189e+00 1.434661954606505745e-02
7.756351897999999892e+03 2.169950700509749808e+00 1.027529357637205903e-02
7.757430937000000085e+03 2.182153663364209795e+00 4.977647179947116210e-03
7.758522167000000081e+03 2.185425337969360005e+00 -5.174375258157358276e-04
7.759625590000000557e+03 2.179944440229800051e+00 -5.699063320138720960e-03
7.760741203999999925e+03 2.166165418075390203e+00 -1.049221479013917775e-02
7.761869011000000683e+03 2.144550141052520065e+00 -1.455400514618640506e-02
7.763009009000000333e+03 2.116746579713689957e+00 -1.669592594132992755e-02
7.764161199000000124e+03 2.087329875225509834e+00 -1.677707391494803052e-02
7.765325582000000395e+03 2.058639225373750214e+00 -1.591764374643810445e-02
7.766502156000000468e+03 2.031590022262370177e+00 -1.480201243916705149e-02
7.767690922000000683e+03 2.006226306350559874e+00 -1.322619873570657877e-02
7.768891879000000699e+03 1.984213006813400071e+00 -1.070283653246131318e-02
7.770105029000000286e+03 1.967386191461949929e+00 -7.562527516519134199e-03
7.771330371000000014e+03 1.956319692960329926e+00 -4.578714995609477895e-03
7.772567904000000453e+03 1.950095742645969965e+00 -2.495129653121902491e-03
7.773817630000000463e+03 1.946531994253700049e+00 -1.832889750884953046e-03
7.775079547000000275e+03 1.942675059736080012e+00 -2.245624801065248741e-03
7.776353657000000567e+03 1.937489341958140043e+00 -2.717163644952728680e-03
7.777639958000000661e+03 1.931757686212119962e+00 -2.393367992231679175e-03
7.778938450999999986e+03 1.927707319638449990e+00 -1.144267139693437400e-03
7.780249136000000362e+03 1.926709381465699922e+00 7.314119126102982659e-04
7.781572012999999970e+03 1.929926391999869928e+00 2.779321455780227323e-03
7.782907082000000628e+03 1.937009144280890105e+00 4.166902874484011352e-03
7.784254342000000179e+03 1.945831970881900075e+00 4.497468607805165698e-03
7.785613795000000209e+03 1.954384223166969914e+00 4.259144195106110385e-03
7.786985440000000381e+03 1.962399772670960107e+00 4.450319207301515687e-03
7.788369276000000355e+03 1.971879976436959891e+00 5.347247800566459763e-03
7.789765304999999898e+03 1.983742399669010004e+00 6.219162722517400377e-03
7.791173525000000154e+03 1.997030380326709986e+00 6.326608229280959728e-03
7.792593937000000551e+03 2.009561526275160048e+00 5.908061873630130953e-03
7.794026541000000179e+03 2.021303869428769939e+00 5.754083808458208479e-03
7.795471336999999949e+03 2.033386412543150001e+00 6.277866798270256322e-03
7.796928325000000768e+03 2.047581276301929876e+00 7.512015674449801922e-03
7.798397504999999910e+03 2.065232154701190037e+00 9.011621891039451465e-03
7.799878877000000102e+03 2.086244278579210132e+00 1.008836533740551863e-02
7.801372440000000097e+03 2.108957908819789839e+00 1.025749049464988981e-02
7.802878196000000571e+03 2.131079562894239832e+00 9.220392237463587853e-03
7.804396142999999938e+03 2.149514202700100185e+00 6.967133472202374778e-03
7.805926283000000694e+03 2.161792835501759935e+00 3.743575435906039417e-03
7.807468614000000343e+03 2.165807259128619933e+00 2.442607849207762053e-06
7.809023137000000133e+03 2.161059441430030148e+00 -3.457221407665986377e-03
7.810589852000000064e+03 2.149078155473380214e+00 -5.855109320386398669e-03
7.812168759000000136e+03 2.133030464997660136e+00 -7.127611543002941065e-03
7.813759858000000349e+03 2.114858740956540029e+00 -7.927890420106220581e-03
7.815363149000000703e+03 2.094762401705339894e+00 -8.741556356934550645e-03
7.816978632000000289e+03 2.072420431617640002e+00 -9.408949201409111396e-03
7.818606307000000015e+03 2.048797543211239969e+00 -9.002204069047408178e-03
7.820246173000000454e+03 2.028078015070410078e+00 -7.885386910849362385e-03
7.821898232000000462e+03 2.009568218971530040e+00 -7.402979717838670086e-03
7.823562482000000273e+03 1.990927053971039973e+00 -8.138196917135614300e-03
7.825238924000000225e+03 1.968507151779470110e+00 -9.252205481576607909e-03
7.826927558000000317e+03 1.944015303197810018e+00 -9.572789158460073139e-03
7.828628384999999980e+03 1.919646448323659937e+00 -8.758957309149289008e-03
7.830341403000000355e+03 1.898917093475080087e+00 -6.857746585598126915e-03
7.832066612999999961e+03 1.883905582773309995e+00 -4.294263920334742864e-03
7.833804014000000279e+03 1.876066533995200070e+00 -1.596148818500028963e-03
7.835553608000000168e+03 1.874825601494980010e+00 7.866536174658372545e-04
7.837315394000000197e+03 1.879312497467130028e+00 2.651467897871096283e-03
7.839089371000000028e+03 1.887857584466970051e+00 3.913388911629350417e-03
7.840875541000000339e+03 1.899086871039840085e+00 4.689892723377889899e-03
7.842673902000000453e+03 1.911888957637770003e+00 4.995095062096977477e-03
7.844484455000000708e+03 1.924912698618890028e+00 4.759811417248880488e-03
7.846307201000000532e+03 1.936623447384530072e+00 3.948546857547072242e-03
7.848142138000000159e+03 1.945419244485429910e+00 2.521133351116487935e-03
7.849989266999999927e+03 1.949484049172949929e+00 7.851676741413937764e-04
7.851848588000000746e+03 1.948837377679599969e+00 -4.582401978763988638e-04
7.853720100000000457e+03 1.946055482130270020e+00 -5.789297903285119985e-04
7.855603805000000648e+03 1.944715296767479895e+00 6.926400250395984420e-04
7.857499702000000070e+03 1.949023227576829997e+00 3.285582410720411673e-03
7.859407790000000205e+03 1.962307725476930109e+00 6.398842564494928303e-03
7.861328070999999909e+03 1.984377222221539894e+00 8.958262343860098204e-03
7.863260543000000325e+03 2.012488437163160171e+00 1.006104790676860469e-02
7.865205206999999973e+03 2.041206742250639916e+00 9.550977232024800839e-03
7.867162064000000100e+03 2.066728586021440162e+00 7.879607761139065247e-03
7.869131112000000030e+03 2.086069647115719849e+00 5.801918182427656841e-03
7.871112352000000101e+03 2.099716794779829865e+00 4.146067112341092833e-03
7.873105784000000313e+03 2.109515885491989984e+00 2.747061187417827646e-03
7.875111407000000327e+03 2.115022432765159888e+00 1.007908818794859889e-03
7.877129222999999911e+03 2.114553389004509842e+00 -1.242598664762819367e-03
7.879159231000000545e+03 2.106601212076300023e+00 -3.863196818556605475e-03
7.881201430000000073e+03 2.090279291708259990e+00 -6.467940048406374542e-03
7.883255822000000080e+03 2.066381169781810190e+00 -8.843235509381061274e-03
7.885322404999999890e+03 2.035325340072310141e+00 -1.097159545860971162e-02
7.887401180000000750e+03 1.998037559920839978e+00 -1.255395843231650078e-02
7.889492148000000270e+03 1.956809548775150009e+00 -1.327636615930278055e-02
7.891595307000000503e+03 1.914576098175869934e+00 -1.272253568745258280e-02
7.893710657999999967e+03 1.876322442586839889e+00 -1.068246235835257352e-02
7.895838201000000481e+03 1.846440977472389999e+00 -7.392969175489085172e-03
7.897977934999999889e+03 1.828581514658399909e+00 -3.491039423191508780e-03
7.900129862000000685e+03 1.823223769654910065e+00 3.361748501534755689e-04
7.902293981000000713e+03 1.829692290833240031e+00 3.334823042381082365e-03
7.904470291000000543e+03 1.843613587577539903e+00 4.962212321949511021e-03
7.906658793999999943e+03 1.860714893953530069e+00 5.477445625300510212e-03
7.908859488000000056e+03 1.878158187834990001e+00 5.203493145668808620e-03
7.911072374000000309e+03 1.893660988938020040e+00 4.482333036965861599e-03
7.913297453000000132e+03 1.906547148846780004e+00 3.516207658654160219e-03
7.915534723000000668e+03 1.915822077051229977e+00 2.363239416028390175e-03
7.917784185000000434e+03 1.921169247741260078e+00 1.229374996196962036e-03
7.920045838000000003e+03 1.922949541376409943e+00 3.423280645955428694e-04
7.922319684000000052e+03 1.922377827282240048e+00 -3.036025027588502693e-04
7.924605722000000242e+03 1.919803222828259992e+00 -7.701186716429998715e-04
7.926903952000000572e+03 1.916047869555359995e+00 -1.147683253684962179e-03
7.929214373000000705e+03 1.910862973588759894e+00 -1.595645118291022079e-03
7.931536987000000408e+03 1.903987106233880011e+00 -1.924381650814934027e-03
7.933871791999999914e+03 1.896471589265730007e+00 -1.645503922292358137e-03
7.936218789000000470e+03 1.891453738803910101e+00 -3.896137863845664851e-04
7.938577978000000257e+03 1.892624931124909926e+00 1.498554661756617851e-03
7.940949359000000186e+03 1.900813502735700045e+00 3.360967598285479613e-03
7.943332932000000255e+03 1.915146125482040107e+00 4.492866028010767190e-03
7.945728697000000466e+03 1.931460715638960046e+00 4.547395279578815910e-03
7.948136653999999908e+03 1.946337575637089978e+00 3.977815368687269079e-03
7.950556803000000400e+03 1.958738405781480063e+00 3.294827274585814328e-03
7.952989143000000695e+03 1.968845487153509932e+00 2.481721605416872985e-03
7.955433676000000560e+03 1.975487579191969933e+00 1.370641216159802214e-03
7.957890400000000227e+03 1.977614621925910088e+00 -4.287031144584560916e-05
7.960359317000000374e+03 1.973990594082920103e+00 -1.670100156211205313e-03
7.962840425000000323e+03 1.964182925058439944e+00 -3.305241909169899951e-03
7.965333725000000413e+03 1.948448403435669940e+00 -4.694670264570231788e-03
7.967839217000000644e+03 1.928230936359569991e+00 -5.494561617980821266e-03
7.970356901000000107e+03 1.906371338732810061e+00 -5.603868181467083244e-03
7.972886777000000620e+03 1.885132632862200008e+00 -5.117103967363098062e-03
7.975428845000000365e+03 1.866720604811759943e+00 -4.164898849344138634e-03
7.977983105000000251e+03 1.852477050704230077e+00 -3.016983589251522133e-03
7.980549555999999939e+03 1.842612926779459981e+00 -1.901751671063779117e-03
7.983128200000000106e+03 1.836751162166869955e+00 -1.060410034641699577e-03
7.985719035000000076e+03 1.833252793380589996e+00 -6.757726169947648976e-04
7.988322062000000187e+03 1.830305081599540085e+00 -6.174081083299375310e-04
7.990937282000000778e+03 1.827227430842109923e+00 -6.771656584547590049e-04
7.993564693000000261e+03 1.823787659708639985e+00 -6.841020770063504239e-04
7.996204295999999886e+03 1.820625598461369954e+00 -5.432632994134295890e-04
7.998856091000000561e+03 1.818258779515550039e+00 -2.781548630549120086e-04
8.001520078000000467e+03 1.817158019570870087e+00 1.006078341050061414e-04
8.004196256000000176e+03 1.817770370591500040e+00 5.220062667021315057e-04
8.006884627000000364e+03 1.820014814477370013e+00 8.959059288126512569e-04
8.009585190000000694e+03 1.823623773462909936e+00 1.094676435061349949e-03
8.012297943999999916e+03 1.827488015608480065e+00 1.148842074337087446e-03
8.015022891000000527e+03 1.831566776394939922e+00 1.110653687262332838e-03
8.017760029000000031e+03 1.835157766985580086e+00 9.013112796511986999e-04
8.020509359000000586e+03 1.837570033623590060e+00 6.686617715898184868e-04
8.023270881000000372e+03 1.839289221757649972e+00 5.451100751467757551e-04
8.026044595000000299e+03 1.840707092417690038e+00 5.662430106115161343e-04
8.028830501000000368e+03 1.842614076617840047e+00 7.029743496948170304e-04
8.031628599000000577e+03 1.845177105571689902e+00 9.087405828764099020e-04
8.034438889000000017e+03 1.848812436042410079e+00 1.118660137656074961e-03
8.037261371000000509e+03 1.853153312503069916e+00 1.148671575375981649e-03
8.040096043999999893e+03 1.857074573355439906e+00 8.567944756624444602e-04
8.042942910000000666e+03 1.858995494411239902e+00 3.207120997536344045e-04
8.045801967000000332e+03 1.858412401087730093e+00 -3.072395201982233682e-04
8.048673217000000477e+03 1.855010723414699969e+00 -9.198955101961671073e-04
8.051556658000000425e+03 1.849190023787669945e+00 -1.445176440731889842e-03
8.054452291000000514e+03 1.841254207351189942e+00 -1.848053551885829463e-03
8.057360116000000744e+03 1.831913318416620085e+00 -2.062581845378386614e-03
8.060280133000000205e+03 1.822053605494500017e+00 -1.935123011466220082e-03
8.063212342000000717e+03 1.813736908702300088e+00 -1.496225899035640104e-03
8.066156743000000461e+03 1.807620688675980025e+00 -9.767710592118660721e-04
8.069113335000000006e+03 1.803783092775459895e+00 -4.580792908507777235e-04
8.072082120000000032e+03 1.802176787793069890e+00 -1.859401853473162695e-04
8.075063096000000769e+03 1.800714387219759960e+00 -3.636239182440888771e-04
8.078056265000000167e+03 1.797523662164729918e+00 -8.374067307091579608e-04
8.081061625000000276e+03 1.791833937856750048e+00 -1.432322536395917245e-03
8.084079177000000527e+03 1.783301351476529906e+00 -1.742090024456231486e-03
8.087108921000000009e+03 1.774780197725909892e+00 -1.491430499259355398e-03
8.090150857999999971e+03 1.768432455654100011e+00 -9.637037005052101523e-04
8.093204985000000306e+03 1.764615292208429942e+00 -5.088178897421877537e-04
8.096271305000000211e+03 1.762349494702790009e+00 -3.564581661411177715e-04
8.099349817000000257e+03 1.759894423873100022e+00 -3.336887337604882496e-04
8.102440521000000444e+03 1.757817895225090021e+00 -2.150005283377075087e-04
8.105543416000000434e+03 1.756433434161319918e+00 -9.683345298238902482e-05
8.108658503999999994e+03 1.755431287248139904e+00 1.959784240904312901e-05
8.111785783000000265e+03 1.755113696589650107e+00 1.657764896314930581e-04
8.114925255000000107e+03 1.755462870975659895e+00 2.812124627827167472e-04
8.118076918000000660e+03 1.756220768615250005e+00 3.515511061121482251e-04
8.121240773000000445e+03 1.757232026161049898e+00 3.872472216944741535e-04
8.124416820000000371e+03 1.758331865994930077e+00 4.069648290594619802e-04
8.127605059000000438e+03 1.759537061926069956e+00 4.073166787942710237e-04
8.130805490000000646e+03 1.760649061766969892e+00 3.492877389532384347e-04
8.134018112000000656e+03 1.761312045993119968e+00 2.742379812998335296e-04
8.137242927000000236e+03 1.761715396013729951e+00 2.360422624064968959e-04
8.140479933999999957e+03 1.762016946285970054e+00 2.187013949979381585e-04
8.143729132000000391e+03 1.762256405122649916e+00 1.585117853489959191e-04
8.146990523000000394e+03 1.761979722482440058e+00 1.451565038160273604e-05
8.150264105000000200e+03 1.760825626779169983e+00 -2.026504721025671829e-04
8.153549879000000146e+03 1.758434301726359950e+00 -4.433426419973751816e-04
8.156847845000000234e+03 1.754920526339359910e+00 -7.289525239788235966e-04
8.160158003000000463e+03 1.749712617187709984e+00 -9.552660834517505807e-04
8.163480352999999923e+03 1.743943992553040001e+00 -1.000748607049067353e-03
8.166814895000000433e+03 1.738247394576780014e+00 -9.077791963162872794e-04
8.170161629000000175e+03 1.733356556168970108e+00 -7.066969630522747930e-04
8.173520554000000629e+03 1.729617965753889930e+00 -4.963290572291506695e-04
8.176891672000000653e+03 1.726792191613160110e+00 -3.308628947773319443e-04
8.180274981999999909e+03 1.724684761860139970e+00 -2.136015937211270619e-04
8.183670482999999876e+03 1.723018227067250052e+00 -1.849514335739935330e-04
8.187078175999999985e+03 1.721185842161669921e+00 -2.281793723783756783e-04
8.190498061000000234e+03 1.719069730672089902e+00 -3.255983484497349629e-04
8.193930139000000054e+03 1.716234816859530055e+00 -4.744956624010059705e-04
8.197374407999999676e+03 1.712584976831670103e+00 -6.250619883331559818e-04
8.200830867999999100e+03 1.708188529799379962e+00 -6.907590418539526949e-04
8.204299520999999004e+03 1.703836570156040064e+00 -6.186237771938937714e-04
8.207780365999999049e+03 1.700151630669179958e+00 -4.924508293822120681e-04
8.211273402999999234e+03 1.697074418561270059e+00 -4.534277707787156544e-04
8.214778630999999223e+03 1.693770223718999990e+00 -4.922100540002103146e-04
8.218296051999999690e+03 1.690267484351970051e+00 -4.830279803954138002e-04
8.221825663999999961e+03 1.687035469393949993e+00 -4.478594062253707744e-04
8.225367467999998553e+03 1.683877681152400108e+00 -3.782402869862659255e-04
8.228921464999999444e+03 1.681355134203470048e+00 -2.423305107819505007e-04
8.232487653000000137e+03 1.679610765594810040e+00 -1.280354369424318379e-04
8.236066032999999152e+03 1.678282782236389936e+00 -1.897817884271233433e-05
8.239656605000000127e+03 1.677685628138070095e+00 7.031889740565649971e-05
8.243259368999999424e+03 1.677302256516030043e+00 1.230954392196697081e-04
8.246874323999998524e+03 1.677265840692059973e+00 2.211671740323377811e-04
8.250501471999999922e+03 1.677932757100919936e+00 2.857316051170082647e-04
8.254140810999999303e+03 1.678593174425540013e+00 2.878804955000391808e-04
8.257792342999999164e+03 1.679287744490910006e+00 2.767146391988385603e-04
8.261456065999998827e+03 1.679831743088640028e+00 1.816931539712315403e-04
8.265131981999998970e+03 1.679497722127200054e+00 -2.213180283996314077e-07
8.268820088999998916e+03 1.678058753576809892e+00 -2.006230367811886702e-04
8.272520387999999002e+03 1.675526369746749955e+00 -4.052115932056808050e-04
8.276232878999999230e+03 1.671828609080630024e+00 -5.580330576637488726e-04
8.279957561999999598e+03 1.667592754478200101e+00 -5.785867633477860972e-04
8.283694437000000107e+03 1.663641888210090070e+00 -5.441765990540216140e-04
8.287443502999998600e+03 1.659760714585249985e+00 -5.099119765265210406e-04
8.291204761999999391e+03 1.656165394517010059e+00 -4.395159368835710174e-04
8.294978213000000324e+03 1.653045363388019995e+00 -3.961791688451347352e-04
8.298763854999999239e+03 1.649913390416750003e+00 -3.844787722272951310e-04
8.302561689000000115e+03 1.646904580224680004e+00 -3.359337402443166466e-04
8.306371715999999651e+03 1.644299742816200061e+00 -2.638378617500989612e-04
8.310193933999998990e+03 1.642087735802840065e+00 -2.346261308091374879e-04
8.314028344000000288e+03 1.639798702531150010e+00 -2.640557185216314265e-04
8.317874945999999909e+03 1.637237635815059988e+00 -2.934063460493658822e-04
8.321733739999999671e+03 1.634598318540940065e+00 -2.766932268813170667e-04
8.325604725999999573e+03 1.632212093069310033e+00 -2.580949097386528446e-04
8.329487902999999278e+03 1.629770470590859999e+00 -2.571445740924072965e-04
8.333383272999999463e+03 1.627380009457100041e+00 -2.633548334600270004e-04
8.337290834999999788e+03 1.624851483647760109e+00 -2.870979057274936487e-04
8.341210587999999916e+03 1.622170459533349929e+00 -2.707197698979915993e-04
8.345142533000000185e+03 1.619816125974030019e+00 -2.347487348524724478e-04
8.349086670999999114e+03 1.617538980119010095e+00 -2.302677932340778790e-04
8.353042999999999665e+03 1.615222729025090009e+00 -2.162001522130225649e-04
8.357011520999998538e+03 1.613096488119559968e+00 -1.852389061201396728e-04
8.360992233999999371e+03 1.611131010895380022e+00 -1.744709833681846534e-04
8.364985138999998526e+03 1.609119356162509895e+00 -1.764729392974612361e-04
8.368990235999999641e+03 1.607118007058099929e+00 -1.424887791569496209e-04
8.373007523999998739e+03 1.605497824810180107e+00 -9.358181241406453993e-05
8.377037005000000136e+03 1.604068212534669913e+00 -8.379263994748720049e-05
8.381078677999999854e+03 1.602555783216309981e+00 -8.313193944292102545e-05
8.385132541999999376e+03 1.601125203217919957e+00 -7.018775408753232371e-05
8.389198597999999038e+03 1.599759546655489917e+00 -9.485907281139978017e-05
8.393276846999999179e+03 1.598023038214990033e+00 -1.307865032981899670e-04
8.397367286999999124e+03 1.596213519120839974e+00 -1.536553417444660237e-04
8.401469918999999209e+03 1.594188981108479952e+00 -1.580206573602674109e-04
8.405584742999999435e+03 1.592314933538220068e+00 -1.676435905001495447e-04
8.409711758999999802e+03 1.590161386686520073e+00 -1.813249025518445551e-04
8.413850967000000310e+03 1.588107959478080033e+00 -2.135423242905224914e-04
8.418002365999998801e+03 1.585546488217979944e+00 -2.617749690810735165e-04
8.422165957999999591e+03 1.582885621464219961e+00 -2.612438514537506916e-04
8.426341741999998703e+03 1.580315393473499919e+00 -2.619463591560598618e-04
8.430529716999999437e+03 1.577630531451039930e+00 -2.657945756587507804e-04
8.434729884000000311e+03 1.574997185054709981e+00 -2.555712465898103756e-04
8.438942243999999846e+03 1.572424214260869979e+00 -2.343082786139977789e-04
8.443166794999999183e+03 1.570041417033229969e+00 -2.247439667332489129e-04
8.447403537999998662e+03 1.567573956869589891e+00 -2.489917011141474807e-04
8.451652473000000100e+03 1.564872502273110033e+00 -2.613555028240949771e-04
8.455913599999999860e+03 1.562234387842279970e+00 -2.488877697845815005e-04
8.460186918999999762e+03 1.559675194699700063e+00 -2.321895878878417019e-04
8.464472428999999465e+03 1.557233857703429925e+00 -2.183426193623604755e-04
8.468770131999999649e+03 1.554836409120859964e+00 -2.146094474977167706e-04
8.473080025999999634e+03 1.552428907986890039e+00 -2.246121793016966287e-04
8.477402113000000099e+03 1.549889993523140053e+00 -2.299844235561968151e-04
8.481736390999998548e+03 1.547399657922480021e+00 -2.254191198267852718e-04
8.486082860999998957e+03 1.544905260266560054e+00 -2.279267524393501247e-04
8.490441523999999845e+03 1.542368598094749910e+00 -2.176736905019827550e-04
8.494812377999998716e+03 1.539992642632900033e+00 -1.944790942280683608e-04
8.499195423999999548e+03 1.537742917752930039e+00 -1.737945243486493897e-04
8.503590661999998702e+03 1.535622947243419967e+00 -1.622985640908003392e-04
8.507998090999999476e+03 1.533510930969149921e+00 -1.438756003701367303e-04
8.512417712999998912e+03 1.531620040077980027e+00 -1.292898431157527386e-04
8.516849527000000307e+03 1.529688139550789971e+00 -1.283456252033346109e-04
8.521293531999999686e+03 1.527799127888820108e+00 -1.175380143141494871e-04
8.525749729999999545e+03 1.525999165001030056e+00 -1.174523969741173826e-04
8.530218118999999206e+03 1.524101178059289907e+00 -1.376583547549612492e-04
8.534698699999999008e+03 1.522023356458320098e+00 -1.624403937768770961e-04
8.539191472999998950e+03 1.519785246920849930e+00 -1.778603517899255944e-04
8.543696437999999034e+03 1.517490249062479979e+00 -1.828892932788770038e-04
8.548213594999999259e+03 1.515172669917209891e+00 -1.713949572564506805e-04
8.552742943999999625e+03 1.513019180848439893e+00 -1.604517711798304021e-04
8.557284485000000132e+03 1.510836537581029981e+00 -1.601429739069895044e-04
8.561838217999998960e+03 1.508675551164460060e+00 -1.353060663647343682e-04
8.566404141999999410e+03 1.506816662424010023e+00 -9.342036394285671021e-05
8.570982258999998521e+03 1.505212067173610002e+00 -1.301697651542286528e-04
8.575572566999999253e+03 1.502845022542460107e+00 -1.923750284072588048e-04
8.580175067999998646e+03 1.500383102667999902e+00 -1.934795488019768806e-04
8.584789759999999660e+03 1.497988174135270079e+00 -1.941682117573878714e-04
8.589416643999998996e+03 1.495503981966419982e+00 -1.894152344800710628e-04
8.594055720000000292e+03 1.493161394001389919e+00 -1.844777002068939339e-04
8.598706987999999910e+03 1.490732424546489909e+00 -1.841659612207369537e-04
8.603370447999999669e+03 1.488381612652019959e+00 -1.744899170676105199e-04
8.608046099999999569e+03 1.486073940962959972e+00 -1.544510926484844000e-04
8.612733942999999272e+03 1.483988807334460036e+00 -1.533266623418293206e-04
8.617433978999999454e+03 1.481685327065300095e+00 -2.219842904941145972e-04
8.622146205999999438e+03 1.478631889676329969e+00 -2.181271558491512728e-04
8.626870625999999902e+03 1.476368428911819963e+00 -1.620941795754493695e-04
8.631607237000000168e+03 1.474086249910800062e+00 -1.554906150612298562e-04
8.636356039999998757e+03 1.471903825536440058e+00 -1.493680059672588699e-04
8.641117035999999644e+03 1.469696386150110001e+00 -1.514321507263865140e-04
8.645890222999998514e+03 1.467473564420670007e+00 -1.501262318814721049e-04
8.650675601999999344e+03 1.465273278905760090e+00 -1.379086879976166224e-04
8.655473171999999977e+03 1.463212542260339921e+00 -1.114246711009947042e-04
8.660282934999999270e+03 1.461378181258450093e+00 -1.189546078793295413e-04
8.665104889999998704e+03 1.459200163974130104e+00 -1.226762560689658658e-04
8.669939037000000098e+03 1.457302431442569990e+00 -7.824305255706310170e-06
8.674785374999999476e+03 1.456760469338099995e+00 8.685163839172405857e-05
