# energy mu dmude
8.788036929999998392e+03 5.344472832092580505e-01 2.772695291429986482e-05
8.793036929999998392e+03 5.338877319153889633e-01 9.052722864795464405e-06
8.798036929999998392e+03 5.329879476967990248e-01 -6.553792990103891156e-06
8.803036929999998392e+03 5.321440553339840118e-01 -4.133011397151391695e-06
8.808036929999998392e+03 5.312883762591830150e-01 -5.116336459582874552e-06
8.813036929999998392e+03 5.304265683217469496e-01 7.362485489041541680e-07
8.818036929999998392e+03 5.296775197269889546e-01 1.665098017321378548e-06
8.823036929999998392e+03 5.288326348525349552e-01 -4.382094267493722376e-06
8.828036929999998392e+03 5.279734101534899748e-01 -3.598628066598907883e-06
8.833036929999998392e+03 5.271427995487779627e-01 9.851551265372841852e-07
8.838036929999998392e+03 5.263670885452349513e-01 1.228768347882969005e-06
8.843036929999998392e+03 5.255409164227829999e-01 -3.095464312440799311e-06
8.848036929999998392e+03 5.246864205739589782e-01 -6.912086455172217847e-06
8.853036929999998392e+03 5.237907119559870317e-01 -9.112438361814981981e-06
8.858036929999998392e+03 5.228961270559610020e-01 -6.111785753610056809e-06
8.863036929999998392e+03 5.220550884731259833e-01 -4.762753874351453160e-06
8.868036929999998392e+03 5.211850820997969702e-01 -4.021202361827807123e-06
8.873036929999998392e+03 5.203575541269990223e-01 1.493943785526333265e-06
8.878036929999998392e+03 5.195880303063109551e-01 7.327627049955925934e-06
8.883036929999998392e+03 5.188667884354669635e-01 1.077438287055553379e-05
8.888036929999998392e+03 5.181600623746079881e-01 1.112986348994332361e-05
8.893036929999998392e+03 5.174452971408459723e-01 6.458212791927463574e-06
8.898036929999998392e+03 5.166534564928769724e-01 3.920080171913681866e-06
8.903036929999998392e+03 5.158924480521740463e-01 1.300300431780491863e-05
8.908036929999998392e+03 5.152660926659260454e-01 2.960613750576730530e-05
8.913036929999998392e+03 5.148075830457420343e-01 2.604981800799577258e-05
8.918036929999998392e+03 5.141164337172130505e-01 3.090403020313636599e-05
8.923036929999998392e+03 5.137463648417339712e-01 3.679637251464156796e-05
8.928036929999998392e+03 5.131625703467259658e-01 4.102182868289816627e-05
8.933036929999998392e+03 5.128694866699190502e-01 6.297301650778215599e-05
8.938036929999998392e+03 5.126856292440680196e-01 8.109565956418180333e-05
8.943036929999998392e+03 5.127227289180289471e-01 1.091074619844463283e-04
8.947799999999999272e+03 5.130406144377850364e-01 1.336766015245872464e-04
8.948799999999999272e+03 5.131902490381049509e-01 1.573911511153869118e-04
8.949799999999999272e+03 5.132892742235070083e-01 1.463982125135486999e-04
8.950799999999999272e+03 5.133988519150080032e-01 1.672389904867647645e-04
8.951799999999999272e+03 5.135738183180610372e-01 2.213404410596000755e-04
8.952799999999999272e+03 5.138805350049719944e-01 2.546541035646559745e-04
8.953799999999999272e+03 5.141768922744459624e-01 2.452397820205788961e-04
8.954799999999999272e+03 5.144493043378759456e-01 2.339365972175564052e-04
8.955000000000000000e+03 5.144934414296230551e-01 2.763887377423748641e-04
8.955199999999998909e+03 5.145857587929769661e-01 3.500303187853019021e-04
8.955399999999999636e+03 5.146835640476049578e-01 4.222771396819073532e-04
8.955599999999998545e+03 5.148285331071420501e-01 3.810622868689142483e-04
8.955799999999999272e+03 5.148963019964100107e-01 1.399440148709234493e-04
8.956000000000000000e+03 5.148655500229130100e-01 1.569872221131369443e-04
8.956199999999998909e+03 5.149457395800880466e-01 3.220243396976080609e-04
8.956399999999999636e+03 5.150352625760099556e-01 2.752693667495443317e-04
8.956599999999998545e+03 5.150813782652949868e-01 3.376546182909555467e-04
8.956799999999999272e+03 5.152163660895610064e-01 3.530647225975198445e-04
8.957000000000000000e+03 5.152737122817260262e-01 2.996184799158704208e-04
8.957199999999998909e+03 5.153697498062149718e-01 2.588275160884718649e-04
8.957399999999999636e+03 5.153973685528290272e-01 3.317615378547917075e-04
8.957599999999998545e+03 5.155465585884979607e-01 3.404137016536972426e-04
8.957799999999999272e+03 5.155804828180939881e-01 2.627976211097410569e-04
8.958000000000000000e+03 5.156731081739479583e-01 1.817326742186444973e-04
8.958199999999998909e+03 5.156479542752350209e-01 2.721373902518840716e-04
8.958399999999999636e+03 5.158064643521470538e-01 6.991522505415075474e-04
8.958599999999998545e+03 5.160925083222199783e-01 4.192642327438953669e-04
8.958799999999999272e+03 5.160470429342539633e-01 1.709755373972380059e-04
8.959000000000000000e+03 5.161521402441030526e-01 4.074255306353360691e-04
8.959199999999998909e+03 5.162789937630719583e-01 4.558407153936344137e-04
8.959399999999999636e+03 5.164193748621159763e-01 4.093533374175007278e-04
8.959599999999998545e+03 5.165123495297919698e-01 1.917649879893246320e-04
8.959799999999999272e+03 5.164941576214030494e-01 2.376860957991997641e-04
8.960000000000000000e+03 5.166205984566809573e-01 4.145798376290071060e-04
8.960199999999998909e+03 5.167313223322099747e-01 6.700044886017776126e-04
8.960399999999999636e+03 5.170439103356779809e-01 5.601283220935982269e-04
8.960599999999998545e+03 5.170745591786319872e-01 1.774793169960192771e-04
8.960799999999999272e+03 5.171082820512740152e-01 3.354202233717308449e-04
8.961000000000000000e+03 5.172540343204300450e-01 4.574611494584160105e-04
8.961199999999998909e+03 5.173766976015550245e-01 4.810564139855043483e-04
8.961399999999999636e+03 5.175396455159150255e-01 3.714712665179704075e-04
8.961599999999998545e+03 5.175824458519440174e-01 4.548215249234217341e-04
8.961799999999999272e+03 5.178061373731209782e-01 6.357123442874182103e-04
8.962000000000000000e+03 5.179807664643170106e-01 6.268147847180531845e-04
8.962199999999998909e+03 5.181979736641419976e-01 6.725043457328452228e-04
8.962399999999999636e+03 5.184059001773619890e-01 3.491117148404525501e-04
8.962599999999998545e+03 5.183874268262890217e-01 4.900982101487234106e-04
8.962799999999999272e+03 5.186981008102590218e-01 7.638080341442801116e-04
8.963000000000000000e+03 5.188791004092290216e-01 7.221398746987603683e-04
8.963199999999998909e+03 5.191594076691750104e-01 7.217986764335870440e-04
8.963399999999999636e+03 5.193401586112880164e-01 4.307552641787043622e-04
8.963599999999998545e+03 5.194083606307829948e-01 4.863367156446458928e-04
8.963799999999999272e+03 5.196296179600240484e-01 7.380864489754921948e-04
8.964000000000000000e+03 5.198812889586259534e-01 7.826466307013420784e-04
8.964199999999998909e+03 5.201350206461959891e-01 5.606025634413250606e-04
8.964399999999999636e+03 5.202248714204129598e-01 5.733133548124041664e-04
8.964599999999998545e+03 5.204878664183569814e-01 8.517249459231150026e-04
8.964799999999999272e+03 5.207806166741989484e-01 7.825087870959641532e-04
8.965000000000000000e+03 5.209931686475209878e-01 6.356022547457603790e-04
8.965199999999998909e+03 5.211788570560349498e-01 7.296099007975381107e-04
8.965399999999999636e+03 5.214599194767010060e-01 8.756452268479766919e-04
8.965599999999998545e+03 5.217520348189369495e-01 9.738370410087659025e-04
8.965799999999999272e+03 5.221046570051770530e-01 7.535297361531364570e-04
8.966000000000000000e+03 5.222362178325149484e-01 5.868126513284376141e-04
8.966199999999998909e+03 5.224673407307599549e-01 9.865349862232457127e-04
8.966399999999999636e+03 5.228902093094039971e-01 1.214539909158545480e-03
8.966599999999998545e+03 5.232874965562199776e-01 9.733699562261907559e-04
8.966799999999999272e+03 5.235346064380429487e-01 9.945532272162493047e-04
8.967000000000000000e+03 5.239473315288319943e-01 9.830869588377652481e-04
8.967199999999998909e+03 5.241860850778540248e-01 9.100743595342145487e-04
8.967399999999999636e+03 5.245456003920969668e-01 9.766156387807064035e-04
8.967599999999998545e+03 5.248328475796629755e-01 1.156685321684043947e-03
8.967799999999999272e+03 5.253235932251280049e-01 1.385566130861448381e-03
8.968000000000000000e+03 5.257776430854990135e-01 1.313795723788134442e-03
8.968199999999998909e+03 5.262160842333879485e-01 1.236228760939404392e-03
8.968399999999999636e+03 5.266136052097050158e-01 1.306472566335974139e-03
8.968599999999998545e+03 5.271032383056210024e-01 1.290804547868046066e-03
8.968799999999999272e+03 5.274893408175970189e-01 1.278336297805560519e-03
8.969000000000000000e+03 5.279698873612499455e-01 1.689924947926039513e-03
8.969199999999998909e+03 5.286559455015740205e-01 1.736244454004733182e-03
8.969399999999999636e+03 5.291702485556329938e-01 1.460467763794074444e-03
8.969599999999998545e+03 5.296553274649390408e-01 1.478404737612522496e-03
8.969799999999999272e+03 5.301827025418800465e-01 1.686942177200837206e-03
8.970000000000000000e+03 5.308197583793899943e-01 1.824307441889927266e-03
8.970199999999998909e+03 5.314472418637650186e-01 1.829206886245847430e-03
8.970399999999999636e+03 5.320878682951429850e-01 1.924237191653713165e-03
8.970599999999998545e+03 5.327846075157069983e-01 1.928222383198571234e-03
8.970799999999999272e+03 5.334281382561170126e-01 2.007967266146407255e-03
8.971000000000000000e+03 5.341829935750429525e-01 2.301528758809348856e-03
8.971199999999998909e+03 5.350404646706190537e-01 2.621994441436595932e-03
8.971399999999999636e+03 5.360288674529399833e-01 2.557509048488564637e-03
8.971599999999998545e+03 5.368393431890580159e-01 2.400460996490212488e-03
8.971799999999999272e+03 5.377132932353649863e-01 2.581470077671909908e-03
8.972000000000000000e+03 5.386556839129440499e-01 2.854400064632482519e-03
8.972199999999998909e+03 5.397285385833400229e-01 3.233841555778028086e-03
8.972399999999999636e+03 5.409474568349089685e-01 3.233696100297069574e-03
8.972599999999998545e+03 5.420202055009479825e-01 3.313174149302747576e-03
8.972799999999999272e+03 5.432970453888950058e-01 3.826229252336606473e-03
8.973000000000000000e+03 5.447436959246040322e-01 3.976734959142439949e-03
8.973199999999998909e+03 5.461302206491890354e-01 3.927018438702647996e-03
8.973399999999999636e+03 5.475406390144440527e-01 4.499194207336951190e-03
8.973599999999998545e+03 5.493441512875399946e-01 5.019355353535918073e-03
8.973799999999999272e+03 5.511336502309569507e-01 5.262962579034212440e-03
8.974000000000000000e+03 5.531146974248559722e-01 5.627711637228713891e-03
8.974199999999998909e+03 5.551700164605000154e-01 5.997178531307885418e-03
8.974399999999999636e+03 5.574203219887490235e-01 6.597065585328425533e-03
8.974599999999998545e+03 5.599128238723080075e-01 7.133930800340415601e-03
8.974799999999999272e+03 5.625543834909270124e-01 7.718627657850946067e-03
8.975000000000000000e+03 5.654729979829099529e-01 8.500539002047070511e-03
8.975199999999998909e+03 5.686843952500769683e-01 9.540709355452245410e-03
8.975399999999999636e+03 5.723610601690040101e-01 1.073913598964465824e-02
8.975599999999998545e+03 5.764458411263869708e-01 1.201217979874714958e-02
8.975799999999999272e+03 5.810502688870919918e-01 1.363844932830992132e-02
8.976000000000000000e+03 5.863202348550089482e-01 1.557829913003832070e-02
8.976199999999998909e+03 5.923383771727059877e-01 1.786455687522948629e-02
8.976399999999999636e+03 5.992745112391200113e-01 2.062881880133356910e-02
8.976599999999998545e+03 6.073071792798470092e-01 2.428404347634716826e-02
8.976799999999999272e+03 6.169071506844420183e-01 2.905510852144335687e-02
8.977000000000000000e+03 6.284168529269920089e-01 3.487982200266773886e-02
8.977199999999998909e+03 6.422617314534959654e-01 4.276685761244063827e-02
8.977399999999999636e+03 6.595193101777560019e-01 5.276036227260017669e-02
8.977599999999998545e+03 6.806472077304219770e-01 6.610481285250771610e-02
8.977799999999999272e+03 7.076298919879390192e-01 8.249955329953957694e-02
8.978000000000000000e+03 7.407058708862279683e-01 1.010792421380645179e-01
8.978199999999998909e+03 7.812289728360359842e-01 1.238027292595550305e-01
8.978399999999999636e+03 8.308652671266150147e-01 1.464712934969892300e-01
8.978599999999998545e+03 8.879086580292250286e-01 1.649670548480556553e-01
8.978799999999999272e+03 9.510242057352940037e-01 1.782424125280025751e-01
8.979000000000000000e+03 1.017742348975140043e+00 1.846926758284244408e-01
8.979199999999998909e+03 1.085558689039080038e+00 1.821370670377740197e-01
8.979399999999999636e+03 1.150414367800379978e+00 1.706041625279582086e-01
8.979599999999998545e+03 1.209825812301829950e+00 1.516623547936435390e-01
8.979799999999999272e+03 1.260877170075630049e+00 1.283889078748073065e-01
8.980000000000000000e+03 1.303327502087110012e+00 1.047415941411688201e-01
8.980199999999998909e+03 1.337145282482339992e+00 8.158043882252838386e-02
8.980399999999999636e+03 1.362716337344330064e+00 5.993781176796911248e-02
8.980599999999998545e+03 1.380761506431049890e+00 4.126987527289647378e-02
8.980799999999999272e+03 1.392727830891020036e+00 2.510840341071376991e-02
8.981000000000000000e+03 1.398994919007660043e+00 1.113219129208475183e-02
8.981199999999998909e+03 1.400775725750279976e+00 -3.541804413737416465e-04
8.981399999999999636e+03 1.398671830240939995e+00 -9.702753210856866414e-03
8.981599999999998545e+03 1.393639628368170014e+00 -1.671726210662854289e-02
8.981799999999999272e+03 1.386423732266010012e+00 -2.097859950614012342e-02
8.982000000000000000e+03 1.378285973092409966e+00 -2.261775673904179232e-02
8.982199999999998909e+03 1.369875499740389913e+00 -2.197049156244717735e-02
8.982399999999999636e+03 1.362209451418630035e+00 -1.878566403101441032e-02
8.982599999999998545e+03 1.356120001600920055e+00 -1.329156569127758376e-02
8.982799999999999272e+03 1.352457916263180016e+00 -6.203337708183456929e-03
8.983000000000000000e+03 1.351534191685809905e+00 1.857848492752580544e-03
8.983199999999998909e+03 1.353746899473359910e+00 1.036263196274449412e-02
8.983399999999999636e+03 1.359021250739419928e+00 1.897829810051923291e-02
8.983599999999998545e+03 1.367512842916210003e+00 2.696518943762434353e-02
8.983799999999999272e+03 1.378607843048319959e+00 3.335720764737350880e-02
8.984000000000000000e+03 1.391757780002180089e+00 3.801333186154527699e-02
8.984199999999998909e+03 1.406246048301170060e+00 4.105354585797722083e-02
8.984399999999999636e+03 1.421611618021769941e+00 4.238993818155009641e-02
8.984599999999998545e+03 1.437073815993080039e+00 4.199879332179762975e-02
8.984799999999999272e+03 1.452154329014109901e+00 4.089852496549720856e-02
8.985000000000000000e+03 1.466814678620510071e+00 3.934522610037403251e-02
8.985199999999998909e+03 1.480763185846369900e+00 3.755530258059693038e-02
8.985399999999999636e+03 1.494119083461880049e+00 3.680314548840063482e-02
8.985599999999998545e+03 1.507519437202109902e+00 3.697893790291483657e-02
8.985799999999999272e+03 1.521003447981430057e+00 3.733865819004161812e-02
8.986000000000000000e+03 1.534665956970050038e+00 3.857146535334127213e-02
8.986199999999998909e+03 1.549048407118740034e+00 4.021693110121176556e-02
8.986399999999999636e+03 1.563910090846970080e+00 4.233217249720137160e-02
8.986599999999998545e+03 1.579834076608620075e+00 4.560452669751980520e-02
8.986799999999999272e+03 1.597080571142639904e+00 4.923384861158527220e-02
8.987000000000000000e+03 1.615649516951110032e+00 5.225315478599230207e-02
8.987199999999998909e+03 1.635096407148129982e+00 5.602697668197642589e-02
8.987399999999999636e+03 1.656415621016150030e+00 6.033617032102137068e-02
8.987599999999998545e+03 1.679002944957669996e+00 6.373492935641318635e-02
8.987799999999999272e+03 1.702799090348900091e+00 6.766516588519347342e-02
8.988000000000000000e+03 1.728250673465959952e+00 7.082765677116717451e-02
8.988199999999998909e+03 1.754351563996519925e+00 7.381285075110068095e-02
8.988399999999999636e+03 1.781978682653110102e+00 7.805131253077877973e-02
8.988599999999998545e+03 1.811168459298480027e+00 8.129268248682441911e-02
8.988799999999999272e+03 1.841157808209969993e+00 8.528059646014751749e-02
8.989000000000000000e+03 1.873253877925979971e+00 8.857175619158726143e-02
8.989199999999998909e+03 1.905641742648940040e+00 8.873670024153838820e-02
8.989399999999999636e+03 1.937858019508980068e+00 9.119880376963508672e-02
8.989599999999998545e+03 1.972040204387810025e+00 9.363615467107229418e-02
8.989799999999999272e+03 2.006032762301619865e+00 9.186742298397190809e-02
8.990000000000000000e+03 2.038925939273379839e+00 9.174275695073857984e-02
8.990199999999998909e+03 2.072827643665239972e+00 9.333981342148102434e-02
8.990399999999999636e+03 2.106884715892749949e+00 9.045426535878292595e-02
8.990599999999998545e+03 2.138683504225010079e+00 8.727982001865614015e-02
8.990799999999999272e+03 2.170427119202449795e+00 8.700451982559881392e-02
8.991000000000000000e+03 2.202025275563320061e+00 8.426988653450460942e-02
8.991199999999998909e+03 2.231775957433829838e+00 7.980975367461437542e-02
8.991399999999999636e+03 2.260123679279240072e+00 7.678797076271604016e-02
8.991599999999998545e+03 2.287672160501560192e+00 7.319847333045494120e-02
8.991799999999999272e+03 2.313403945397670025e+00 6.805688273467640215e-02
8.992000000000000000e+03 2.337205362561390221e+00 6.209074376500768599e-02
8.992199999999998909e+03 2.358589172937179956e+00 5.516238082368972451e-02
8.992399999999999636e+03 2.377341370549030053e+00 4.764113632986291536e-02
8.992599999999998545e+03 2.393243883961269969e+00 3.965373791594393321e-02
8.992799999999999272e+03 2.406175063162030003e+00 3.183272903767540851e-02
8.993000000000000000e+03 2.416377818741540118e+00 2.305253604188582314e-02
8.993199999999998909e+03 2.422910210448089963e+00 1.315818748767825196e-02
8.993399999999999636e+03 2.425902209519020136e+00 4.644341004395929548e-03
8.993599999999998545e+03 2.426229920482210201e+00 -2.911723042552255732e-03
8.993799999999999272e+03 2.423715246960469916e+00 -1.035208888437175526e-02
8.994000000000000000e+03 2.418620603321279816e+00 -1.722075531303391555e-02
8.994199999999998909e+03 2.411100215589649931e+00 -2.252970642533986406e-02
8.994399999999999636e+03 2.402136539686530181e+00 -2.656767335827677282e-02
8.994599999999998545e+03 2.391673381525539988e+00 -3.001114407824310645e-02
8.994799999999999272e+03 2.380200189329349847e+00 -3.269965141702119160e-02
8.995000000000000000e+03 2.367777713514819915e+00 -3.391249725023057909e-02
8.995199999999998909e+03 2.355420629272909849e+00 -3.461146194114678859e-02
8.995399999999999636e+03 2.342488765279190144e+00 -3.533997857951326482e-02
8.995599999999998545e+03 2.329600756129699857e+00 -3.543079757711789513e-02
8.995799999999999272e+03 2.316602705496760173e+00 -3.421775251374506444e-02
8.996000000000000000e+03 2.304598733586999959e+00 -3.263308911297000542e-02
8.996199999999998909e+03 2.292755546447049930e+00 -3.189369399532529514e-02
8.996399999999999636e+03 2.281290427411510002e+00 -2.989125373484556591e-02
8.996599999999998545e+03 2.270906569206879944e+00 -2.742244209652379763e-02
8.996799999999999272e+03 2.261240659032030198e+00 -2.537955302294291060e-02
8.997000000000000000e+03 2.252345607857200172e+00 -2.327557756870165390e-02
8.997199999999998909e+03 2.244213022955690029e+00 -1.975669370762870788e-02
8.997399999999999636e+03 2.237882447305969968e+00 -1.560076649177319884e-02
8.997599999999998545e+03 2.232778599370489836e+00 -1.250079765936189594e-02
8.997799999999999272e+03 2.228707204334050118e+00 -9.177035192474345543e-03
8.998000000000000000e+03 2.226025632277520039e+00 -4.511057194379270233e-03
8.998199999999998909e+03 2.225354686602110110e+00 1.541975668788179358e-04
8.998399999999999636e+03 2.226073036829459895e+00 4.836055714488265121e-03
8.998599999999998545e+03 2.228814113575249944e+00 9.111733885489541399e-03
8.998799999999999272e+03 2.232648472302929843e+00 1.322984668328713691e-02
8.999000000000000000e+03 2.238390727802180180e+00 1.807673766169144366e-02
8.999199999999998909e+03 2.245757380796329805e+00 2.262481154215321630e-02
8.999399999999999636e+03 2.254814160051779925e+00 2.704736503428412792e-02
8.999599999999998545e+03 2.265403860647619894e+00 3.100100305301350598e-02
8.999799999999999272e+03 2.277341953505469974e+00 3.579243842250025287e-02
9.000000000000000000e+03 2.291423533691749892e+00 3.956923709652133969e-02
9.000199999999998909e+03 2.306114064011239861e+00 4.141857079176073514e-02
9.000399999999999636e+03 2.321543392854890087e+00 4.328250916566240419e-02
9.000599999999998545e+03 2.337592315360339956e+00 4.466360819508612134e-02
9.000799999999999272e+03 2.354028155017799939e+00 4.582696736859718373e-02
9.001000000000000000e+03 2.370924904915599818e+00 4.505957741546097461e-02
9.001199999999998909e+03 2.386801489754979855e+00 4.254012509862720171e-02
9.001399999999999636e+03 2.401862125118090052e+00 4.025769035438329230e-02
9.001599999999998545e+03 2.416075327967509789e+00 3.588886718645312168e-02
9.001799999999999272e+03 2.427952073060290150e+00 3.114070859765722885e-02
9.002000000000000000e+03 2.438704935366890147e+00 2.597946208195010126e-02
9.002199999999998909e+03 2.446820291652449963e+00 1.937592287629616092e-02
9.002399999999999636e+03 2.452760657911840170e+00 1.205069837876257197e-02
9.002599999999998545e+03 2.455537571758970028e+00 4.347011489582787089e-03
9.002799999999999272e+03 2.455863681549439903e+00 -2.364184828302088454e-03
9.003000000000000000e+03 2.453749641508649937e+00 -8.745421906969546091e-03
9.003199999999998909e+03 2.449425263543850040e+00 -1.469314691540272826e-02
9.003399999999999636e+03 2.442976668622479863e+00 -1.996690982502919570e-02
9.003599999999998545e+03 2.434808902685550169e+00 -2.415743446098771521e-02
9.003799999999999272e+03 2.425306357054080042e+00 -2.806244829713094163e-02
9.004000000000000000e+03 2.414292713616299935e+00 -3.060414328601887210e-02
9.004199999999998909e+03 2.402937843540970064e+00 -3.306097978818321043e-02
9.004399999999999636e+03 2.390133718425549780e+00 -3.495911626757845780e-02
9.004599999999998545e+03 2.377395533430799901e+00 -3.385279016436230221e-02
9.004799999999999272e+03 2.365397671416550107e+00 -3.347803778942815001e-02
9.005000000000000000e+03 2.352932596683760202e+00 -3.347479141660827939e-02
9.005199999999998909e+03 2.340937100545839922e+00 -3.283246122853954868e-02
9.005399999999999636e+03 2.328940140167309991e+00 -3.160124173069116249e-02
9.005599999999998545e+03 2.317841926347569803e+00 -2.927306763952833984e-02
9.005799999999999272e+03 2.307541681663760169e+00 -2.681062797436700382e-02
9.006000000000000000e+03 2.298238032968180189e+00 -2.476169938689824421e-02
9.006199999999998909e+03 2.289430996762690018e+00 -2.383641119689031487e-02
9.006399999999999636e+03 2.280801675214759960e+00 -2.291714251157542237e-02
9.006599999999998545e+03 2.272664579290780029e+00 -2.160467515686681494e-02
9.006799999999999272e+03 2.264991751489600080e+00 -1.972288963514659196e-02
9.007000000000000000e+03 2.258226054311430087e+00 -1.880441254080950433e-02
9.007199999999998909e+03 2.251222589899899873e+00 -1.857682670022394594e-02
9.007399999999999636e+03 2.244622751653449821e+00 -1.838196349959609829e-02
9.007599999999998545e+03 2.237761298722969805e+00 -1.914540197346485326e-02
9.007799999999999272e+03 2.230605085398949861e+00 -1.958321651492659493e-02
9.008000000000000000e+03 2.223424564059090169e+00 -1.954834195024458821e-02
9.008199999999998909e+03 2.216293766455319947e+00 -1.993333986107717962e-02
9.008399999999999636e+03 2.208832668160229940e+00 -2.006697949389811553e-02
9.008599999999998545e+03 2.201604477297379958e+00 -1.889115722237236228e-02
9.008799999999999272e+03 2.195000289192070131e+00 -1.789197432647340533e-02
9.009000000000000000e+03 2.188500278110820041e+00 -1.823899415181566910e-02
9.009199999999998909e+03 2.181643190539729993e+00 -1.716224963588565064e-02
9.009399999999999636e+03 2.175927884230480114e+00 -1.556217092343131596e-02
9.009599999999998545e+03 2.170236894450150000e+00 -1.423405931670525086e-02
9.009799999999999272e+03 2.165489483031589835e+00 -1.198482767207129443e-02
9.010000000000000000e+03 2.161437677643399891e+00 -1.042317806230629203e-02
9.010199999999998909e+03 2.157828357836069966e+00 -8.667001148082831286e-03
9.010399999999999636e+03 2.155056410747299811e+00 -6.825413433567785633e-03
9.010599999999998545e+03 2.152789194518169857e+00 -4.707783351423473761e-03
9.010799999999999272e+03 2.151560523857749985e+00 -1.178072959672150618e-03
9.011500000000000000e+03 2.150711271690690207e+00 1.194812753635176791e-03
9.012199999999998909e+03 2.154380750926249810e+00 3.645946766024837481e-03
9.012899999999999636e+03 2.159783639213659789e+00 5.416203922448899026e-03
9.013599999999998545e+03 2.167968537160129827e+00 7.125433324605559039e-03
9.014299999999999272e+03 2.177731179845780130e+00 9.002966256567315403e-03
9.015000000000000000e+03 2.190705126265020120e+00 1.170404783315881145e-02
9.015699999999998909e+03 2.207357454014970077e+00 1.395008552366784095e-02
9.016399999999999636e+03 2.226060398945150176e+00 1.584516789110082188e-02
9.017099999999998545e+03 2.247546538748660172e+00 1.736314390885817377e-02
9.018793694999998479e+03 2.301395121149190093e+00 1.726428256315030302e-02
9.019799582999999984e+03 2.332021966329670182e+00 1.641030504340420387e-02
9.020817661999999473e+03 2.361580075159909864e+00 1.569095757845703071e-02
9.021847932999999102e+03 2.390247395463629854e+00 1.477710758601337264e-02
9.022890395999998873e+03 2.417047575471189980e+00 1.264565323445647135e-02
9.023945050999998784e+03 2.438223523030179862e+00 8.321953660451703733e-03
9.025011897999998837e+03 2.448869379807010027e+00 1.587091439345851909e-03
9.026090936999999030e+03 2.444079979428739779e+00 -6.166723861992189255e-03
9.027182166999999026e+03 2.424133051720459786e+00 -1.270292751289232164e-02
9.028285589999999502e+03 2.392930572464280203e+00 -1.638841728784868126e-02
9.029401203999999780e+03 2.357515097825180206e+00 -1.759708410978813933e-02
9.030529010999998718e+03 2.320640310062629830e+00 -1.702345701849183879e-02
9.031669008999999278e+03 2.286809216969550196e+00 -1.438918465793307538e-02
9.032821198999999979e+03 2.260175526846599947e+00 -1.054284821612967195e-02
9.033985581999999340e+03 2.241935241359859887e+00 -6.742238636094134187e-03
9.035162155999998504e+03 2.231039112312879880e+00 -3.334155332588907041e-03
9.036350921999999628e+03 2.227182492998140084e+00 -2.386952218654005402e-04
9.037551878999998735e+03 2.229611694948720135e+00 2.388499257553116945e-03
9.038765029000000141e+03 2.237295841220470205e+00 4.186796770624784045e-03
9.039990370999999868e+03 2.247816641726270159e+00 4.375865338969666188e-03
9.041227903999999398e+03 2.256531212739159908e+00 2.710128547877602677e-03
9.042477629999999408e+03 2.259693949111650113e+00 2.315555217100317444e-04
9.043739546999999220e+03 2.257182865523749804e+00 -1.295956583672774626e-03
9.045013656999999512e+03 2.253294082562869782e+00 -5.744626583001002798e-04
9.046299957999999606e+03 2.254087168610849901e+00 1.963128249787041927e-03
9.047598450999999841e+03 2.262119270360400058e+00 4.325572797338124095e-03
9.048909135999998398e+03 2.274226106713889806e+00 4.910815012909776345e-03
9.050232012999998915e+03 2.285254518009069979e+00 3.552119334129489985e-03
9.051567081999999573e+03 2.290995924582110099e+00 1.519350844146067974e-03
9.052914342000000033e+03 2.292243959891750116e+00 4.869319756052209219e-04
9.054273794999999154e+03 2.292957568540499924e+00 1.456394616800392190e-03
9.055645439999998416e+03 2.299047217556950073e+00 3.643509474418309396e-03
9.057029275999999300e+03 2.310801572805420090e+00 5.646445410416372698e-03
9.058425304999998843e+03 2.327193482309270145e+00 6.291696124954343147e-03
9.059833525000000009e+03 2.342491421198090062e+00 5.501270238454769763e-03
9.061253936999999496e+03 2.355085341553500022e+00 4.404073640032438175e-03
9.062686540999999124e+03 2.364920471541740010e+00 3.828531921847826841e-03
9.064131336999998894e+03 2.374688841533989958e+00 4.074555862203295409e-03
9.065588324999998804e+03 2.385990794638369827e+00 4.895262381596043877e-03
9.067057504999998855e+03 2.400311651138249847e+00 5.799460980086547715e-03
9.068538876999999047e+03 2.416687842711419787e+00 5.736362073845340491e-03
9.070032439999999042e+03 2.430920370466620017e+00 4.188685563227472625e-03
9.071538195999999516e+03 2.439090053392690027e+00 1.081627580468422396e-03
9.073056142999999793e+03 2.436387925535639987e+00 -2.682687309265424907e-03
9.074586282999998730e+03 2.423696856038080050e+00 -6.104192834415533668e-03
9.076128613999999288e+03 2.401718503944589855e+00 -8.580985956409199408e-03
9.077683136999999988e+03 2.374777547752100038e+00 -9.724009239684458517e-03
9.079249851999999009e+03 2.345913981427409922e+00 -9.266403910349694378e-03
9.080828758999999991e+03 2.321159659488789995e+00 -8.121901845348630453e-03
9.082419857999999294e+03 2.298490596517630102e+00 -7.296477135354143689e-03
9.084023148999998739e+03 2.278175445387600195e+00 -6.198970908490400791e-03
9.085638632000000143e+03 2.261614490900079932e+00 -4.364546672609296782e-03
9.087266306999999870e+03 2.251859289887459870e+00 -2.906742696473112609e-03
9.088906172999999399e+03 2.243779165619700144e+00 -3.393830113353730939e-03
9.090558231999999407e+03 2.230969472316980173e+00 -5.298629816419403449e-03
9.092222481999999218e+03 2.211225603432540154e+00 -6.847318720094619157e-03
9.093898923999999170e+03 2.188750413583020027e+00 -6.833816019219043393e-03
9.095587557999999262e+03 2.168781168659749792e+00 -5.189941049097992164e-03
9.097288384999999835e+03 2.156149971866539783e+00 -2.216200374250794618e-03
9.099001402999998390e+03 2.154442312649790026e+00 9.771369715148123681e-04
9.100726612999998906e+03 2.161712529976969943e+00 3.802767854710081222e-03
9.102464013999999224e+03 2.177870272343669811e+00 5.903130382738887814e-03
9.104213608000000022e+03 2.198649262007999816e+00 6.909342027634202826e-03
9.105975393999999142e+03 2.221502563991780033e+00 6.796526944462141957e-03
9.107749370999999883e+03 2.241857787834089955e+00 5.903539631719073068e-03
9.109535540999999284e+03 2.259216828593689996e+00 4.582143738466866976e-03
9.111333901999998488e+03 2.271200599133650133e+00 2.906918000130606118e-03
9.113144454999999653e+03 2.277744263351229925e+00 1.238857811396879482e-03
9.114967200999999477e+03 2.278811253392110103e+00 9.373808749020235505e-05
9.116802137999999104e+03 2.277774834071069954e+00 4.840348089037150008e-05
9.118649266999998872e+03 2.278537900850440057e+00 1.352502107982150349e-03
9.120508587999998781e+03 2.286306148536230154e+00 4.040013311939707856e-03
9.122380099999998492e+03 2.305393285164170081e+00 7.251806672011843272e-03
9.124263804999998683e+03 2.335311416093559966e+00 9.808226147440951559e-03
9.126159701999999015e+03 2.372320793639179914e+00 1.009639062536785842e-02
9.128067789999999150e+03 2.404667847937600023e+00 7.676766718912382548e-03
9.129988070999999763e+03 2.425244806928970043e+00 3.813785921366892595e-03
9.131920543000000180e+03 2.430812842003290175e+00 2.807930685641192733e-04
9.133865206999998918e+03 2.426598549891109791e+00 -2.010125854520400813e-03
9.135822063999999955e+03 2.415890491490289893e+00 -3.387770803702453131e-03
9.137791111999998975e+03 2.401728978226179922e+00 -4.391490179705385619e-03
9.139772351999999955e+03 2.383642510458530150e+00 -5.680292415173083392e-03
9.141765783999999258e+03 2.359948940815120189e+00 -7.190106523086248723e-03
9.143771407000000181e+03 2.330605617169850152e+00 -8.743412149209624576e-03
9.145789222999999765e+03 2.295202218003070005e+00 -9.735047406730834921e-03
9.147819230999999490e+03 2.258153285563659907e+00 -1.017436535370727646e-02
9.149861429999999018e+03 2.219054017337739992e+00 -1.035203964973340288e-02
9.151915821999999025e+03 2.180223002544240174e+00 -9.989959225259902389e-03
9.153982404999998835e+03 2.143378430884749886e+00 -8.514859701308415477e-03
9.156061179999998785e+03 2.115240474453909947e+00 -5.789396129828606671e-03
9.158152147999999215e+03 2.098719028835399847e+00 -2.139548880147115143e-03
9.160255306999999448e+03 2.098210000244619788e+00 1.880590939746897396e-03
9.162370657999999821e+03 2.112487795603580132e+00 5.245432679340770663e-03
9.164498200999998517e+03 2.138069557983929947e+00 7.525186133753741270e-03
9.166637934999998834e+03 2.170300850661329939e+00 8.158109941660081701e-03
9.168789861999999630e+03 2.201161887876930123e+00 7.252292075217467264e-03
9.170953980999998748e+03 2.226628706731680118e+00 5.251222035471881343e-03
9.173130290999999488e+03 2.241983513238059889e+00 3.137191325043999206e-03
9.175318793999998888e+03 2.250868004169110037e+00 1.289700603490188772e-03
9.177519487999999910e+03 2.251584125422779969e+00 -1.678072017496911868e-04
9.179732373999999254e+03 2.248801736385389827e+00 -9.558626370679841177e-04
9.181957452999999077e+03 2.243134463409050205e+00 -1.086981707708650248e-03
9.184194722999998703e+03 2.239239634165130166e+00 -7.263032959489877302e-04
9.186444184999998470e+03 2.236468495398050038e+00 -4.932498668644757838e-04
9.188705837999999858e+03 2.234452899913430102e+00 -6.495922722637652953e-04
9.190979683999999907e+03 2.230363967702190031e+00 -1.114829927585405311e-03
9.193265722000000096e+03 2.224450437559149840e+00 -1.271110879508080072e-03
9.195563951999998608e+03 2.219002719111649924e+00 -5.138486937004428092e-04
9.197874372999998741e+03 2.219387246372610090e+00 1.451515604495731693e-03
9.200196986999999353e+03 2.230502582046889781e+00 3.641971522323783107e-03
9.202531791999999768e+03 2.249534812094080127e+00 4.963218014320888369e-03
9.204878788999998505e+03 2.272078150888189985e+00 4.550156112486186677e-03
9.207237977999999202e+03 2.287785167267020192e+00 2.754776149919518653e-03
9.209609359000000040e+03 2.295052659655179905e+00 8.603117740274360010e-04
9.211992931999999200e+03 2.294465914746230073e+00 -3.885760201725591673e-04
9.214388696999998501e+03 2.290892778657000139e+00 -1.315612400486586894e-03
9.216796653999999762e+03 2.282171309498899792e+00 -2.256515662364086926e-03
9.219216802999999345e+03 2.270259099693360039e+00 -3.287705002214190778e-03
9.221649142999998730e+03 2.252316748067169971e+00 -4.318971583928657605e-03
9.224093675999998595e+03 2.231091341673499873e+00 -5.029420949331178496e-03
9.226550400000000081e+03 2.206608992542019809e+00 -5.228526795344034389e-03
9.229019316999998409e+03 2.183369369427909934e+00 -4.924986022131734066e-03
9.231500425000000178e+03 2.161388301210399820e+00 -4.227625177884838416e-03
9.233993724999998449e+03 2.144246154310120112e+00 -3.127651259704257187e-03
9.236499216999998680e+03 2.132091309790999922e+00 -1.785294411656104157e-03
9.239016900999999052e+03 2.127091390012529892e+00 -4.542893422884439810e-04
9.241546776999999565e+03 2.127093649240979989e+00 4.785006701357375132e-04
9.244088844999998400e+03 2.130689282948820207e+00 7.511786294056469826e-04
9.246643104999999196e+03 2.133240707380580137e+00 4.691435327575666772e-04
9.249209555999999793e+03 2.134234471284090162e+00 2.324612093536422195e-04
9.251788199999999051e+03 2.134584106591379982e+00 3.017182973825728045e-04
9.254379034999999931e+03 2.136236533109669988e+00 4.444685827178785622e-04
9.256982061999999132e+03 2.137946442608200215e+00 5.480931275051208673e-04
9.259597281999998813e+03 2.140599847233159991e+00 7.624456963126748869e-04
9.262224693000000116e+03 2.144377587817960062e+00 1.033652298884395453e-03
9.264864295999999740e+03 2.149663448817709988e+00 1.232763914328879537e-03
9.267516090999999506e+03 2.155402705398070218e+00 1.198349536198266589e-03
9.270180077999999412e+03 2.160406068568229809e+00 1.014834483106402370e-03
9.272856255999999121e+03 2.164409099938239933e+00 8.147514696557322253e-04
9.275544626999999309e+03 2.167498000988339779e+00 6.237275834075634972e-04
9.278245189999999639e+03 2.169657738633409938e+00 4.774190924494813157e-04
9.280957943999999770e+03 2.171327386922050184e+00 4.329429859128617296e-04
9.283682890999998563e+03 2.173063742152439914e+00 4.695720460420785931e-04
9.286420028999998976e+03 2.175113180869410190e+00 3.994031656078424327e-04
9.289169358999999531e+03 2.176165027547590114e+00 3.314219712240180763e-04
9.291930880999998408e+03 2.177545689052540201e+00 3.228917201160804362e-04
9.294704594999999244e+03 2.178522272539599847e+00 1.058567246201518568e-04
9.297490500999998403e+03 2.177714909176250213e+00 -4.687483534774407367e-04
9.300288598999999522e+03 2.172846369410649903e+00 -1.124170208181401879e-03
9.303098888999998962e+03 2.165317030996130043e+00 -1.508448825594872755e-03
9.305921370999998544e+03 2.156450904816280101e+00 -1.696228167565374916e-03
9.308756043999999747e+03 2.146915154968259909e+00 -1.785248591073175127e-03
9.311602909999999611e+03 2.137048224149470155e+00 -1.819131366023078256e-03
9.314461966999999277e+03 2.127076962106240199e+00 -1.671777438243255429e-03
9.317333216999999422e+03 2.118663667740730006e+00 -1.320236592386385844e-03
9.320216657999999370e+03 2.112299971661100173e+00 -8.020817368948129173e-04
9.323112290999999459e+03 2.109279778542449968e+00 -3.644204289985417794e-04
9.326020115999999689e+03 2.107504118505799884e+00 -2.769752279831335078e-04
9.328940133000000060e+03 2.105392265299069976e+00 -4.926550614420847560e-04
9.331872341999998753e+03 2.101300676357400032e+00 -8.983402735808253877e-04
9.334816742999999406e+03 2.094819377201889932e+00 -1.305730172678747992e-03
9.337773334999999861e+03 2.086303971287359893e+00 -1.467436853929039589e-03
9.340742119999998977e+03 2.078014970908439896e+00 -1.151812166115333616e-03
9.343723095999999714e+03 2.072851813938870080e+00 -4.713994691179717407e-04
9.346716264999999112e+03 2.071913649878600161e+00 1.124740507991526931e-04
9.349721625000000131e+03 2.073106713711200033e+00 2.514056718077450773e-04
9.352739176999999472e+03 2.073694134308849968e+00 1.215206142168492588e-04
9.355768920999998954e+03 2.073463358995370154e+00 1.150703976990185006e-04
9.358810857999998916e+03 2.073980863960999788e+00 2.267391596069972951e-04
9.361864985000000161e+03 2.074991506153819998e+00 2.780025898068234024e-04
9.364931305000000066e+03 2.076086765798910161e+00 2.774080675114525213e-04
9.368009817000000112e+03 2.077099142319899894e+00 2.491480900818957532e-04
9.371100520999998480e+03 2.077885125342730177e+00 2.569021147499645635e-04
9.374203415999998469e+03 2.078992108801430039e+00 2.351593104532869957e-04
9.377318503999998939e+03 2.079539224913950157e+00 2.317530127394044090e-04
9.380445782999999210e+03 2.080613954443959912e+00 1.818964347292262448e-04
9.383585254999999961e+03 2.080598161725109918e+00 8.956785724872196432e-05
9.386736917999998695e+03 2.080618735990499957e+00 5.525199527486050261e-05
9.389900772999999390e+03 2.080208106911430210e+00 -3.447730854477273449e-05
9.393076819999998406e+03 2.079190720126760095e+00 -7.311271456833488293e-05
9.396265058999999383e+03 2.078326608234930095e+00 -2.164230231987305728e-04
9.399465489999998681e+03 2.075633914870070207e+00 -4.319195705688446221e-04
9.402678111999999601e+03 2.072238326325929858e+00 -6.364689810074269363e-04
9.405902926999999181e+03 2.067123403115779912e+00 -8.338455048923166992e-04
9.409139933999998902e+03 2.061371855031299827e+00 -9.594788622945350830e-04
9.412389131999998426e+03 2.054731260609290011e+00 -1.041912018665360797e-03
9.415650522999998429e+03 2.047955312879119916e+00 -9.088132539547237468e-04
9.418924105000000054e+03 2.042849185755510000e+00 -7.090304098204891015e-04
9.422209879000000001e+03 2.038416457193560127e+00 -5.136714106980844229e-04
9.425507845000000088e+03 2.035618233820720047e+00 -3.035273125737615206e-04
9.428818002999998498e+03 2.033688773681459949e+00 -2.306818386822479677e-04
9.432140352999998868e+03 2.031753371265220043e+00 -2.151368849734094089e-04
9.435474894999999378e+03 2.029998238326559790e+00 -2.863499759783390318e-04
9.438821629000000030e+03 2.027182449763869965e+00 -3.878093081727478726e-04
9.442180553999998665e+03 2.024171076763519928e+00 -4.769677350535545522e-04
9.445551671999999598e+03 2.020240862845830154e+00 -5.846529003489582153e-04
9.448934981999998854e+03 2.015879148541929844e+00 -6.209813934120651281e-04
9.452330482999999731e+03 2.011470323599179988e+00 -5.764926009637287140e-04
9.455738175999998930e+03 2.007628500690730178e+00 -4.165065535138696398e-04
9.459158061000000089e+03 2.005180238215619859e+00 -2.724017392848966700e-04
9.462590138999999908e+03 2.003114933290619959e+00 -2.614678817636874927e-04
9.466034407999999530e+03 2.000787590854510078e+00 -2.903859700474876408e-04
9.469490867999998954e+03 1.998343132083769902e+00 -2.941119347207710026e-04
9.472959520999998858e+03 1.995951917326530101e+00 -1.991901854963542477e-04
9.476440365999998903e+03 1.994692287988369950e+00 -9.347415695345601659e-05
9.479933402999999089e+03 1.993631489292339909e+00 -4.166545947022573006e-05
9.483438630999999077e+03 1.993024328902510023e+00 4.627821401371031768e-05
9.486956051999999545e+03 1.993082943099240056e+00 9.472892227805754576e-05
9.490485663999999815e+03 1.993095949213119944e+00 9.312861998369557405e-05
9.494027467999998407e+03 1.993134193431830070e+00 8.673570167291859586e-05
9.497581464999999298e+03 1.993064727921419976e+00 7.336832386753612155e-05
9.501147652999999991e+03 1.992929456050700043e+00 4.075833226682947972e-05
9.504726032999999006e+03 1.992434806426190086e+00 -8.990518323673019576e-06
9.508316604999999981e+03 1.991647595665889892e+00 -1.418481908515870852e-04
9.511919368999999278e+03 1.989407378140050087e+00 -2.912341370835420788e-04
9.515534323999998378e+03 1.986645444705730013e+00 -4.048050199695889142e-04
9.519161471999999776e+03 1.982889798525230063e+00 -5.552689071608362878e-04
9.522800810999999158e+03 1.978113915599660100e+00 -6.281591646480027928e-04
9.526452342999999019e+03 1.973361401431209972e+00 -5.959362410293322703e-04
9.530116065999998682e+03 1.968983116463570049e+00 -5.148635193555271784e-04
9.533791981999998825e+03 1.965284300830540065e+00 -4.225861221438219351e-04
9.537480088999998770e+03 1.962117248724430052e+00 -3.651903264155893195e-04
9.541180387999998857e+03 1.959168316901650053e+00 -3.514381690596698332e-04
9.544892878999999084e+03 1.956166811933230054e+00 -3.126599169972339135e-04
9.548617561999999452e+03 1.953723754522999956e+00 -2.781447080285872828e-04
9.552354436999999962e+03 1.951173615575400033e+00 -2.754654398704861921e-04
9.556103502999998454e+03 1.948750783645720075e+00 -2.565598625922650938e-04
9.559864761999999246e+03 1.946443137799219958e+00 -2.721559526425454140e-04
9.563638213000000178e+03 1.943790847027530022e+00 -3.005008881346369460e-04
9.567423854999999094e+03 1.941076778257619928e+00 -3.000852201621869407e-04
9.571221688999999969e+03 1.938412920608229895e+00 -3.032915299842807119e-04
9.575031715999999506e+03 1.935637116051599937e+00 -3.159011313421226669e-04
9.578853933999998844e+03 1.932780481168739906e+00 -3.078882243936566817e-04
9.582688344000000143e+03 1.930098461733829929e+00 -3.134630036000374677e-04
9.586534945999999763e+03 1.927146172650370026e+00 -2.906910829168782100e-04
9.590393739999999525e+03 1.924765956059709904e+00 -2.217289379602791909e-04
9.594264725999999428e+03 1.922767998456009986e+00 -2.041259313719652978e-04
9.598147902999999133e+03 1.920622659582740033e+00 -1.981056518627220462e-04
9.602043272999999317e+03 1.918696992422370018e+00 -1.553625740714391292e-04
9.605950834999999643e+03 1.917146546574789889e+00 -1.514001406665955530e-04
9.609870587999999771e+03 1.915266524882079935e+00 -1.688339748024940564e-04
9.613802533000000039e+03 1.913455996356089983e+00 -1.468870702206381742e-04
9.617746670999998969e+03 1.911879445221990048e+00 -1.332373492317532151e-04
9.621702999999999520e+03 1.910254906749339954e+00 -1.454520687481321761e-04
9.625671520999998393e+03 1.908492112891430059e+00 -1.528660312693311556e-04
9.629652233999999225e+03 1.906749775409239955e+00 -1.725266554900067504e-04
9.633645138999998380e+03 1.904690611163939895e+00 -2.069491406424946937e-04
9.637650235999999495e+03 1.902435048556849972e+00 -2.207491830759843686e-04
9.641667523999998593e+03 1.900161024863949999e+00 -2.304149497648243976e-04
9.645697004999999990e+03 1.897749987545300110e+00 -2.495805772780642241e-04
9.649738677999999709e+03 1.895179932898680031e+00 -2.478184619036521725e-04
9.653792541999999230e+03 1.892779838114460045e+00 -2.627745909074621368e-04
9.657858597999998892e+03 1.889973552987499916e+00 -2.848047314070014714e-04
9.661936846999999034e+03 1.887230930399850015e+00 -2.804534574006566365e-04
9.666027286999998978e+03 1.884472791218789967e+00 -2.874787705854637393e-04
9.670129918999999063e+03 1.881608880467799949e+00 -2.819834233685995914e-04
9.674244742999999289e+03 1.878916283765230011e+00 -2.656981605312732546e-04
9.678371758999999656e+03 1.876280426465519957e+00 -2.604459879157293564e-04
9.682510967000000164e+03 1.873651165801009988e+00 -2.570443616276941535e-04
9.686662365999998656e+03 1.871051159381339923e+00 -2.719010067399226503e-04
9.690825957999999446e+03 1.868181449355220014e+00 -2.734049842974089193e-04
9.695001741999998558e+03 1.865542550968759983e+00 -2.543377864661875180e-04
9.699189716999999291e+03 1.862947285414370047e+00 -2.452955937207291852e-04
9.703389884000000166e+03 1.860431316688919923e+00 -2.317290521080288734e-04
9.707602243999999700e+03 1.858029128162040022e+00 -2.409651355241787334e-04
9.711826794999999038e+03 1.855356931253129948e+00 -2.411805213787132792e-04
9.716063537999998516e+03 1.852936757177009897e+00 -2.350692096636328588e-04
9.720312472999999954e+03 1.850344368132400108e+00 -2.367429520477805545e-04
9.724573599999999715e+03 1.847883839165110009e+00 -2.278562108975258106e-04
9.728846918999999616e+03 1.845415153931559971e+00 -2.143194861126897395e-04
9.733132428999999320e+03 1.843151629194810015e+00 -1.990226537500872474e-04
9.737430131999999503e+03 1.840908675092129965e+00 -1.919899792887209912e-04
9.741740025999999489e+03 1.838742637909869915e+00 -1.735321271798093048e-04
9.746062112999999954e+03 1.836777479264420032e+00 -1.635484893086425000e-04
9.750396390999998403e+03 1.834757227663069923e+00 -1.645209778392038450e-04
9.754742860999998811e+03 1.832765462358060038e+00 -1.689268039752040535e-04
9.759101523999999699e+03 1.830664063295599941e+00 -1.820629413519296808e-04
9.763472377999998571e+03 1.828451907064799986e+00 -1.938438979538948282e-04
9.767855423999999402e+03 1.826150564284469979e+00 -1.987071601590328798e-04
9.772250661999998556e+03 1.823848055157549997e+00 -1.906918945718475550e-04
9.776658090999999331e+03 1.821662472636299990e+00 -1.998615211006070716e-04
9.781077712999998766e+03 1.819200062121480110e+00 -2.166066421141977160e-04
9.785509527000000162e+03 1.816731594676580075e+00 -2.104583859823217981e-04
9.789953531999999541e+03 1.814355025739510019e+00 -1.957532475211085164e-04
9.794409729999999399e+03 1.812111700750189902e+00 -1.962575101060668446e-04
9.798878118999999060e+03 1.809714275297970021e+00 -1.990279118370187638e-04
9.803358699999998862e+03 1.807413101311809989e+00 -2.004893459378283619e-04
9.807851472999998805e+03 1.804978980362079932e+00 -2.091668440399096292e-04
9.812356437999998889e+03 1.802522685763880084e+00 -2.207710581513555343e-04
9.816873594999999113e+03 1.799884564565150002e+00 -2.191742235790870331e-04
9.821402943999999479e+03 1.797440820645870074e+00 -2.201653959474797223e-04
9.825944484999999986e+03 1.794772621051129891e+00 -2.244340301449948170e-04
9.830498217999998815e+03 1.792244399759969964e+00 -2.195040951020900530e-04
9.835064141999999265e+03 1.789644182472539979e+00 -2.195549463920345155e-04
9.839642258999998376e+03 1.787101401664159983e+00 -2.114107108582627534e-04
9.844232566999999108e+03 1.784623513558289964e+00 -2.099843650815077232e-04
9.848835067999998500e+03 1.782091269446469894e+00 -2.012362482463539296e-04
9.853449759999999515e+03 1.779747000412780000e+00 -1.949528980594035076e-04
9.858076643999998851e+03 1.777307652470679900e+00 -1.975926377483887004e-04
9.862715720000000147e+03 1.774906197709199995e+00 -1.915927307322446566e-04
9.867366987999999765e+03 1.772555667887649955e+00 -1.875415306921070116e-04
9.872030447999999524e+03 1.770210493121870066e+00 -1.890209169633780067e-04
9.876706099999999424e+03 1.767822498754280103e+00 -1.847785512448758350e-04
9.881393942999999126e+03 1.765537339928580085e+00 -1.807077399035466648e-04
9.886093978999999308e+03 1.763206803648889931e+00 -1.758368109565318143e-04
9.890806205999999293e+03 1.760993185477689904e+00 -1.688206187493123116e-04
9.895530625999999756e+03 1.758771506129719997e+00 -1.660693673883347052e-04
9.900267237000000023e+03 1.756593851746079959e+00 -1.676180307369445584e-04
9.905016039999998611e+03 1.754334070672050050e+00 -1.704073950537447052e-04
9.909777035999999498e+03 1.752096679309739891e+00 -1.672982701161099500e-04
9.914550222999998368e+03 1.749879374722999925e+00 -1.710129941082793464e-04
9.919335601999999199e+03 1.747565898440210042e+00 -1.678760087149849952e-04
9.924133171999999831e+03 1.745391806582599958e+00 -1.559866029059664102e-04
9.928942934999999125e+03 1.743275023358560105e+00 -1.579369369191556080e-04
9.933764889999998559e+03 1.741055815319429989e+00 -1.663075736907312376e-04
9.938599036999999953e+03 1.738780791833079986e+00 -1.115153219236859970e-04
9.943445374999999331e+03 1.737516619608499902e+00 -5.402157554374438053e-05
