# energy mu dmude
6.922104415000000699e+03 8.860329077915569673e-01 3.927858657534015192e-05
6.927104415000000699e+03 8.846206028317450398e-01 1.489360566410661203e-05
6.932104415000000699e+03 8.825750940495650232e-01 -1.262997663456663363e-05
6.937104415000000699e+03 8.804480853309020194e-01 -1.236420229217327455e-05
6.942104415000000699e+03 8.784094779004230080e-01 -8.446678691748743084e-06
6.947104415000000699e+03 8.763841953601410051e-01 -1.253595731894546102e-05
6.952104415000000699e+03 8.742394017953819541e-01 -8.762335535581385409e-06
6.957104415000000699e+03 8.723121087407630370e-01 3.514385878915281345e-06
6.962104415000000699e+03 8.704861043091219885e-01 5.602504182584415746e-06
6.967104415000000699e+03 8.686130333388369928e-01 5.997259837779804843e-06
6.972104415000000699e+03 8.667972795114790019e-01 2.921993440400721612e-06
6.977104415000000699e+03 8.648443532218600405e-01 -4.244495997524961759e-06
6.982104415000000699e+03 8.628425074503840442e-01 -1.722928586162737677e-06
6.987104415000000699e+03 8.609550586007119755e-01 3.762644260538948664e-06
6.992104415000000699e+03 8.590956564795739769e-01 3.135539192987488545e-06
6.997104415000000699e+03 8.571919236177369950e-01 -3.454597325541786164e-07
7.002104415000000699e+03 8.552421305369609650e-01 -3.110165784233891065e-06
7.007104415000000699e+03 8.532666066638450175e-01 -3.433445088730841308e-07
7.012104415000000699e+03 8.513886595202769803e-01 2.136002811569614935e-06
7.017104415000000699e+03 8.494775167596989585e-01 -2.295719668327167091e-07
7.022104415000000699e+03 8.475381428306340004e-01 -1.951026128402543042e-06
7.027104415000000699e+03 8.455822991388100007e-01 -8.978619952618335591e-07
7.032104415000000699e+03 8.436702726805970221e-01 3.705492534052900334e-06
7.037104415000000699e+03 8.418339641114079841e-01 1.211637014247523721e-05
7.042104415000000699e+03 8.401403425750809673e-01 2.212156540663782361e-05
7.047104415000000699e+03 8.385638385104710046e-01 2.568910931468730110e-05
7.052104415000000699e+03 8.369628552438750368e-01 2.478387848775328884e-05
7.057104415000000699e+03 8.353628450866490418e-01 3.053034002485254043e-05
7.062104415000000699e+03 8.339110799565619958e-01 4.331211807590486956e-05
7.067104415000000699e+03 8.326429737179009694e-01 5.224268259023913874e-05
7.072104415000000699e+03 8.314231081987659699e-01 6.499197439563655291e-05
7.077104415000000699e+03 8.304860623096309569e-01 8.686880973800624299e-05
7.082770000000000437e+03 8.297285211230840396e-01 9.897399154881063082e-05
7.083770000000000437e+03 8.296365323480340281e-01 1.243659192508165048e-04
7.084770000000000437e+03 8.296054910108919822e-01 1.454720778631974493e-04
7.085770000000000437e+03 8.296231147908610382e-01 1.473588515864285384e-04
7.086770000000000437e+03 8.296018722092549647e-01 1.597998695786605628e-04
7.087770000000000437e+03 8.296841070723780520e-01 1.728372518013624338e-04
7.088770000000000437e+03 8.297305727271420128e-01 1.828206224703194174e-04
7.089770000000000437e+03 8.298646551475029609e-01 1.594425582459289034e-04
7.089970000000000255e+03 8.297660547013649968e-01 1.007829897158664839e-04
7.090170000000000073e+03 8.298155540456080281e-01 4.078879293989681114e-04
7.090370000000000800e+03 8.300359368660690240e-01 3.226513706327930903e-04
7.090570000000000618e+03 8.299969028380490554e-01 1.334577494944868387e-04
7.090770000000000437e+03 8.300207743312979503e-01 1.939892248910114281e-04
7.090970000000000255e+03 8.300446130391380128e-01 5.759541200730027238e-05
7.091170000000000073e+03 8.299268152253990172e-01 2.332135558350657638e-04
7.091370000000000800e+03 8.301330647054330214e-01 4.189422381471934816e-04
7.091570000000000618e+03 8.302081792617990175e-01 3.100670747203634935e-04
7.091770000000000437e+03 8.303013424615619531e-01 3.789874336553000463e-04
7.091970000000000255e+03 8.304480431058980372e-01 3.680667190511681722e-04
7.092170000000000073e+03 8.305298631953169641e-01 1.402192615933799808e-04
7.092370000000000800e+03 8.304399036076780538e-01 1.700434552076731623e-04
7.092570000000000618e+03 8.305527014427259713e-01 9.041898371792085653e-05
7.092770000000000437e+03 8.303800376366420322e-01 1.454579835551551945e-04
7.092970000000000255e+03 8.305500032918380349e-01 3.091823682373232517e-04
7.093170000000000073e+03 8.305473964672589471e-01 3.555262172697932458e-04
7.093370000000000800e+03 8.307654984772999684e-01 3.624853049281200361e-04
7.093570000000000618e+03 8.307701199067379916e-01 2.820280010133308351e-04
7.093770000000000437e+03 8.309046526532849475e-01 3.568659914952467915e-04
7.093970000000000255e+03 8.309870066867449667e-01 1.589180693207802074e-04
7.094170000000000073e+03 8.309159352027100098e-01 2.355593002136648940e-04
7.094370000000000800e+03 8.310778948270519662e-01 3.224086973594931160e-04
7.094570000000000618e+03 8.310970319356639768e-01 3.547169189927287954e-04
7.094770000000000437e+03 8.312925494118760250e-01 3.499756336957766077e-04
7.094970000000000255e+03 8.313067618498739542e-01 3.052735963957835643e-04
7.095170000000000073e+03 8.314558482856210242e-01 4.688296524600991120e-04
7.095370000000000800e+03 8.316399428658249882e-01 3.381898243678249497e-04
7.095570000000000618e+03 8.316533365342859696e-01 8.683377606602325327e-05
7.095770000000000437e+03 8.315763530170510176e-01 1.226266648916329632e-04
7.095970000000000255e+03 8.316269239859169771e-01 4.892011041804263105e-04
7.096170000000000073e+03 8.319306934198279491e-01 6.610552242300603201e-04
7.096370000000000800e+03 8.321597655507030344e-01 4.347820965286678567e-04
7.096570000000000618e+03 8.322285099749470172e-01 4.703291093507094389e-04
7.096770000000000437e+03 8.324945040201340296e-01 4.826846062330410235e-04
7.096970000000000255e+03 8.325760818320789847e-01 2.443612971711201908e-04
7.097170000000000073e+03 8.325945346045350304e-01 3.009433720835365841e-04
7.097370000000000800e+03 8.327348829953750142e-01 5.223600343564159662e-04
7.097570000000000618e+03 8.329833164717690419e-01 5.916947113938185584e-04
7.097770000000000437e+03 8.331956812938410284e-01 4.835977551445035127e-04
7.097970000000000255e+03 8.333318367969489993e-01 4.304217440291461323e-04
7.098170000000000073e+03 8.334889688450130008e-01 4.362634024230444799e-04
7.098370000000000800e+03 8.336311919525010161e-01 4.193047410059446561e-04
7.098570000000000618e+03 8.337707094053009582e-01 5.045588695255692801e-04
7.098770000000000437e+03 8.340014841343750263e-01 5.711561814779386520e-04
7.098970000000000255e+03 8.342101747764280040e-01 4.547578625458168584e-04
7.099170000000000073e+03 8.343200490861280016e-01 5.673510122877930802e-04
7.099370000000000800e+03 8.346456878005199531e-01 7.552199334769448382e-04
7.099570000000000618e+03 8.349506975002110032e-01 6.853243682009782381e-04
7.099770000000000437e+03 8.352037372008720428e-01 5.001594360934105352e-04
7.099970000000000255e+03 8.353164200856180166e-01 5.969128787498516461e-04
7.100170000000000073e+03 8.356699554970450361e-01 7.055368389539725792e-04
7.100370000000000800e+03 8.358954637427019607e-01 6.890080323862675642e-04
7.100570000000000618e+03 8.362318310398110244e-01 7.282984118651545562e-04
7.100770000000000437e+03 8.364981493538590218e-01 7.247968888696751204e-04
7.100970000000000255e+03 8.368308796946749561e-01 7.212622240730366761e-04
7.101170000000000073e+03 8.370935266287560239e-01 8.815511000893772736e-04
7.101370000000000800e+03 8.375927455624430085e-01 8.152054273641037938e-04
7.101570000000000618e+03 8.377864806795000119e-01 7.107230229652175286e-04
7.101770000000000437e+03 8.381771759968229540e-01 8.401380876646314527e-04
7.101970000000000255e+03 8.385053317458880384e-01 8.169479614526248138e-04
7.102170000000000073e+03 8.388719399800800280e-01 9.109740326861968983e-04
7.102370000000000800e+03 8.392977585781340455e-01 9.796678487303941626e-04
7.102570000000000618e+03 8.397357175950900254e-01 8.900258144621819596e-04
7.102770000000000437e+03 8.400684269486440314e-01 8.950638857120464358e-04
7.102970000000000255e+03 8.405116189013720485e-01 9.208390564094702047e-04
7.103170000000000073e+03 8.408711003679200102e-01 1.116875810203571797e-03
7.103370000000000800e+03 8.415179114619220080e-01 1.423267258249245101e-03
7.103570000000000618e+03 8.421956351067190205e-01 1.207798063913875005e-03
7.103770000000000437e+03 8.426186430032459596e-01 1.083267632202060404e-03
7.103970000000000255e+03 8.431670195787990263e-01 1.260081724897386827e-03
7.104170000000000073e+03 8.437736804537729896e-01 1.408995147553553052e-03
7.104370000000000800e+03 8.444767301845319540e-01 1.614979731086674383e-03
7.104570000000000618e+03 8.452973427966300468e-01 1.494162519283137374e-03
7.104770000000000437e+03 8.458749022994449529e-01 1.248995205750200654e-03
7.104970000000000255e+03 8.464408649192159961e-01 1.536172888620012137e-03
7.105170000000000073e+03 8.473167096774569806e-01 1.961936951321538967e-03
7.105370000000000800e+03 8.483249042315700317e-01 2.005563653767377611e-03
7.105570000000000618e+03 8.492460631031939489e-01 1.700926989927330820e-03
7.105770000000000437e+03 8.499378381355009449e-01 1.583845145496309620e-03
7.105970000000000255e+03 8.507373866245809824e-01 2.044657096482255416e-03
7.106170000000000073e+03 8.519077970756629981e-01 2.442050495730508156e-03
7.106370000000000800e+03 8.531201095038359883e-01 2.526085510630027807e-03
7.106570000000000618e+03 8.543778053095240077e-01 2.412901405538553541e-03
7.106770000000000437e+03 8.554725558527980223e-01 2.487288118007728414e-03
7.106970000000000255e+03 8.568075155297849577e-01 3.016039903761572830e-03
7.107170000000000073e+03 8.584514691305340506e-01 3.377192368906321504e-03
7.107370000000000800e+03 8.601615500712590512e-01 3.396591240426482996e-03
7.107570000000000618e+03 8.618256528607910472e-01 3.385028383024275053e-03
7.107770000000000437e+03 8.635237237113120301e-01 3.871035431209905557e-03
7.107970000000000255e+03 8.656926315228019586e-01 4.699764909747662991e-03
7.108170000000000073e+03 8.682514857800089914e-01 4.933038275102761584e-03
7.108370000000000800e+03 8.706626895968040403e-01 5.057657572405615219e-03
7.108570000000000618e+03 8.733509832260250016e-01 5.796349621343016220e-03
7.108770000000000437e+03 8.765294505164069605e-01 6.727413548170104590e-03
7.108970000000000255e+03 8.801848201330659816e-01 7.389862621870415919e-03
7.109170000000000073e+03 8.840513589657099658e-01 8.246459332575993909e-03
7.109370000000000800e+03 8.885964570811230034e-01 9.874064716621335294e-03
7.109570000000000618e+03 8.941535544657489565e-01 1.166330779404391865e-02
7.109770000000000437e+03 9.005571007134419714e-01 1.369895262162023654e-02
7.109970000000000255e+03 9.082285784053479860e-01 1.683530472669112280e-02
7.110170000000000073e+03 9.178897858313690428e-01 2.113081930919880752e-02
7.110370000000000800e+03 9.300229217260990167e-01 2.651179906743133738e-02
7.110570000000000618e+03 9.452732365841139961e-01 3.372029380715008129e-02
7.110770000000000437e+03 9.648936802430460036e-01 4.384731116777307314e-02
7.110970000000000255e+03 9.906627092641220322e-01 5.651956836368107057e-02
7.111170000000000073e+03 1.023445552719350005e+00 7.039233117396903605e-02
7.111370000000000800e+03 1.063623920784559918e+00 8.425928019670475555e-02
7.111570000000000618e+03 1.110810064628249938e+00 9.646567818658106919e-02
7.111770000000000437e+03 1.163666954595999892e+00 1.039138923204623727e-01
7.111970000000000255e+03 1.218589397560120080e+00 1.052688980086695231e-01
7.112170000000000073e+03 1.272853702664630049e+00 1.014425161274882803e-01
7.112370000000000800e+03 1.323801765428620048e+00 9.324809630768507440e-02
7.112570000000000618e+03 1.369554703686659991e+00 8.376161579395856316e-02
7.112770000000000437e+03 1.410649364073010004e+00 7.475658997168294073e-02
7.112970000000000255e+03 1.447048976540989962e+00 6.654767428883241742e-02
7.113170000000000073e+03 1.479617213541090104e+00 5.992865358521266839e-02
7.113370000000000800e+03 1.509141792192099985e+00 5.526057848203241168e-02
7.113570000000000618e+03 1.536861400424849977e+00 5.201992947668139522e-02
7.113770000000000437e+03 1.563019986960159979e+00 4.979057884467706641e-02
7.113970000000000255e+03 1.588424016851109899e+00 4.753499826396439393e-02
7.114170000000000073e+03 1.612239780563530012e+00 4.540672934570411795e-02
7.114370000000000800e+03 1.635433223505230016e+00 4.346237917606837059e-02
7.114570000000000618e+03 1.657229432699369953e+00 4.030497124739187281e-02
7.114770000000000437e+03 1.677143344233519962e+00 3.647293537186056117e-02
7.114970000000000255e+03 1.694959300545499925e+00 3.236906348717318721e-02
7.115170000000000073e+03 1.710610609007130023e+00 2.815244357290875438e-02
7.115370000000000800e+03 1.724046853303980109e+00 2.359684741710610725e-02
7.115570000000000618e+03 1.734966362451070054e+00 1.915398491676719231e-02
7.115770000000000437e+03 1.743787901445930100e+00 1.559877347293365038e-02
7.115970000000000255e+03 1.751014689267949898e+00 1.257477296459841472e-02
7.116170000000000073e+03 1.756695264260929923e+00 1.031233897162526017e-02
7.116370000000000800e+03 1.761572110768820032e+00 9.556917200943822188e-03
7.116570000000000618e+03 1.766468045487630034e+00 1.010793815849761988e-02
7.116770000000000437e+03 1.771917225560649900e+00 1.191111117962871148e-02
7.116970000000000255e+03 1.778686077143369904e+00 1.494731634575918212e-02
7.117170000000000073e+03 1.787288897932669984e+00 1.974773242554293470e-02
7.117370000000000800e+03 1.799043837996270101e+00 2.587744696421765203e-02
7.117570000000000618e+03 1.814013460859430049e+00 3.281357700794560600e-02
7.117770000000000437e+03 1.832972809361280042e+00 4.062246043964826137e-02
7.117970000000000255e+03 1.856053350753140041e+00 4.856065347422684059e-02
7.118170000000000073e+03 1.883257928874779941e+00 5.593496203222402680e-02
7.118370000000000800e+03 1.913998005262079971e+00 6.215011103254537012e-02
7.118570000000000618e+03 1.947658124387289913e+00 6.661313431150833742e-02
7.118770000000000437e+03 1.983033846641609976e+00 6.967951894439865235e-02
7.118970000000000255e+03 2.019878953243269937e+00 7.201363261648079106e-02
7.119170000000000073e+03 2.057679068945970080e+00 7.366443967591240760e-02
7.119370000000000800e+03 2.096238833178790006e+00 7.517800754188355694e-02
7.119570000000000618e+03 2.135611059126949929e+00 7.656213826329830163e-02
7.119770000000000437e+03 2.175608490039170118e+00 7.831048854328048758e-02
7.119970000000000255e+03 2.216796689654319863e+00 8.031330916325356284e-02
7.120170000000000073e+03 2.258874407078470092e+00 8.150847520337549390e-02
7.120370000000000800e+03 2.301303999841049830e+00 8.325909410204800076e-02
7.120570000000000618e+03 2.345200047297419932e+00 8.445006082072235853e-02
7.120770000000000437e+03 2.388866671462570146e+00 8.428859171658786842e-02
7.120970000000000255e+03 2.432595004448620202e+00 8.420804693072712899e-02
7.121170000000000073e+03 2.476177968484670089e+00 8.259227153741223459e-02
7.121370000000000800e+03 2.518228030474749968e+00 7.982661964957939171e-02
7.121570000000000618e+03 2.558938371640040010e+00 7.686708316167853439e-02
7.121770000000000437e+03 2.597914427013490180e+00 7.239518362998387246e-02
7.121970000000000255e+03 2.633979902739650214e+00 6.819531623467835202e-02
7.122170000000000073e+03 2.668593646577449796e+00 6.411016371948627390e-02
7.122370000000000800e+03 2.700415962635950073e+00 6.037239496919817594e-02
7.122570000000000618e+03 2.731147366818159838e+00 5.756998308832185496e-02
7.122770000000000437e+03 2.760058878195100096e+00 5.245916432473543556e-02
7.122970000000000255e+03 2.785481785334300131e+00 5.110996609763897996e-02
7.123170000000000073e+03 2.812991913658879906e+00 5.010111402905602362e-02
7.123370000000000800e+03 2.837366947948340101e+00 4.538307653210974651e-02
7.123570000000000618e+03 2.859976552646480208e+00 4.439102033395882219e-02
7.123770000000000437e+03 2.883321159593760008e+00 4.209605711727264221e-02
7.123970000000000255e+03 2.903547035575789970e+00 3.812798270029642278e-02
7.124170000000000073e+03 2.922770089346689915e+00 3.831193494431997526e-02
7.124370000000000800e+03 2.943187032550839799e+00 3.673682182510502187e-02
7.124570000000000618e+03 2.960774050351270059e+00 3.339741118576223383e-02
7.124770000000000437e+03 2.977722419864039960e+00 3.433513490861336837e-02
7.124970000000000255e+03 2.996283431038170075e+00 3.355770234050174661e-02
7.125170000000000073e+03 3.012424298136969991e+00 2.985400429658176605e-02
7.125370000000000800e+03 3.027138358162280163e+00 3.052008374122893927e-02
7.125570000000000618e+03 3.043971067591220159e+00 3.209466229461865189e-02
7.125770000000000437e+03 3.060320608344949900e+00 2.920963502869875286e-02
7.125970000000000255e+03 3.074156702276729991e+00 2.800697488019748133e-02
7.126170000000000073e+03 3.089257065914739808e+00 3.126516104014912673e-02
7.126370000000000800e+03 3.106477367425799940e+00 3.246830053854299347e-02
7.126570000000000618e+03 3.122827406069910161e+00 2.971807945210996199e-02
7.126770000000000437e+03 3.137191112350210087e+00 3.031448860932493480e-02
7.126970000000000255e+03 3.154160628301959868e+00 3.572842734986871743e-02
7.127170000000000073e+03 3.174147675797169832e+00 3.631022352273542003e-02
7.127370000000000800e+03 3.191721490865480071e+00 3.336971815382976797e-02
7.127570000000000618e+03 3.208654298956420181e+00 3.566346344093830611e-02
7.127770000000000437e+03 3.228610577703619811e+00 4.218131814785453654e-02
7.127970000000000255e+03 3.252313340676340037e+00 4.517582989819247247e-02
7.128170000000000073e+03 3.275379954089519874e+00 4.195186194362121590e-02
7.128370000000000800e+03 3.295734051193860203e+00 4.208176300959241833e-02
7.128570000000000618e+03 3.318935590038070149e+00 4.804276379509043321e-02
7.128770000000000437e+03 3.345481249885379871e+00 5.109507672161212738e-02
7.128970000000000255e+03 3.371853160228619917e+00 4.902710805723427268e-02
7.129170000000000073e+03 3.396250865697640009e+00 4.686476700885140734e-02
7.129370000000000800e+03 3.420376799106120025e+00 4.853340876630375667e-02
7.129570000000000618e+03 3.446507686721690167e+00 5.044384005894445022e-02
7.129770000000000437e+03 3.472617943843530064e+00 4.831431086181790097e-02
7.129970000000000255e+03 3.496536935485309971e+00 4.336003817069224858e-02
7.130170000000000073e+03 3.517501296587810078e+00 4.016745716837038377e-02
7.130370000000000800e+03 3.538104223310469809e+00 3.870190669355837859e-02
7.130570000000000618e+03 3.557546348794410118e+00 3.420809981361797036e-02
7.130770000000000437e+03 3.573481655388480061e+00 2.619242605839617460e-02
7.130970000000000255e+03 3.584598073701879883e+00 1.831465927798204066e-02
7.131170000000000073e+03 3.592350914120999938e+00 1.347562617243218755e-02
7.131370000000000800e+03 3.598441133283159843e+00 7.322479493395153520e-03
7.131570000000000618e+03 3.599802833170420158e+00 -3.045238698935464651e-03
7.131770000000000437e+03 3.595124327415359922e+00 -1.217998444373089365e-02
7.131970000000000255e+03 3.586997964231319891e+00 -1.857384917783501746e-02
7.132170000000000073e+03 3.575678289300740165e+00 -2.262707350669323700e-02
7.132370000000000800e+03 3.563341929566250066e+00 -2.678889220847977676e-02
7.132570000000000618e+03 3.547699463456019942e+00 -3.394312426658364218e-02
7.132770000000000437e+03 3.527932157432509985e+00 -3.975807583133102868e-02
7.132970000000000255e+03 3.506249826749769927e+00 -4.106558399771492035e-02
7.133170000000000073e+03 3.485124440239350196e+00 -4.002298202940936939e-02
7.133370000000000800e+03 3.464525037698130028e+00 -4.034247494610612716e-02
7.133570000000000618e+03 3.443067800796999922e+00 -4.238346539076533886e-02
7.133770000000000437e+03 3.420348465571609875e+00 -4.326844685658547823e-02
7.133970000000000255e+03 3.397972017539789835e+00 -4.144630057739123741e-02
7.134170000000000073e+03 3.377145306291589932e+00 -3.764676434641177349e-02
7.134370000000000800e+03 3.358715354463119862e+00 -3.414418767875409405e-02
7.134570000000000618e+03 3.341526693935029879e+00 -3.307671606109795909e-02
7.134770000000000437e+03 3.324205501815789887e+00 -3.213782961211006373e-02
7.134970000000000255e+03 3.307992042359920060e+00 -2.999976693239517211e-02
7.135170000000000073e+03 3.292891609758489935e+00 -2.677223120982686125e-02
7.135370000000000800e+03 3.280030521934580001e+00 -2.288694181971737129e-02
7.135570000000000618e+03 3.268965655490500222e+00 -2.060364240471915590e-02
7.135770000000000437e+03 3.258476181443910047e+00 -1.876446095253516896e-02
7.135970000000000255e+03 3.249321633043200208e+00 -1.597910708898346924e-02
7.136170000000000073e+03 3.241725245883929851e+00 -1.342189174777964379e-02
7.136370000000000800e+03 3.235226821815719855e+00 -9.960254448788131640e-03
7.136570000000000618e+03 3.231225962538720076e+00 -5.823508095901286721e-03
7.136770000000000437e+03 3.229024287542999971e+00 -5.347835833954407703e-03
7.136970000000000255e+03 3.225517498768749824e+00 -5.615507514180717585e-03
7.137170000000000073e+03 3.223037798981169821e+00 -2.570213228781472511e-03
7.137370000000000800e+03 3.222694091595029953e+00 3.861534859181675475e-04
7.137570000000000618e+03 3.223285106048949800e+00 4.132711139337314106e-03
7.137770000000000437e+03 3.226832867162209961e+00 6.981655629133797815e-03
7.137970000000000255e+03 3.230383018713209875e+00 6.512011573708380990e-03
7.138170000000000073e+03 3.233442970691609908e+00 6.798656573763934945e-03
7.138370000000000800e+03 3.237290854211920088e+00 8.759481861013147450e-03
7.138570000000000618e+03 3.242387473057359859e+00 1.142082461199495774e-02
7.138770000000000437e+03 3.248999635801300023e+00 1.403142579528920443e-02
7.138970000000000255e+03 3.256807829700179902e+00 1.476344561770769753e-02
7.139170000000000073e+03 3.264180325620170020e+00 1.414298795858401001e-02
7.139370000000000800e+03 3.271344063552020121e+00 1.308682181026301489e-02
7.139570000000000618e+03 3.277619542509630168e+00 1.338802281318020836e-02
7.139770000000000437e+03 3.285096131416469944e+00 1.465734221748200318e-02
7.139970000000000255e+03 3.292690025018790045e+00 1.450497609774907028e-02
7.140170000000000073e+03 3.300008354528559895e+00 1.430250594336787695e-02
7.140370000000000800e+03 3.307391946755430023e+00 1.309711604543340596e-02
7.140570000000000618e+03 3.313458263817710137e+00 1.145056651261203672e-02
7.140770000000000437e+03 3.319131620614479861e+00 9.959577121694439955e-03
7.140970000000000255e+03 3.323649279205589835e+00 8.707361215505729848e-03
7.141170000000000073e+03 3.328021986391660025e+00 8.253222699437632107e-03
7.141370000000000800e+03 3.332067941116700016e+00 6.423519600061552461e-03
7.141570000000000618e+03 3.334540175219700142e+00 5.604539002548693423e-03
7.141770000000000437e+03 3.337735472490159783e+00 3.413643536665008065e-03
7.141970000000000255e+03 3.337932070801679973e+00 6.808302582101496850e-05
7.142170000000000073e+03 3.337652406642170000e+00 -8.422019149947503188e-04
7.142370000000000800e+03 3.336903511650139986e+00 -7.277318282565345539e-04
7.142570000000000618e+03 3.336742745096879847e+00 -1.053240299417737991e-03
7.142770000000000437e+03 3.335655751487669907e+00 -2.841742416727442017e-03
7.142970000000000255e+03 3.333637306421370017e+00 -4.450297630550098874e-03
7.143170000000000073e+03 3.330879541260459931e+00 -5.070843645959020873e-03
7.143370000000000800e+03 3.328216548453319934e+00 -5.511388521604573647e-03
7.143570000000000618e+03 3.325001198846969874e+00 -5.624319991692614332e-03
7.143770000000000437e+03 3.322220906561470066e+00 -3.605063857943738986e-03
7.143970000000000255e+03 3.321102914680159834e+00 -3.238544295646631627e-03
7.144170000000000073e+03 3.318703318346260200e+00 -4.605324010538248275e-03
7.144370000000000800e+03 3.316165681901010132e+00 -4.204390467305400662e-03
7.144570000000000618e+03 3.314182526577280186e+00 -2.939903478130954321e-03
7.144770000000000437e+03 3.312958285451550022e+00 -2.256060446991612397e-03
7.144970000000000255e+03 3.311685423111510040e+00 1.483740071629675113e-04
7.145170000000000073e+03 3.312958616111389976e+00 2.343863154773828585e-03
7.145370000000000800e+03 3.313966160920810200e+00 4.112813248373032964e-03
7.145570000000000618e+03 3.317076724169079949e+00 4.800330964582414164e-03
7.145770000000000437e+03 3.318798378778180069e+00 6.854941676316945835e-03
7.146470000000000255e+03 3.332750893811419868e+00 1.055026998377843819e-02
7.147170000000000073e+03 3.356614322339590117e+00 1.460355814473086530e-02
7.147870000000000800e+03 3.385302057352820082e+00 1.695642888733803200e-02
7.148570000000000618e+03 3.417719051924169804e+00 1.689589056418181953e-02
7.149270000000000437e+03 3.446186707467679966e+00 1.455696299685224973e-02
7.149970000000000255e+03 3.470100824658190142e+00 1.180024300462923469e-02
7.150670000000000073e+03 3.488546770938619979e+00 8.692045060839908438e-03
7.151370000000000800e+03 3.501161424921920062e+00 6.493224282358837397e-03
7.152070000000000618e+03 3.511613834453700012e+00 4.316747388050341978e-03
7.153763695000000553e+03 3.527072754658029829e+00 2.368274048743082560e-03
7.154769583000000239e+03 3.527177557275170017e+00 -1.383440114598223592e-03
7.155787662000000637e+03 3.519023784112039976e+00 -3.388629528623322840e-03
7.156817933000000266e+03 3.508366133038530066e+00 -3.654216887846682953e-03
7.157860396000000037e+03 3.498558964386159875e+00 -2.551759882208990554e-03
7.158915051000000858e+03 3.493664077161640069e+00 -1.115291627817671357e-03
7.159981898000000001e+03 3.491599315886730004e+00 -4.514040426334852600e-04
7.161060937000000195e+03 3.490323759664000214e+00 -1.152811060002604778e-03
7.162152167000000190e+03 3.484268243995969794e+00 -2.596408080054955422e-03
7.163255590000000666e+03 3.474683481663459972e+00 -3.636964427761374408e-03
7.164371204000000034e+03 3.462458335658749942e+00 -3.892126505861687701e-03
7.165499011000000792e+03 3.451147471873010186e+00 -3.375216300806179338e-03
7.166639009000000442e+03 3.441710491177190079e+00 -2.525905240184844833e-03
7.167791199000000233e+03 3.435231748027350207e+00 -2.288207110447074664e-03
7.168955582000000504e+03 3.427055308818550028e+00 -2.679080141362182726e-03
7.170132156000000577e+03 3.418046285915799842e+00 -3.876097577853364774e-03
7.171320922000000792e+03 3.402338682358390098e+00 -5.578761288013480042e-03
7.172521879000000808e+03 3.382509186851220040e+00 -7.429179105569790054e-03
7.173735029000000395e+03 3.354839255814949794e+00 -9.147993384237421491e-03
7.174960371000000123e+03 3.323646396004729997e+00 -9.971389006932080551e-03
7.176197904000000563e+03 3.290121990384089923e+00 -1.028188925140215149e-02
7.177447630000000572e+03 3.256282975139409785e+00 -9.037314948683044732e-03
7.178709547000000384e+03 3.230215248378169868e+00 -6.691273139777619353e-03
7.179983657000000676e+03 3.211244003715009843e+00 -3.364870289794231854e-03
7.181269958000000770e+03 3.206859177339090206e+00 -1.756158681704544499e-04
7.182568451000000096e+03 3.209071544941310083e+00 1.950573808822242622e-03
7.183879136000000472e+03 3.219071674110410175e+00 3.871311212622719454e-03
7.185202013000000079e+03 3.234533251036749935e+00 6.083592508857833987e-03
7.186537082000000737e+03 3.260038023696770093e+00 8.240272119337402681e-03
7.187884342000000288e+03 3.290897100210650184e+00 9.255513145908304470e-03
7.189243795000000318e+03 3.324049887020950056e+00 9.722938452455883937e-03
7.190615440000000490e+03 3.358800553064369865e+00 1.007185696645059546e-02
7.191999276000000464e+03 3.395056138936260126e+00 9.473298603802561557e-03
7.193395305000000008e+03 3.426114486417190186e+00 6.249728646066058692e-03
7.194803525000000263e+03 3.439487192327809861e+00 1.186791748266248416e-03
7.196223937000000660e+03 3.433744104136129849e+00 -3.746907008542573175e-03
7.197656541000000288e+03 3.410631691621329953e+00 -7.355527296571316709e-03
7.199101337000000058e+03 3.377679335347270051e+00 -9.637807815578186554e-03
7.200558325000000877e+03 3.336894712354559811e+00 -1.110265659428890522e-02
7.202027505000000019e+03 3.292192275247539879e+00 -1.188629598912039481e-02
7.203508877000000211e+03 3.244691282094239959e+00 -1.192143077162850957e-02
7.205002440000000206e+03 3.198955470885390007e+00 -1.028424805649502324e-02
7.206508196000000680e+03 3.163441166259969961e+00 -6.104945537776745521e-03
7.208026143000000047e+03 3.149859172402320162e+00 4.643113899285538759e-04
7.209556283000000803e+03 3.165944316222410126e+00 8.655907868416783807e-03
7.211098614000000453e+03 3.217737141119989985e+00 1.697832240326947045e-02
7.212653137000000243e+03 3.301286393603330094e+00 2.342870567246202115e-02
7.214219852000000174e+03 3.406424625969069808e+00 2.617188122055183475e-02
7.215798759000000246e+03 3.513854831282260172e+00 2.457939640949985752e-02
7.217389858000000459e+03 3.607532230528350148e+00 1.970658088019522358e-02
7.218993149000000813e+03 3.676090054213589919e+00 1.251651390910209390e-02
7.220608632000000398e+03 3.710910000592420044e+00 3.748796357204572331e-03
7.222236307000000124e+03 3.706413675374800043e+00 -5.365767678053441105e-03
7.223876173000000563e+03 3.664126253752579832e+00 -1.289454428707740262e-02
7.225528232000000571e+03 3.594923855586389827e+00 -1.768130718741589558e-02
7.227192482000000382e+03 3.510589653133359800e+00 -1.988962278723026972e-02
7.228868924000000334e+03 3.421101773391209910e+00 -2.029852586696004324e-02
7.230557558000000427e+03 3.331925800953989825e+00 -1.949079575563145497e-02
7.232258385000000089e+03 3.248252390480300011e+00 -1.737373519680214529e-02
7.233971403000000464e+03 3.176600072556219789e+00 -1.380306248049519707e-02
7.235696613000000070e+03 3.123696349106050096e+00 -9.319902090425161850e-03
7.237434014000000388e+03 3.091470368516100020e+00 -4.806559074768257736e-03
7.239183608000000277e+03 3.078833967786000159e+00 -6.775611038898636442e-04
7.240945394000000306e+03 3.083942406105209866e+00 2.863284851021716867e-03
7.242719371000000137e+03 3.103763305942440098e+00 5.422442807328269748e-03
7.244505541000000449e+03 3.132702108118429862e+00 6.516366956400751129e-03
7.246303902000000562e+03 3.163039148107320120e+00 5.936725187969007014e-03
7.248114455000000817e+03 3.186949192045210211e+00 3.687614011471328744e-03
7.249937201000000641e+03 3.196433369605229835e+00 8.033501041669707148e-04
7.251772138000000268e+03 3.193173107108139952e+00 -1.744351812170652017e-03
7.253619267000000036e+03 3.178339671865809901e+00 -3.122739333847466842e-03
7.255478588000000855e+03 3.161693262626029899e+00 -2.291585651177609727e-03
7.257350100000000566e+03 3.154704819367220026e+00 3.829105636679320775e-05
7.259233805000000757e+03 3.160622930745129899e+00 2.408835215777766544e-03
7.261129702000000179e+03 3.176893189153419783e+00 3.620444360221648956e-03
7.263037790000000314e+03 3.194922466180219800e+00 3.628152646416883936e-03
7.264958071000000018e+03 3.211489217648039851e+00 3.060757348346574563e-03
7.266890543000000434e+03 3.224062381316279868e+00 3.162885358409204921e-03
7.268835207000000082e+03 3.241841749797199856e+00 4.652528406093020714e-03
7.270792064000000209e+03 3.269697482762090157e+00 6.083306963167865039e-03
7.272761112000000139e+03 3.302347967565959941e+00 5.924604938235977607e-03
7.274742352000000210e+03 3.328951575093389792e+00 4.348413761834825884e-03
7.276735784000000422e+03 3.345699925940670116e+00 2.929202935007454815e-03
7.278741407000000436e+03 3.357831926440010051e+00 2.868521137565457901e-03
7.280759223000000020e+03 3.374122391456280123e+00 3.776580807328888505e-03
7.282789231000000655e+03 3.395971239465569891e+00 4.387120957383796802e-03
7.284831430000000182e+03 3.418947470113749887e+00 4.175483705716129430e-03
7.286885822000000189e+03 3.438813413828010201e+00 2.485612879645946686e-03
7.288952404999999999e+03 3.443961481210649822e+00 -9.555926586249401848e-04
7.291031180000000859e+03 3.426933484503969840e+00 -5.354471253364747989e-03
7.293122148000000379e+03 3.384382568728390162e+00 -8.944560827784305349e-03
7.295225307000000612e+03 3.327906955114559917e+00 -1.038631943699527306e-02
7.297340658000000076e+03 3.268987043279170113e+00 -1.005140191035292820e-02
7.299468201000000590e+03 3.215534371649380052e+00 -8.722395844492570466e-03
7.301607934999999998e+03 3.170695157168979872e+00 -7.171525108540131518e-03
7.303759862000000794e+03 3.133963946689140023e+00 -5.471823757643269094e-03
7.305923981000000822e+03 3.107710587002160185e+00 -3.722715200333704191e-03
7.308100291000000652e+03 3.090337360808579792e+00 -2.033079760137825650e-03
7.310288794000000053e+03 3.082989396542699989e+00 -5.015805279251629549e-04
7.312489488000000165e+03 3.082933190646449884e+00 1.769140599927472004e-04
7.314702374000000418e+03 3.083320134738179785e+00 1.589379323808384704e-04
7.316927453000000241e+03 3.083058598447910192e+00 -1.072615784273235102e-04
7.319164723000000777e+03 3.080361681014290198e+00 -3.498592799956214681e-04
7.321414185000000543e+03 3.077257551302909899e+00 -2.262713037115807624e-04
7.323675838000000113e+03 3.075976817109349781e+00 -7.565001062218764121e-05
7.325949684000000161e+03 3.074622899799940079e+00 -8.414403443877674024e-05
7.328235722000000351e+03 3.073227425852110173e+00 -3.602903843982704652e-04
7.330533952000000681e+03 3.068571573721650125e+00 -1.187656959393104282e-03
7.332844373000000814e+03 3.057242598181439952e+00 -1.856455835192292623e-03
7.335166987000000518e+03 3.044456130951179951e+00 -1.770456003017285970e-03
7.337501792000000023e+03 3.034040307561140182e+00 -8.031877281362315591e-04
7.339848789000000579e+03 3.032891659135270146e+00 8.942072079497089378e-04
7.342207978000000367e+03 3.043158678163659925e+00 2.843356009757110926e-03
7.344579359000000295e+03 3.066000330170449928e+00 4.554022587471261325e-03
7.346962932000000364e+03 3.097559900833120050e+00 5.375721943796807172e-03
7.349358697000000575e+03 3.130878218994450179e+00 5.424546476547937104e-03
7.351766654000000017e+03 3.163377821902400022e+00 4.960322215853234240e-03
7.354186803000000509e+03 3.191210199147910043e+00 4.344397819643331347e-03
7.356619143000000804e+03 3.216253574233889800e+00 3.985044475998696274e-03
7.359063676000000669e+03 3.239800891509979852e+00 3.490384890378287613e-03
7.361520400000000336e+03 3.258791647064500197e+00 2.625025329424574005e-03
7.363989317000000483e+03 3.271482305169139959e+00 1.413980552699140372e-03
7.366470425000000432e+03 3.275063478619740120e+00 -2.781642027615845560e-04
7.368963725000000522e+03 3.265976812402170193e+00 -2.257450051122756023e-03
7.371469217000000754e+03 3.243839189011569868e+00 -4.332695706059699545e-03
7.373986901000000216e+03 3.207531410576780040e+00 -6.525367989413236904e-03
7.376516777000000729e+03 3.156370766511889858e+00 -8.294331751204159914e-03
7.379058845000000474e+03 3.096342663806970208e+00 -8.890414522126468058e-03
7.381613105000000360e+03 3.036759136447690022e+00 -7.800386342112382125e-03
7.384179556000000048e+03 2.990652788970579845e+00 -5.194602245782469450e-03
7.386758200000000215e+03 2.965379904120760024e+00 -2.227854317021842837e-03
7.389349035000000185e+03 2.958759605983300123e+00 6.066863849545914359e-05
7.391952062000000296e+03 2.964201325785400076e+00 1.290773350510100378e-03
7.394567282000000887e+03 2.974243660459550131e+00 1.555463074723961378e-03
7.397194693000000370e+03 2.983361093238780182e+00 1.030630894059193043e-03
7.399834295999999995e+03 2.986314495556240178e+00 2.745170793587002221e-04
7.402486091000000670e+03 2.985098692354930083e+00 -8.241758160075135495e-06
7.405150078000000576e+03 2.984157048854959804e+00 1.095056269761093793e-04
7.407826256000000285e+03 2.984564127326479799e+00 2.612756169227154358e-04
7.410514627000000473e+03 2.985734214498310113e+00 3.079518452938456003e-04
7.413215190000000803e+03 2.986801622329299910e+00 2.419322040705883497e-04
7.415927944000000025e+03 2.987053812529290031e+00 -6.198447931236438380e-05
7.418652891000000636e+03 2.983835843709150115e+00 -6.276252422251632490e-04
7.421390029000000141e+03 2.976052039998489995e+00 -1.147782023241837026e-03
7.424139359000000695e+03 2.965374446619740034e+00 -1.368311090974968537e-03
7.426900881000000481e+03 2.954352820701000137e+00 -9.921721336108464944e-04
7.429674595000000409e+03 2.948985581796200073e+00 -1.763835144155349714e-04
7.432460501000000477e+03 2.949669008164530037e+00 4.419841226200869650e-04
7.435258599000000686e+03 2.953247532979939916e+00 9.815019365334170815e-04
7.438068889000000127e+03 2.961806718522979942e+00 1.669687803653220354e-03
7.440891371000000618e+03 2.975503832337579979e+00 2.329124595289767691e-03
7.443726044000000002e+03 2.993846428639109991e+00 2.562048442463798169e-03
7.446572910000000775e+03 3.011118022003989925e+00 2.174822678380497910e-03
7.449431967000000441e+03 3.023876118216719977e+00 1.406001591209177356e-03
7.452303217000000586e+03 3.029836087919020038e+00 5.774145663260612940e-04
7.455186658000000534e+03 3.030292106947289898e+00 7.886143279531868328e-05
7.458082291000000623e+03 3.028797724858970142e+00 -2.852940956282553242e-04
7.460990116000000853e+03 3.023761605799649921e+00 -8.116371018239873199e-04
7.463910133000000314e+03 3.014274565714489817e+00 -1.405899543151478606e-03
7.466842342000000826e+03 3.000147000436169886e+00 -1.985150047741279008e-03
7.469786743000000570e+03 2.981722338005980077e+00 -2.359251344610082800e-03
7.472743335000000116e+03 2.961727322373469917e+00 -2.260810697417697194e-03
7.475712120000000141e+03 2.944658550133150143e+00 -1.861357381247550789e-03
7.478693096000000878e+03 2.930682452406069949e+00 -1.597940584638669025e-03
7.481686265000000276e+03 2.917572843359640178e+00 -1.629715609337234212e-03
7.484691625000000386e+03 2.902991253826550100e+00 -1.798807501068577395e-03
7.487709177000000636e+03 2.887124543135040078e+00 -1.826857497437127604e-03
7.490738921000000119e+03 2.871979213648600204e+00 -1.529489400949144090e-03
7.493780858000000080e+03 2.860675848115389996e+00 -9.055316892859248878e-04
7.496834985000000415e+03 2.855301321033500095e+00 -1.413963889159347619e-04
7.499901305000000320e+03 2.856075604002660029e+00 4.155085362555068309e-04
7.502979817000000367e+03 2.859568868827460086e+00 5.653294554312036490e-04
7.506070521000000554e+03 2.862760154305040050e+00 4.025826272157695179e-04
7.509173416000000543e+03 2.863662398979919921e+00 8.120307715996332972e-05
7.512288504000000103e+03 2.861680738352729847e+00 -2.228537265933526934e-04
7.515415783000000374e+03 2.857650132373250162e+00 -3.582598417436117020e-04
7.518555255000000216e+03 2.853441543542869940e+00 -2.752235191205799686e-04
7.521706918000000769e+03 2.850735373833409803e+00 -1.109669905072404586e-04
7.524870773000000554e+03 2.849193706684070015e+00 7.950385725306089682e-05
7.528046820000000480e+03 2.849606819336170105e+00 2.460831415446562264e-04
7.531235059000000547e+03 2.850813720203539958e+00 1.814562152460540861e-04
7.534435490000000755e+03 2.850160915628409786e+00 -3.990990117274732628e-05
7.537648112000000765e+03 2.847683576878960121e+00 -2.471373277638323263e-04
7.540872927000000345e+03 2.843554843211800076e+00 -3.658369795205080243e-04
7.544109934000000067e+03 2.839060773242620073e+00 -3.227380344532388584e-04
7.547359132000000500e+03 2.835625405051879877e+00 -1.444585504588028662e-04
7.550620523000000503e+03 2.834115522033549883e+00 1.501687022153838256e-04
7.553894105000000309e+03 2.835661261972020064e+00 4.979325226680087835e-04
7.557179879000000255e+03 2.840074853376239883e+00 7.190922788674380993e-04
7.560477845000000343e+03 2.845423687600689977e+00 6.250556412753064143e-04
7.563788003000000572e+03 2.848259833955399944e+00 2.537816372930131901e-04
7.567110353000000032e+03 2.847244564544169965e+00 -2.295126842321242413e-04
7.570444895000000542e+03 2.841733215947280122e+00 -7.186373205489938673e-04
7.573791629000000285e+03 2.832208097738249997e+00 -1.140355500169082815e-03
7.577150554000000739e+03 2.819298682065430217e+00 -1.386332858451989284e-03
7.580521672000000763e+03 2.805393314713839903e+00 -1.356494569535835783e-03
7.583904982000000018e+03 2.792910080498840042e+00 -1.115772468115806436e-03
7.587300482999999986e+03 2.783146765716840054e+00 -7.848995341217839461e-04
7.590708176000000094e+03 2.776428655802340106e+00 -4.486536473046859558e-04
7.594128061000000343e+03 2.772567620211479955e+00 -1.989721065827665164e-04
7.597560139000000163e+03 2.770254176448069927e+00 -8.301808538009186882e-05
7.601004408000000694e+03 2.768441617616720141e+00 -1.494056912228267759e-04
7.604460868000000119e+03 2.764923938125050107e+00 -3.575416226683054369e-04
7.607929521000000022e+03 2.759349758367509953e+00 -5.532635058044716760e-04
7.611410366000000067e+03 2.752268119271989999e+00 -5.846311610634267629e-04
7.614903403000000253e+03 2.746081495020189944e+00 -4.028374043073007114e-04
7.618408631000000241e+03 2.742257088493210038e+00 -1.072921259754606153e-04
7.621926052000000709e+03 2.741425053343069962e+00 8.868196969721918281e-05
7.625455664000000070e+03 2.741170609185879847e+00 3.643611325917866882e-05
7.628997468000000481e+03 2.739375459767340093e+00 -1.678176899808518142e-04
7.632551465000000462e+03 2.735350441167830216e+00 -4.158120454998990374e-04
7.636117653000000246e+03 2.728950134639020142e+00 -6.099061579927731727e-04
7.639696033000000170e+03 2.721288528027050013e+00 -6.844671363570512109e-04
7.643286605000000236e+03 2.713452232472839842e+00 -6.321715999732359717e-04
7.646889369000000443e+03 2.706714735768399827e+00 -4.843677375729139108e-04
7.650504324000000452e+03 2.701599212742280098e+00 -3.109906424604531395e-04
7.654131472000000031e+03 2.698082122227840163e+00 -1.797064928247561733e-04
7.657770811000000322e+03 2.695414715318800170e+00 -8.160448486036828565e-05
7.661422343000000183e+03 2.693734156047610018e+00 3.673462536941223802e-05
7.665086066000000756e+03 2.693300117336869803e+00 1.388212831678877835e-04
7.668761981999999989e+03 2.693558159794319895e+00 1.841671479021247113e-04
7.672450089000000844e+03 2.693990645858820088e+00 1.963733426107928026e-04
7.676150388000000021e+03 2.694485155991909853e+00 1.656682890272091757e-04
7.679862879000000248e+03 2.694329667155909824e+00 7.200065331795380138e-05
7.683587562000000617e+03 2.693016375614869951e+00 -9.633415591401028888e-05
7.687324437000000216e+03 2.689594517253940165e+00 -2.925198777318262222e-04
7.691073503000000528e+03 2.684452154171669935e+00 -4.201927432720147415e-04
7.694834762000000410e+03 2.678512519360479960e+00 -4.479398548571354461e-04
7.698608213000000433e+03 2.672791292559019816e+00 -4.286382589111741958e-04
7.702393855000000258e+03 2.667192786739589927e+00 -4.263947771613898997e-04
7.706191689000000224e+03 2.661479225026799789e+00 -4.366550098616980868e-04
7.710001716000000670e+03 2.655641650760189876e+00 -4.722031230728392245e-04
7.713823934000000008e+03 2.649186551885649887e+00 -5.059700406769494481e-04
7.717658344000000398e+03 2.642638354116809918e+00 -4.772895973530910814e-04
7.721504946000000018e+03 2.636713882451520163e+00 -3.743758073298570797e-04
7.725363740000000689e+03 2.632185247041340048e+00 -2.626528267535709234e-04
7.729234726000000592e+03 2.628470187384309931e+00 -2.050955287398239244e-04
7.733117903000000297e+03 2.625074475805309948e+00 -1.907772882282308263e-04
7.737013273000000481e+03 2.621626262673069974e+00 -2.053708063975939030e-04
7.740920835000000807e+03 2.617913404482239859e+00 -2.342295919303289677e-04
7.744840588000000025e+03 2.613856254707739968e+00 -2.078964219641418808e-04
7.748772533000000294e+03 2.610656085153019834e+00 -6.536563304055466360e-05
7.752716671000000133e+03 2.609491406554599990e+00 3.433669886359787656e-05
