# energy mu dmude
2.417823257799999919e+04 -1.795152614026370053e+00 -5.242622447231338637e-05
2.418323257799999919e+04 -1.795146524896910067e+00 -5.166106668253725095e-05
2.418823257799999919e+04 -1.795127567752990094e+00 -5.405535944206302441e-05
2.419323257799999919e+04 -1.795161744558559924e+00 -4.977133328599746872e-05
2.419823257799999919e+04 -1.795070740954080035e+00 -4.588796854599278002e-05
2.420323257799999919e+04 -1.795039609408489945e+00 -4.784938531814273094e-05
2.420823257799999919e+04 -1.794981591862210069e+00 -4.146175627037351611e-05
2.421323257799999919e+04 -1.794843036587749907e+00 -3.912875848669032766e-05
2.421823257799999919e+04 -1.794745783932560013e+00 -3.908015730616914713e-05
2.422323257799999919e+04 -1.794606411309439986e+00 -3.132152207934089353e-05
2.422823257799999919e+04 -1.794378678076750111e+00 -2.171842383367393820e-05
2.423323257799999919e+04 -1.794077805683599980e+00 -1.433073467550129058e-05
2.423823257799999919e+04 -1.793725830245989972e+00 -1.017212402777409960e-05
2.424323257799999919e+04 -1.793355020563220048e+00 -7.739046673504567514e-06
2.424823257799999919e+04 -1.792962126932009959e+00 2.551861196221059856e-06
2.425323257799999919e+04 -1.792418250264830037e+00 2.068961522692667950e-05
2.425823257799999919e+04 -1.791720325587399909e+00 3.554572369965674670e-05
2.426323257799999919e+04 -1.790926606833789902e+00 5.037397128983274301e-05
2.426823257799999919e+04 -1.789979308619350062e+00 6.799522643470777810e-05
2.427323257799999919e+04 -1.788889245021529906e+00 8.964785846342215186e-05
2.427823257799999919e+04 -1.787577804422650019e+00 1.109802579704962402e-04
2.428323257799999919e+04 -1.786128983939659909e+00 1.550012437157833288e-04
2.428823257799999919e+04 -1.784077221947359959e+00 2.090579165158729482e-04
2.429323257799999919e+04 -1.781719305253699925e+00 2.623523628698090008e-04
2.429823257799999919e+04 -1.778771265767419951e+00 3.512951860891774911e-04
2.430323257799999919e+04 -1.774917556244369976e+00 4.696770239187604687e-04
2.430823257799999919e+04 -1.769978634326589972e+00 6.235499712528270143e-04
2.431323257799999919e+04 -1.763537171874989928e+00 7.401155549012448107e-04
2.431450000000000000e+04 -1.761617440864770012e+00 9.257891340956996007e-04
2.431550000000000000e+04 -1.759804251331819946e+00 1.054395809801968176e-03
2.431650000000000000e+04 -1.757892217016360004e+00 1.162990461725011554e-03
2.431750000000000000e+04 -1.755713770128680018e+00 1.278506714225047594e-03
2.431850000000000000e+04 -1.753413197703199922e+00 1.334919010794126393e-03
2.431950000000000000e+04 -1.751045008449259921e+00 1.431777363741759332e-03
2.432050000000000000e+04 -1.748418653628839969e+00 1.601109423870714435e-03
2.432150000000000000e+04 -1.745480917171069901e+00 1.762667185644347647e-03
2.432170000000000073e+04 -1.744754159818620032e+00 1.433402415860058265e-03
2.432190000000000146e+04 -1.744480915185899983e+00 1.543151013928631020e-03
2.432209999999999854e+04 -1.743680330104550036e+00 1.497153069673229408e-03
2.432229999999999927e+04 -1.743438028224800096e+00 1.597068591975716375e-03
2.432250000000000000e+04 -1.742570230110890073e+00 2.629390065693556610e-03
2.432270000000000073e+04 -1.741633487015030068e+00 1.728780080636239079e-03
2.432290000000000146e+04 -1.741371527982439993e+00 1.065857189498265736e-03
2.432309999999999854e+04 -1.740880732191210090e+00 2.395779168198836594e-03
2.432329999999999927e+04 -1.739724136497730056e+00 3.034611932810307722e-03
2.432350000000000000e+04 -1.738803598796389904e+00 2.130534064454353213e-03
2.432370000000000073e+04 -1.738255175024489896e+00 2.187813732060916918e-03
2.432390000000000146e+04 -1.737296105370609967e+00 2.284131589753886794e-03
2.432409999999999854e+04 -1.736682888710139983e+00 2.122291206331195727e-03
2.432429999999999927e+04 -1.735832688856550066e+00 2.673971127422100028e-03
2.432450000000000000e+04 -1.734848357882299963e+00 2.436826625034567949e-03
2.432470000000000073e+04 -1.734157684804839894e+00 2.019236609673829858e-03
2.432490000000000146e+04 -1.733454266051720039e+00 2.270532273714212339e-03
2.432509999999999854e+04 -1.732594546731430096e+00 2.970357460571717775e-03
2.432529999999999927e+04 -1.731420356550809947e+00 2.532341435628348517e-03
2.432550000000000000e+04 -1.730855289999799984e+00 2.089261914459299325e-03
2.432570000000000073e+04 -1.729979158795329930e+00 2.587154351043678430e-03
2.432590000000000146e+04 -1.729079160696390005e+00 2.941793663642281592e-03
2.432609999999999854e+04 -1.727964464120790078e+00 2.851385499903439074e-03
2.432629999999999927e+04 -1.727125283467549899e+00 3.164611590763451946e-03
2.432650000000000000e+04 -1.725799880137310005e+00 3.495433995374021101e-03
2.432670000000000073e+04 -1.724738155713720023e+00 2.080554244635786972e-03
2.432690000000000146e+04 -1.724364540019180048e+00 2.315437010828042940e-03
2.432709999999999854e+04 -1.723144810286260098e+00 4.254232371100883682e-03
2.432729999999999927e+04 -1.721466969655939927e+00 4.320018751973170486e-03
2.432750000000000000e+04 -1.720202985516299909e+00 3.755030119587345148e-03
2.432770000000000073e+04 -1.718905211951279988e+00 3.853023185815574424e-03
2.432790000000000146e+04 -1.717575308012609936e+00 2.994649914798905733e-03
2.432809999999999854e+04 -1.716854960950279896e+00 3.257397208158025956e-03
2.432829999999999927e+04 -1.715348307273689921e+00 3.850535682517466137e-03
2.432850000000000000e+04 -1.714228956786590041e+00 3.545383632135847615e-03
2.432870000000000073e+04 -1.712927578468850021e+00 5.260012809498412420e-03
2.432890000000000146e+04 -1.710654799324669906e+00 5.029044839342522444e-03
2.432909999999999854e+04 -1.709508792838470015e+00 3.648560967370434970e-03
2.432929999999999927e+04 -1.708164663270290040e+00 4.932346588372257812e-03
2.432950000000000000e+04 -1.706155055986670055e+00 4.770593064994449982e-03
2.432970000000000073e+04 -1.704919737788149980e+00 4.392002266450835239e-03
2.432990000000000146e+04 -1.703164808006879971e+00 4.927684609408110664e-03
2.433009999999999854e+04 -1.701569137043130064e+00 5.108229055261809606e-03
2.433029999999999927e+04 -1.699692755264849975e+00 4.433006315087128883e-03
2.433050000000000000e+04 -1.698551305696990088e+00 4.829772636032772862e-03
2.433070000000000073e+04 -1.696408019767779995e+00 7.192135443896819150e-03
2.433090000000000146e+04 -1.693677412032670082e+00 6.811975737467231874e-03
2.433109999999999854e+04 -1.691789859008000052e+00 5.560060116261458275e-03
2.433129999999999927e+04 -1.689901413165850075e+00 6.427102355927932602e-03
2.433150000000000000e+04 -1.687430602035350002e+00 7.027493815901686598e-03
2.433170000000000073e+04 -1.685138273695139910e+00 6.230454902419146207e-03
2.433190000000000146e+04 -1.683203629530509948e+00 6.993133881857576013e-03
2.433209999999999854e+04 -1.680398248104199910e+00 8.148474177501323704e-03
2.433229999999999927e+04 -1.677686408133469920e+00 7.958315051011400493e-03
2.433250000000000000e+04 -1.675008946486379990e+00 8.215870222221133973e-03
2.433270000000000073e+04 -1.672123849511059968e+00 7.251110416846273492e-03
2.433290000000000146e+04 -1.670095380439980071e+00 8.639254999067940213e-03
2.433309999999999854e+04 -1.666276480539599980e+00 1.133829284146169007e-02
2.433329999999999927e+04 -1.662432372474949904e+00 9.614939880834762198e-03
2.433350000000000000e+04 -1.659772769708419915e+00 8.801889187013830010e-03
2.433370000000000073e+04 -1.656475599711950020e+00 1.045979722383715005e-02
2.433390000000000146e+04 -1.652700724520500097e+00 1.097541128180599609e-02
2.433409999999999854e+04 -1.649056701666169911e+00 1.160861403392939376e-02
2.433429999999999927e+04 -1.644855871866180097e+00 1.187108936504401892e-02
2.433450000000000000e+04 -1.641035282222480074e+00 1.156455757945510331e-02
2.433470000000000073e+04 -1.637040655927290089e+00 1.285294568163658675e-02
2.433490000000000146e+04 -1.632353369403519938e+00 1.531007981748270554e-02
2.433509999999999854e+04 -1.626705832400969998e+00 1.588621832884609328e-02
2.433529999999999927e+04 -1.621630978303860049e+00 1.461671431407526693e-02
2.433550000000000000e+04 -1.616837434882010038e+00 1.609329288703812214e-02
2.433570000000000073e+04 -1.610769288437509994e+00 1.706273878483633571e-02
2.433590000000000146e+04 -1.605323600111810078e+00 1.632635044933692173e-02
2.433609999999999854e+04 -1.599750821074030105e+00 1.734878950551100793e-02
2.433629999999999927e+04 -1.593617339420730028e+00 1.834829009866478788e-02
2.433650000000000000e+04 -1.587372197727330070e+00 1.924080881013688973e-02
2.433670000000000073e+04 -1.580638319981169992e+00 2.192960162015320305e-02
2.433690000000000146e+04 -1.572584431113180026e+00 2.508934980003465348e-02
2.433709999999999854e+04 -1.563724995171879906e+00 2.467338507959516980e-02
2.433729999999999927e+04 -1.555950925191390111e+00 2.016101393519632856e-02
2.433750000000000000e+04 -1.550126955027639974e+00 2.246306534473151845e-02
2.433770000000000073e+04 -1.540804298273469986e+00 2.903053876482111426e-02
2.433790000000000146e+04 -1.530562397896380045e+00 2.808573897825189167e-02
2.433809999999999854e+04 -1.521875306641570003e+00 2.834065354803459724e-02
2.433829999999999927e+04 -1.511461925588790001e+00 2.961198894962328160e-02
2.433850000000000000e+04 -1.501919608781649984e+00 2.978956010618532754e-02
2.433870000000000073e+04 -1.491386775859419922e+00 2.879839197002625681e-02
2.433890000000000146e+04 -1.482511216475590032e+00 2.898738114355929943e-02
2.433909999999999854e+04 -1.471851250799989907e+00 3.276579527734613251e-02
2.433929999999999927e+04 -1.460433957496239943e+00 3.276661717271576318e-02
2.433950000000000000e+04 -1.449773438932570047e+00 3.561622161153144700e-02
2.433970000000000073e+04 -1.436439220695739927e+00 3.525115045111623657e-02
2.433990000000000146e+04 -1.426024284992700064e+00 3.008171116471147072e-02
2.434009999999999854e+04 -1.416167541356800008e+00 3.244839103236965561e-02
2.434029999999999927e+04 -1.404160543406419936e+00 3.709996056933589220e-02
2.434050000000000000e+04 -1.391174695428009978e+00 3.888094234416859113e-02
2.434070000000000073e+04 -1.377969633520740089e+00 3.821930505040775639e-02
2.434090000000000146e+04 -1.365428868027390052e+00 3.706616270496239374e-02
2.434109999999999854e+04 -1.352999523368419998e+00 3.465344338377635697e-02
2.434129999999999927e+04 -1.342081790798610008e+00 3.617363265065880878e-02
2.434150000000000000e+04 -1.328629816939040031e+00 3.714133651367403782e-02
2.434170000000000073e+04 -1.317061111329749901e+00 3.249322516963529250e-02
2.434190000000000146e+04 -1.306735915490929933e+00 3.603967162589693379e-02
2.434209999999999854e+04 -1.292781520295180009e+00 4.350452863674881404e-02
2.434229999999999927e+04 -1.277434725552690109e+00 3.948805623951110594e-02
2.434250000000000000e+04 -1.266182205738539901e+00 3.162466386733717161e-02
2.434270000000000073e+04 -1.256125104081690091e+00 3.884727802184859830e-02
2.434290000000000146e+04 -1.240013941795550023e+00 4.160074177623718228e-02
2.434309999999999854e+04 -1.228104588910249984e+00 3.878033362203324452e-02
2.434329999999999927e+04 -1.213890711257219923e+00 3.896092703342688562e-02
2.434350000000000000e+04 -1.201859873435620063e+00 3.736713913019377303e-02
2.434370000000000073e+04 -1.188718134683039995e+00 4.076124395515710180e-02
2.434390000000000146e+04 -1.174404087277739928e+00 3.805783818184312051e-02
2.434409999999999854e+04 -1.163080925820020095e+00 3.162162763583836744e-02
2.434429999999999927e+04 -1.153096508275629928e+00 3.677515801394872635e-02
2.434450000000000000e+04 -1.138306574117400105e+00 4.247021400693546528e-02
2.434470000000000073e+04 -1.124491100346560080e+00 4.130462928067557549e-02
2.434490000000000146e+04 -1.110485253408630024e+00 3.998874296903576209e-02
2.434509999999999854e+04 -1.097554974525269955e+00 3.901639806859469317e-02
2.434529999999999927e+04 -1.084203222646219933e+00 4.124668178217657383e-02
2.434550000000000000e+04 -1.069772635017949947e+00 4.192762246669519410e-02
2.434570000000000073e+04 -1.055962815289789969e+00 3.996176093967052784e-02
2.434590000000000146e+04 -1.042854659969949971e+00 4.002391687811715504e-02
2.434609999999999854e+04 -1.029003028028899980e+00 3.898641324074414438e-02
2.434629999999999927e+04 -1.016592799959429971e+00 4.046561517307717404e-02
2.434650000000000000e+04 -1.001746110940560097e+00 4.432665704664745521e-02
2.434670000000000073e+04 -9.867385653857939642e-01 4.348050143959381053e-02
2.434690000000000146e+04 -9.724610840640810494e-01 4.004216506015824406e-02
2.434709999999999854e+04 -9.597665025982869969e-01 4.577260714799036984e-02
2.434729999999999927e+04 -9.416341608734920543e-01 4.870848869330467873e-02
2.434750000000000000e+04 -9.269646159850829514e-01 4.146347222024657914e-02
2.434770000000000073e+04 -9.137059867407310021e-01 4.151915732261002301e-02
2.434790000000000146e+04 -8.989989825615980479e-01 4.589087983518792824e-02
2.434809999999999854e+04 -8.827995016783599658e-01 4.697252969266389050e-02
2.434829999999999927e+04 -8.673648731481430341e-01 4.454761177552254980e-02
2.434850000000000000e+04 -8.527966311666640431e-01 4.226520847029652944e-02
2.434870000000000073e+04 -8.388973721577519527e-01 4.596867915835119861e-02
2.434890000000000146e+04 -8.218378106077880441e-01 4.706471263558229673e-02
2.434909999999999854e+04 -8.072012514071179590e-01 4.921289694552426902e-02
2.434929999999999927e+04 -7.886966092668620254e-01 5.206313469141760075e-02
2.434950000000000000e+04 -7.721426991080220237e-01 4.935656582373190021e-02
2.434970000000000073e+04 -7.554587620715670360e-01 4.905594535228986058e-02
2.434990000000000146e+04 -7.391070788847420303e-01 4.820553549437937846e-02
2.435009999999999854e+04 -7.229952113743589592e-01 4.536064568653986467e-02
2.435029999999999927e+04 -7.085572815949120473e-01 4.746402998432427273e-02
2.435050000000000000e+04 -6.910304703996650311e-01 4.825225013346133573e-02
2.435070000000000073e+04 -6.760623060248279748e-01 4.657590047606561395e-02
2.435090000000000146e+04 -6.596631729069489802e-01 4.954468337594361560e-02
2.435109999999999854e+04 -6.426979124147369493e-01 4.670276147792091354e-02
2.435129999999999927e+04 -6.282105361954399836e-01 4.649549994027462468e-02
2.435150000000000000e+04 -6.113847002503529637e-01 4.839162385412063699e-02
2.435170000000000073e+04 -5.956218041177829825e-01 5.084955114029524048e-02
2.435190000000000146e+04 -5.771425239141220187e-01 4.837598735311035569e-02
2.435209999999999854e+04 -5.630435906928510370e-01 4.406117021872498624e-02
2.435229999999999927e+04 -5.474668819597580116e-01 4.320256274520504342e-02
2.435250000000000000e+04 -5.339455327885860303e-01 4.516217857542832725e-02
2.435270000000000073e+04 -5.170505932185930353e-01 4.938005669389366331e-02
2.435290000000000146e+04 -5.006918833176839945e-01 4.255857064385518834e-02
2.435309999999999854e+04 -4.883857479033150151e-01 3.720986843434181263e-02
2.435329999999999927e+04 -4.756251025215659789e-01 4.333543103847314892e-02
2.435350000000000000e+04 -4.591983096834130196e-01 4.554799825619071374e-02
2.435370000000000073e+04 -4.449492734190609866e-01 4.121066767430538180e-02
2.435390000000000146e+04 -4.314401968162470125e-01 4.325640696135486796e-02
2.435409999999999854e+04 -4.158149945859260233e-01 3.862311972575592500e-02
2.435429999999999927e+04 -4.054227238467539851e-01 3.514286418900013781e-02
2.435450000000000000e+04 -3.921386846636090162e-01 3.847817228227680408e-02
2.435470000000000073e+04 -3.795027568201679857e-01 3.518412964625206724e-02
2.435490000000000146e+04 -3.684346155257309796e-01 3.506566837551084587e-02
2.435509999999999854e+04 -3.558783764141740247e-01 3.472509938680943403e-02
2.435529999999999927e+04 -3.450393354036139781e-01 2.957787001160097975e-02
2.435550000000000000e+04 -3.359456303162929869e-01 2.931865975099582147e-02
2.435570000000000073e+04 -3.252809596866519937e-01 3.007113571258042406e-02
2.435590000000000146e+04 -3.156810650690730080e-01 2.928235905196938452e-02
2.435609999999999854e+04 -3.055470033994939771e-01 2.961319431239373828e-02
2.435629999999999927e+04 -2.957245563634789964e-01 2.785623669584344139e-02
2.435650000000000000e+04 -2.867723976328260260e-01 2.454283198192972262e-02
2.435670000000000073e+04 -2.791788733283209756e-01 2.483950155408515964e-02
2.435690000000000146e+04 -2.700271453900949803e-01 2.459106864100792794e-02
2.435709999999999854e+04 -2.626007415600030148e-01 2.184868485401546614e-02
2.435729999999999927e+04 -2.552938113718459801e-01 2.166182932122592136e-02
2.435750000000000000e+04 -2.479931049980139968e-01 2.153593078656777099e-02
2.435770000000000073e+04 -2.407708665785940061e-01 1.828884562646717823e-02
2.435790000000000146e+04 -2.356544698648840030e-01 1.626562456576158278e-02
2.435809999999999854e+04 -2.297932494323310093e-01 1.678177286384972475e-02
2.435829999999999927e+04 -2.243296404781129905e-01 1.706093738549668143e-02
2.435850000000000000e+04 -2.182806264609550018e-01 1.777387963485450514e-02
2.435870000000000073e+04 -2.123374222495759966e-01 1.326033148441019098e-02
2.435890000000000146e+04 -2.093246657804450073e-01 1.137283387806431456e-02
2.435909999999999854e+04 -2.046511785773809933e-01 1.408382203346683625e-02
2.435929999999999927e+04 -1.998147441557799886e-01 1.267141050656448234e-02
2.435950000000000000e+04 -1.960913842175960042e-01 1.177523783610874911e-02
2.435970000000000073e+04 -1.918578039019689929e-01 7.729828710809262364e-03
2.435990000000000146e+04 -1.908557850422749891e-01 5.584775617510862045e-03
2.436009999999999854e+04 -1.880651789519169892e-01 8.134707209380125786e-03
2.436029999999999927e+04 -1.853478246654960138e-01 5.507753480786195359e-03
2.436050000000000000e+04 -1.843243666858210006e-01 2.987206797302145809e-03
2.436070000000000073e+04 -1.833025806392399870e-01 1.223910004343453043e-03
2.436090000000000146e+04 -1.834652899538040116e-01 4.154337357393144483e-05
2.436109999999999854e+04 -1.832388802912900128e-01 2.023772016662369905e-03
2.436129999999999927e+04 -1.820681471612790037e-01 2.181599639220878264e-03
2.436150000000000000e+04 -1.817355670771000076e-01 -6.955917574419053818e-04
2.436170000000000073e+04 -1.825003165882509992e-01 -3.568161162880787232e-03
2.436190000000000146e+04 -1.841001099381819883e-01 -3.560920961753758201e-03
2.436209999999999854e+04 -1.848599889761080028e-01 -3.718407358788452036e-03
2.436229999999999927e+04 -1.865657232057560122e-01 -5.718885312082655666e-03
2.436250000000000000e+04 -1.886713209738239971e-01 -5.768881433870328562e-03
2.436270000000000073e+04 -1.904106875248940123e-01 -6.043695618885787206e-03
2.436290000000000146e+04 -1.927011524120769981e-01 -4.702371820273624527e-03
2.436309999999999854e+04 -1.935382123138620070e-01 -6.577496673621318832e-03
2.436329999999999927e+04 -1.970900710755859875e-01 -8.227295340649021932e-03
2.436350000000000000e+04 -1.990369482405759949e-01 -7.038939336647604024e-03
2.436370000000000073e+04 -2.017894015752109971e-01 -8.538491740491838469e-03
2.436390000000000146e+04 -2.047450255515949891e-01 -8.904101113661761630e-03
2.436409999999999854e+04 -2.077434238017759893e-01 -6.614934399695753323e-03
2.436429999999999927e+04 -2.091591285212389961e-01 -6.608928324219713601e-03
2.436450000000000000e+04 -2.121534864928610042e-01 -9.004823090869022717e-03
2.436470000000000073e+04 -2.151809062814989959e-01 -8.344904207778674685e-03
2.436490000000000146e+04 -2.177313377405230010e-01 -6.458244796397331899e-03
2.436509999999999854e+04 -2.194896043734609892e-01 -5.598281900738873336e-03
2.436529999999999927e+04 -2.214615399915390026e-01 -8.706913572311923699e-03
2.436550000000000000e+04 -2.253109788159320115e-01 -8.928055139426622003e-03
2.436570000000000073e+04 -2.274316760578929952e-01 -7.652226578582416172e-03
2.436590000000000146e+04 -2.304228667881630110e-01 -7.478297111868100790e-03
2.436609999999999854e+04 -2.324265619203119970e-01 -5.767557096849727435e-03
2.436629999999999927e+04 -2.342669402275990020e-01 -5.602135278604417588e-03
2.436650000000000000e+04 -2.361593563332800016e-01 -5.572910704473842472e-03
2.436670000000000073e+04 -2.379800753102939981e-01 -5.150364421325629924e-03
2.436690000000000146e+04 -2.395882451204139896e-01 -6.191536544697043634e-03
2.436709999999999854e+04 -2.421093591331829886e-01 -6.484442042754137887e-03
2.436729999999999927e+04 -2.439145660634760016e-01 -5.182879899427191191e-03
2.436750000000000000e+04 -2.455601210371030074e-01 -3.551153368093599907e-03
2.436770000000000073e+04 -2.462676678047170109e-01 -3.281455530298179896e-03
2.436790000000000146e+04 -2.477317974188709970e-01 -3.069760487019833253e-03
2.436809999999999854e+04 -2.482969372259979934e-01 -1.672429479749293693e-03
2.436829999999999927e+04 -2.488210842197249861e-01 -2.181770609944567486e-03
2.436850000000000000e+04 -2.497288570950219888e-01 -1.405045526156773915e-03
2.436870000000000073e+04 -2.497305022077929981e-01 -1.267509141887442547e-03
2.436890000000000146e+04 -2.505457545491450166e-01 -2.322401022348169735e-03
2.436909999999999854e+04 -2.512570239591599974e-01 -1.978385181157198656e-03
2.436929999999999927e+04 -2.518408573237709835e-01 -8.538115794689574113e-04
2.436950000000000000e+04 -2.517956276398199966e-01 2.042238940199789590e-03
2.436970000000000073e+04 -2.504312918575160030e-01 3.283974047259540299e-03
2.436990000000000146e+04 -2.495507486982699863e-01 2.531734736749218385e-03
2.437009999999999854e+04 -2.486924432513920036e-01 2.241973243454231570e-03
2.437029999999999927e+04 -2.480068222446989989e-01 1.918026999725669412e-03
2.437050000000000000e+04 -2.473664349843180121e-01 2.250568790540391929e-03
2.437070000000000073e+04 -2.464571135785730005e-01 3.326184451938719346e-03
2.437090000000000146e+04 -2.450931611623899942e-01 4.391528595481070281e-03
2.437109999999999854e+04 -2.434671842366110117e-01 5.475243240144657929e-03
2.437129999999999927e+04 -2.413742184898809984e-01 4.218601598748790774e-03
2.437150000000000000e+04 -2.405935826442290038e-01 4.409175300665926604e-03
2.437170000000000073e+04 -2.383724182339169995e-01 6.988902875543876944e-03
2.437190000000000146e+04 -2.358564032452939996e-01 7.427363724457355411e-03
2.437209999999999854e+04 -2.333402868332649926e-01 7.116845465794364133e-03
2.437229999999999927e+04 -2.310331570443190097e-01 7.823559238255133400e-03
2.437250000000000000e+04 -2.280416352628099885e-01 8.719521575486142290e-03
2.437270000000000073e+04 -2.251317928587570072e-01 9.727590058308671628e-03
2.437290000000000146e+04 -2.214621448142999882e-01 1.022098542452441750e-02
2.437309999999999854e+04 -2.182203960353469863e-01 9.000298744294407682e-03
2.437329999999999927e+04 -2.153719022187950138e-01 9.656474624746677962e-03
2.437350000000000000e+04 -2.116887448398450111e-01 1.048615910085885956e-02
2.437370000000000073e+04 -2.082821234329559901e-01 1.067011724912807040e-02
2.437390000000000146e+04 -2.044752176641390085e-01 1.331310397716382703e-02
2.437409999999999854e+04 -1.992906627702279998e-01 1.525691862244936761e-02
2.437429999999999927e+04 -1.941761555996009969e-01 1.324997556878047301e-02
2.437450000000000000e+04 -1.903416684997240038e-01 1.402178743371929395e-02
2.437470000000000073e+04 -1.847079645636109935e-01 1.529056239493525350e-02
2.437490000000000146e+04 -1.800199743162470001e-01 1.487303171378890308e-02
2.437509999999999854e+04 -1.746671426873120103e-01 1.425297795888353508e-02
2.437529999999999927e+04 -1.703962617363919962e-01 1.428561030925555760e-02
2.437550000000000000e+04 -1.650214783707699973e-01 1.597635098414640353e-02
2.437570000000000073e+04 -1.596132385250770003e-01 1.508532296745725837e-02
2.437590000000000146e+04 -1.548378484640129948e-01 1.659664195290463939e-02
2.437609999999999854e+04 -1.484129464439880031e-01 1.793476298125335280e-02
2.437629999999999927e+04 -1.427374042327670123e-01 1.824556042901794017e-02
2.437650000000000000e+04 -1.361034292028339976e-01 1.734766756235951030e-02
2.437670000000000073e+04 -1.310318982711740077e-01 1.507211423813560429e-02
2.437690000000000146e+04 -1.259286847898760109e-01 1.813136441233805657e-02
2.437709999999999854e+04 -1.187992005313399935e-01 2.013838255039921907e-02
2.437729999999999927e+04 -1.123458687467600026e-01 1.748333194520219555e-02
2.437750000000000000e+04 -1.070024333285519991e-01 1.665121589818484987e-02
2.437820000000000073e+04 -8.706260997610000552e-02 1.722040661016232058e-02
2.437890000000000146e+04 -6.633279139098910426e-02 1.695308224297858990e-02
2.437959999999999854e+04 -4.702236859049550161e-02 1.551739240426057084e-02
2.438029999999999927e+04 -2.967280294041309968e-02 1.395151265869318952e-02
2.438100000000000000e+04 -1.404915806575680014e-02 1.184323969327888935e-02
2.438170000000000073e+04 -1.663405411361460048e-03 9.029560137294853281e-03
2.438240000000000146e+04 7.335585362612949585e-03 5.603248665716658791e-03
2.438309999999999854e+04 1.165427569207799947e-02 1.328201902483752651e-03
2.438379999999999927e+04 1.058790347531730035e-02 -5.310404179141488441e-03
2.438549369500000103e+04 -9.509263335446440160e-03 -9.426681193199901512e-03
2.438649958300000071e+04 -3.196806052050860103e-02 -1.504758954356287537e-02
2.438751766199999838e+04 -6.054732711986039739e-02 -1.801144568501875098e-02
2.438854793300000165e+04 -9.383089451385839830e-02 -1.944584299251311821e-02
2.438959039599999960e+04 -1.281466306657730037e-01 -1.880556038907475747e-02
2.439064505099999951e+04 -1.599672858575489909e-01 -1.696778849247796567e-02
2.439171189800000138e+04 -1.884951602235110102e-01 -1.449508853925709877e-02
2.439279093700000158e+04 -2.120858765869650109e-01 -1.131304053386246976e-02
2.439388216699999975e+04 -2.295919839400049900e-01 -7.859885758648958373e-03
2.439498559000000023e+04 -2.408993661633090089e-01 -4.587465415804068032e-03
2.439610120399999869e+04 -2.465134026480060025e-01 -1.703349093310315039e-03
2.439722901099999945e+04 -2.471253439151339937e-01 6.952167699978347186e-04
2.439836900899999819e+04 -2.436592253107369987e-01 2.558438451013657095e-03
2.439952119899999889e+04 -2.370579845510099870e-01 3.883085068800094623e-03
2.440068558199999825e+04 -2.283240906701410056e-01 4.802555016094983871e-03
2.440186215599999923e+04 -2.179415761101000104e-01 5.209076803103648672e-03
2.440305092199999854e+04 -2.073914650997910059e-01 5.069321355590523069e-03
2.440425187899999946e+04 -1.973548318510280064e-01 4.633912302924418636e-03
2.440546502899999905e+04 -1.883623842148909877e-01 4.234800409131238806e-03
2.440669037100000060e+04 -1.797702655022609952e-01 3.807635955562803983e-03
2.440792790400000013e+04 -1.723712719314630104e-01 3.514826133777098315e-03
2.440917762999999832e+04 -1.648456368926659865e-01 3.975479467682023829e-03
2.441043954700000177e+04 -1.553545535831210023e-01 4.810792468850711226e-03
2.441171365700000024e+04 -1.441011416723819993e-01 6.119718612809251813e-03
2.441299995800000033e+04 -1.287744126235360054e-01 7.691552096730132522e-03
2.441429845099999875e+04 -1.104351655636290064e-01 8.802843855254574926e-03
2.441560913599999913e+04 -8.991452245181350000e-02 9.365710852166529363e-03
2.441693201300000146e+04 -6.871918261286359686e-02 9.197742505248992020e-03
2.441826708199999848e+04 -4.856311066957930134e-02 8.042658430728379451e-03
2.441961434200000076e+04 -3.219900979440899758e-02 5.886699844308924436e-03
2.442097379500000170e+04 -2.152488189197860127e-02 3.042305849889773931e-03
2.442234544000000096e+04 -1.798153437061029980e-02 -8.166705344617215963e-05
2.442372927599999821e+04 -2.165702879874779885e-02 -3.204165960243218845e-03
2.442512530500000139e+04 -3.271262135773239654e-02 -5.915250123022164006e-03
2.442653352499999892e+04 -4.930290217071479908e-02 -7.784314085579170130e-03
2.442795393699999840e+04 -6.949009192358940323e-02 -8.924553064059637802e-03
2.442938654099999985e+04 -9.186833333757479791e-02 -9.321929245081921403e-03
2.443083133699999962e+04 -1.143422451306120025e-01 -8.824084621300812281e-03
2.443228832500000135e+04 -1.346710637255340015e-01 -7.938329264779908981e-03
2.443375750500000140e+04 -1.531457847973400066e-01 -6.772629675252637288e-03
2.443523887699999977e+04 -1.680136612472989954e-01 -5.255030785894346072e-03
2.443673243999999977e+04 -1.791712428397179979e-01 -3.729327262732279671e-03
2.443823819599999842e+04 -1.865566440725640041e-01 -2.187738869644688562e-03
2.443975614299999870e+04 -1.900258430582180136e-01 -8.029666758948630911e-04
2.444128628300000128e+04 -1.904002847126790021e-01 2.453155470614578931e-04
2.444282861399999820e+04 -1.884836346365260096e-01 1.098270010239391081e-03
2.444438313700000072e+04 -1.844035452739080094e-01 1.828605335101168893e-03
2.444594985200000156e+04 -1.786060522010360085e-01 2.170525254853955185e-03
2.444752875900000072e+04 -1.726399925061400109e-01 2.436458891170026949e-03
2.444911985799999820e+04 -1.653335804093540029e-01 2.705983343531665267e-03
2.445072314900000129e+04 -1.578175006155549953e-01 2.940207677245000768e-03
2.445233863199999905e+04 -1.491300485196229986e-01 3.001368516370598542e-03
2.445396630699999878e+04 -1.411576363828559999e-01 2.914662137485800678e-03
2.445560617300000013e+04 -1.328213973935850056e-01 2.841940586939510714e-03
2.445725823200000013e+04 -1.251298819117059868e-01 2.775396373995049626e-03
2.445892248200000176e+04 -1.170460516730939954e-01 2.759605321479422120e-03
2.446059892400000172e+04 -1.093272659779299938e-01 2.581462122984627336e-03
2.446228755799999999e+04 -1.021362399282000066e-01 2.218624031153578185e-03
2.446398838500000056e+04 -9.637766523679069941e-02 1.725181779048950243e-03
2.446570140299999912e+04 -9.192644040697579844e-02 9.664240634819879112e-04
2.446742661299999963e+04 -9.048225345668330089e-02 6.443523280074957304e-05
2.446916401400000177e+04 -9.124171194066330037e-02 -1.005339754002344344e-03
2.447091360799999893e+04 -9.606612214817690509e-02 -2.034304998422538455e-03
2.447267539400000169e+04 -1.029409274537240043e-01 -2.928560907962956313e-03
2.447444937099999879e+04 -1.131640524905900003e-01 -3.772150988604637979e-03
2.447623554099999819e+04 -1.252075689915770063e-01 -4.338211877124807485e-03
2.447803390199999922e+04 -1.389955710125760080e-01 -4.504874260778786443e-03
2.447984445499999856e+04 -1.522263212827000001e-01 -4.149033485636923792e-03
2.448166720100000020e+04 -1.640225961863230053e-01 -3.657170750523213408e-03
2.448350213799999983e+04 -1.743957161350689899e-01 -2.970612562163565343e-03
2.448534926700000142e+04 -1.820884021789380136e-01 -2.021863193038980246e-03
2.448720858800000133e+04 -1.866673122314680133e-01 -9.752181468982151899e-04
2.448908009999999922e+04 -1.878737462381820100e-01 -1.111701643712546659e-05
2.449096380499999941e+04 -1.864018580351889942e-01 9.241023033271126641e-04
2.449285970200000156e+04 -1.816620033326319938e-01 1.755629969596356850e-03
2.449476779000000170e+04 -1.748304779162259959e-01 2.334762626457170202e-03
2.449668807100000049e+04 -1.662877927262300104e-01 2.739708201320570011e-03
2.449862054300000091e+04 -1.567345587718670108e-01 2.895097922492291878e-03
2.450056520699999965e+04 -1.470641526375920105e-01 2.694974844157773785e-03
2.450252206400000068e+04 -1.387030942539410061e-01 2.371063472540494224e-03
2.450449111199999970e+04 -1.310585788123410089e-01 1.850994960130393930e-03
2.450647235200000068e+04 -1.260531274080289865e-01 1.299312349015581359e-03
2.450846578399999999e+04 -1.220181894931890026e-01 8.328712287346542661e-04
2.451047140700000091e+04 -1.200942805897800003e-01 4.038437460723900410e-04
2.451248922300000049e+04 -1.189259824564500023e-01 9.362747598053222707e-05
2.451451923099999840e+04 -1.190951030538140026e-01 -3.070810916285090435e-04
2.451656143000000156e+04 -1.206650066844690006e-01 -6.996229844859238852e-04
2.451861582199999975e+04 -1.235489293633249969e-01 -1.032291255552703849e-03
2.452068240499999956e+04 -1.274508792967810056e-01 -1.292792987495397375e-03
2.452276118000000133e+04 -1.321910252020770116e-01 -1.502139755195406202e-03
2.452485214800000176e+04 -1.376118460211880057e-01 -1.512346658081876018e-03
2.452695530700000018e+04 -1.424834056242769986e-01 -1.469576202496403541e-03
2.452907065800000055e+04 -1.476606288049970017e-01 -1.455046412497882627e-03
2.453119820099999924e+04 -1.524865958711610070e-01 -1.585170159119570280e-03
2.453333793499999956e+04 -1.586551354701830063e-01 -1.754711636162831776e-03
2.453548986199999854e+04 -1.647675903798740127e-01 -1.961500728601097560e-03
2.453765398099999948e+04 -1.725068876254889916e-01 -2.301963848053098418e-03
2.453983029099999840e+04 -1.811828073956809892e-01 -2.255937295464007820e-03
2.454201879399999962e+04 -1.886764649998219912e-01 -2.139857999387950217e-03
2.454421948799999882e+04 -1.965858747419060026e-01 -1.848582772038054886e-03
2.454643237399999998e+04 -2.020031029212130125e-01 -1.521782887414039774e-03
2.454865745299999980e+04 -2.075470607966229952e-01 -1.295491458401517226e-03
2.455089472300000125e+04 -2.113263011750889930e-01 -1.016108029685596371e-03
2.455314418500000102e+04 -2.148131020348630071e-01 -7.008404904687093664e-04
2.455540583799999877e+04 -2.162400359221199886e-01 -2.794669520821202523e-04
2.455767968399999882e+04 -2.165393452761119886e-01 1.093812484393399303e-04
2.455996572200000082e+04 -2.149936510027740111e-01 6.889635817699458131e-04
2.456226395200000115e+04 -2.108179608373809966e-01 1.181009693140940486e-03
2.456457437299999947e+04 -2.054281913148260086e-01 1.535103644095436393e-03
2.456689698700000008e+04 -1.984429360240470008e-01 1.818056538752357365e-03
2.456923179199999868e+04 -1.907717795214710077e-01 1.954846810053210374e-03
2.457157878899999923e+04 -1.826327610190399964e-01 1.830808525336959005e-03
2.457393797800000175e+04 -1.758609760410269895e-01 1.661416107760492564e-03
2.457630935899999895e+04 -1.689923223431940014e-01 1.477524482146805578e-03
2.457869293200000175e+04 -1.636207397220789950e-01 1.229243360984019458e-03
2.458108869699999923e+04 -1.586849095935000120e-01 1.058581971951659192e-03
2.458349665399999867e+04 -1.546394513359010126e-01 7.996298429050874680e-04
2.458591680300000007e+04 -1.517606323810549995e-01 5.636355029343347424e-04
2.458834914299999946e+04 -1.496060737321560086e-01 3.272683726678212151e-04
2.459079367600000114e+04 -1.486405656261599872e-01 -6.185390343412909412e-05
2.459325040000000081e+04 -1.496778141187170008e-01 -4.658192599666333643e-04
2.459571931699999914e+04 -1.520589825010700002e-01 -9.133217123719454284e-04
2.459820042499999909e+04 -1.568384715766180104e-01 -1.529641780283648011e-03
2.460069372500000100e+04 -1.644108568393179981e-01 -2.073247376017483493e-03
2.460319921700000123e+04 -1.738208231597120068e-01 -2.511424003935330308e-03
2.460571690099999978e+04 -1.851776364934560049e-01 -2.719459391925758366e-03
2.460824677700000029e+04 -1.964543643963179986e-01 -2.739230539239325118e-03
2.461078884499999913e+04 -2.080891593819030050e-01 -2.589174680648322069e-03
2.461334310499999992e+04 -2.181899487468139942e-01 -2.235585519678255292e-03
2.461590955599999870e+04 -2.268837188393560134e-01 -1.829753445662831660e-03
2.461848819999999978e+04 -2.335624431796489986e-01 -1.361123175627611086e-03
2.462107903499999884e+04 -2.382549117387439963e-01 -9.761962625728920614e-04
2.462368206199999986e+04 -2.416250269055159883e-01 -6.245731988698290365e-04
2.462629728199999954e+04 -2.432695863344729870e-01 -4.353588689844307470e-04
2.462892469300000084e+04 -2.449948738009020133e-01 -3.457677170475887025e-04
2.463156429600000047e+04 -2.458615271492289867e-01 -2.634814973443446156e-04
2.463421609099999841e+04 -2.468665663813439937e-01 -2.091584954576845693e-04
2.463688007799999832e+04 -2.472562082715069887e-01 -8.787349448864346317e-05
2.463955625599999985e+04 -2.471784079700820036e-01 1.295203717503400315e-04
2.464224462700000004e+04 -2.456081872756160078e-01 4.615156722062579032e-04
2.464494518999999855e+04 -2.425140817874419930e-01 8.363981183003805836e-04
2.464765794399999868e+04 -2.375098917510130025e-01 1.190742902301536931e-03
2.465038289100000111e+04 -2.311388834413440063e-01 1.310443772707012636e-03
2.465312002900000152e+04 -2.249841308621700064e-01 1.387106445604742054e-03
2.465586935900000026e+04 -2.178498521132070098e-01 1.384291572903223510e-03
2.465863088100000095e+04 -2.116621257398589862e-01 1.327817113061593524e-03
2.466140459499999997e+04 -2.049946138506029969e-01 1.294305281846743361e-03
2.466419050100000095e+04 -1.990635884848969972e-01 1.142991436168333324e-03
2.466698859900000025e+04 -1.937617905848730004e-01 8.621020911190611967e-04
2.466979888900000151e+04 -1.904310307403719871e-01 5.162917830850308415e-04
2.467262137100000109e+04 -1.883675250622280084e-01 1.265888492241150354e-04
2.467545604399999866e+04 -1.887210096750079891e-01 -3.056602581843364023e-04
2.467830290999999852e+04 -1.907802339354019994e-01 -7.208911586853117238e-04
2.468116196700000000e+04 -1.951285942902780124e-01 -1.100026267186637007e-03
2.468403321700000015e+04 -2.008688972291080010e-01 -1.483595611442092149e-03
2.468691665799999828e+04 -2.089723454153259996e-01 -1.851421648421590523e-03
2.468981229099999837e+04 -2.183461835130169892e-01 -1.984153961434314325e-03
2.469272011600000042e+04 -2.278188347907459943e-01 -2.072475585352080447e-03
2.469564013300000079e+04 -2.381374950003329882e-01 -1.977515034027779294e-03
2.469857234199999948e+04 -2.467583561628660105e-01 -1.623870038154475587e-03
2.470151674300000013e+04 -2.536608678412770046e-01 -1.267039707443678043e-03
2.470447333499999877e+04 -2.588049629036560106e-01 -9.299393510642209489e-04
2.470744211999999970e+04 -2.623980543775359942e-01 -5.586337786115426474e-04
2.471042309599999862e+04 -2.638628247661369830e-01 -2.390523310670035245e-04
2.471341626499999984e+04 -2.642658109412249767e-01 -3.522174813549808507e-05
2.471642162499999904e+04 -2.636819607548059885e-01 1.266159966238291788e-04
2.471943917700000020e+04 -2.624449554089849923e-01 1.595174874924570169e-04
2.472246892099999968e+04 -2.615191246298739780e-01 5.476794968672177245e-05
2.472551085800000146e+04 -2.613429984064070122e-01 -9.036554920448610804e-05
2.472856498500000089e+04 -2.619006559469619910e-01 -2.854445089022414599e-04
2.473163130499999897e+04 -2.637340113853530177e-01 -3.628610933843348998e-04
2.473470981699999902e+04 -2.651012220058809876e-01 -2.094689563578273027e-04
2.473780052100000103e+04 -2.653558257284610034e-01 -3.819078454560552232e-05
2.474090341600000102e+04 -2.649454020339930271e-01 2.293402549370317949e-04
2.474401850399999967e+04 -2.624018011602530231e-01 4.560385585369303835e-04
2.474714578299999994e+04 -2.595998964853140079e-01 5.767850670849488303e-04
2.475028525499999887e+04 -2.557628570248079991e-01 6.782757097916643479e-04
2.475343691799999942e+04 -2.518613395657690046e-01 6.424894277399839431e-04
2.475660077299999830e+04 -2.483743969230710058e-01 6.190671890818331448e-04
2.475977681999999913e+04 -2.446940833114039926e-01 5.849856558304179647e-04
2.476296505899999829e+04 -2.415443531650330045e-01 4.244662012906994116e-04
2.476616548999999941e+04 -2.395625119027640082e-01 3.290288746550027029e-04
2.476937811199999851e+04 -2.374225005290540036e-01 3.147274336755825843e-04
2.477260292699999991e+04 -2.355798163351069952e-01 2.118909949398247881e-04
2.477583993399999963e+04 -2.345422571758309926e-01 9.971887234026544913e-05
2.477908913200000097e+04 -2.339122953255710069e-01 -6.451758546582526726e-05
2.478235052300000098e+04 -2.346667186624399881e-01 -3.925560994228766295e-04
2.478562410499999896e+04 -2.376424213559160115e-01 -7.167252649924344418e-04
2.478890987899999891e+04 -2.419867288729070087e-01 -1.023504265942662807e-03
2.479220784500000082e+04 -2.483863561214809945e-01 -1.284613404037267606e-03
2.479551800300000104e+04 -2.556722109597869830e-01 -1.488477301799133196e-03
2.479884035299999960e+04 -2.643962758036469962e-01 -1.592637122502156685e-03
2.480217489500000011e+04 -2.729070806453520182e-01 -1.440612735210298860e-03
2.480552162899999894e+04 -2.799860979711260023e-01 -1.141947769506851396e-03
2.480888055399999939e+04 -2.851856870081759809e-01 -7.643092358167322608e-04
2.481225167199999851e+04 -2.880351550130940130e-01 -3.936350921481440225e-04
2.481563498199999958e+04 -2.890533332575789816e-01 -7.659369068149581863e-05
2.481903048299999864e+04 -2.883024145593349741e-01 9.676419375059973544e-05
2.482243817599999966e+04 -2.873381236079550205e-01 6.327228234853208720e-05
2.482585806099999900e+04 -2.869656199413210262e-01 -2.115226558347582848e-05
2.482929013900000064e+04 -2.869694009974820270e-01 -1.738843588941893010e-05
2.483273440800000026e+04 -2.865520592094369934e-01 1.431379356480167689e-05
2.483619086800000150e+04 -2.861864607185130027e-01 2.153921745865685708e-05
2.483965952100000140e+04 -2.856822030365089859e-01 2.500101022114176676e-05
2.484314036599999963e+04 -2.852730825814209781e-01 3.348745524964006866e-05
2.484663340299999982e+04 -2.846660885025499854e-01 7.250024347855254625e-05
2.485013863100000162e+04 -2.837942618630089897e-01 1.521893540436291604e-04
2.485365605199999845e+04 -2.822409616047180103e-01 2.121157082986155850e-04
2.485718566400000054e+04 -2.806505078624230154e-01 2.498733302418847395e-04
2.486072746800000095e+04 -2.786373040263450118e-01 2.756554510162850585e-04
2.486428146500000003e+04 -2.767267566903969800e-01 1.868591667094778410e-04
2.486784765300000072e+04 -2.757633467406350181e-01 1.021672397013135121e-04
2.487142603299999973e+04 -2.748605609102889868e-01 5.655665769758366274e-05
2.487501660500000071e+04 -2.744406793397839994e-01 -2.284639957161443405e-05
2.487861936900000001e+04 -2.744939626597829863e-01 -6.513520395450591834e-05
2.488223432400000092e+04 -2.745861557579060142e-01 -1.642234225706379217e-04
2.488586147200000050e+04 -2.758467637630370173e-01 -2.796639357947697810e-04
2.488950081100000170e+04 -2.773542397117430003e-01 -3.338960632128909522e-04
2.489315234300000157e+04 -2.792890981574620013e-01 -4.045275047609391125e-04
2.489681606599999941e+04 -2.816770234147080165e-01 -4.423355820459333411e-04
2.490049198199999955e+04 -2.840929717175240121e-01 -4.808289326080452991e-04
2.490418008900000132e+04 -2.869735743890690083e-01 -5.256668525075817175e-04
2.490788038800000140e+04 -2.899641903473280102e-01 -5.520765493869431422e-04
2.491159287899999981e+04 -2.931934045728010196e-01 -6.027840731647241511e-04
2.491531756200000018e+04 -2.968387017345630041e-01 -5.950145370560750054e-04
2.491905443699999887e+04 -2.999929595491290235e-01 -5.494118098493026110e-04
2.492280350299999918e+04 -3.030863629162349748e-01 -5.061376407645930059e-04
2.492656476200000179e+04 -3.057143984878250009e-01 -3.852007381153353845e-04
2.493033821299999909e+04 -3.072939299765160004e-01 -2.693050107948312399e-04
2.493412385500000164e+04 -3.084622596947049766e-01 -2.399706838203542042e-04
2.493792168899999888e+04 -3.096765399467150126e-01 -2.133805324808715905e-04
2.494173171599999841e+04 -3.105123235275459859e-01 -1.585386769369012607e-04
2.494555393399999957e+04 -3.110292517361250009e-01 -1.502609800149241263e-04
2.494938834399999905e+04 -3.117627690465140100e-01 -1.508812220029060293e-04
2.495323494600000049e+04 -3.122916915238990176e-01 -1.100338524832477114e-04
2.495709374000000025e+04 -3.124998949805840032e-01 -7.029047609795830494e-05
2.496096472599999834e+04 -3.125145048828439909e-01 -4.739110638332375474e-05
2.496484790300000168e+04 -3.124247911183959947e-01 -8.358947723188262524e-06
2.496874327300000004e+04 -3.119285639337049942e-01 3.561156397062635891e-05
2.497265083500000037e+04 -3.112600078998399855e-01 7.909308062036756956e-05
2.497657058799999868e+04 -3.101877694000250152e-01 1.140814223697752844e-04
2.498050253299999895e+04 -3.090517847290459863e-01 1.097177097483762479e-04
2.498444667100000152e+04 -3.080304880391119826e-01 4.892658343285798014e-05
2.498840299999999843e+04 -3.076955308574579884e-01 -2.203859989207482544e-05
2.499237152100000094e+04 -3.076158431845890107e-01 -8.190155506683326333e-05
2.499635223400000177e+04 -3.080798938780289764e-01 -1.433651998872540812e-04
2.500034513900000093e+04 -3.088255883800289925e-01 -2.078692270414544420e-04
2.500435023599999840e+04 -3.101609572176770024e-01 -2.907356071532068618e-04
2.500836752400000114e+04 -3.120309976716019729e-01 -3.149900649757951619e-04
2.501239700499999890e+04 -3.137043358348500233e-01 -3.128563664847994587e-04
2.501643867799999862e+04 -3.155561521299519723e-01 -2.863380551752199923e-04
2.502049254199999996e+04 -3.168791025120090143e-01 -2.503918161989978556e-04
2.502455859799999962e+04 -3.182496117511839917e-01 -2.783144980945272584e-04
2.502863684700000158e+04 -3.199630982682559743e-01 -2.513630463976622952e-04
2.503272728700000152e+04 -3.209725909775419939e-01 -2.235732236811771188e-04
2.503682991899999979e+04 -3.223112986043860095e-01 -2.814705289644651390e-04
2.504094474300000002e+04 -3.241279020794810006e-01 -3.313547305769841758e-04
2.504507175899999856e+04 -3.261674018321900070e-01 -3.640785675042386904e-04
2.504921096699999907e+04 -3.284503305781100169e-01 -4.156072124863554630e-04
2.505336236600000120e+04 -3.312210286692049976e-01 -4.036346067003825241e-04
2.505752595799999835e+04 -3.333513995262820107e-01 -3.465461998508356269e-04
2.506170174200000110e+04 -3.353358220390679767e-01 -3.178715906641948617e-04
2.506588971699999820e+04 -3.370748947960919839e-01 -2.767164838508784017e-04
2.507008988400000089e+04 -3.384896085528690257e-01 -1.910068823238388492e-04
2.507430224399999861e+04 -3.390252526365559738e-01 -1.516035642155793325e-04
2.507852679500000158e+04 -3.398865359137909770e-01 -1.551495212053573443e-04
2.508276353799999924e+04 -3.404766752592059964e-01 -1.056833919277820421e-04
2.508701247299999886e+04 -3.406362220584759903e-01 -5.615314895277972600e-05
2.509127360000000044e+04 -3.405196503605479874e-01 -2.780023877817164454e-05
2.509554691900000034e+04 -3.402723773619300007e-01 -4.192133258424623592e-05
2.509983242899999823e+04 -3.403580220854129923e-01 -3.396901000495802965e-05
2.510413013199999841e+04 -3.399954985149180042e-01 -3.371626584463843117e-05
2.510844002600000022e+04 -3.400766979819220270e-01 -5.325295545871821097e-05
2.511276211300000068e+04 -3.399969877566140219e-01 -5.586097262288302777e-05
2.511709639099999913e+04 -3.401161584531939841e-01 -9.107717904980335390e-05
2.512144286099999954e+04 -3.405506743564459815e-01 -1.448389130029428861e-04
2.512580152399999861e+04 -3.414584628970129820e-01 -1.744995435659679229e-04
2.513017237799999930e+04 -3.423321815542579860e-01 -1.795296743158803637e-04
2.513455542399999831e+04 -3.433189989263529807e-01 -2.212758088875492251e-04
2.513895066199999928e+04 -3.448141919701520064e-01 -2.440839180166677028e-04
2.514335809099999824e+04 -3.461455514283289792e-01 -2.072975913037320567e-04
2.514777771299999949e+04 -3.471024862663730226e-01 -2.327004393665119413e-04
2.515220952699999907e+04 -3.488183107435420260e-01 -2.687217423717368149e-04
2.515665353200000027e+04 -3.503202937996979793e-01 -2.436357335223302185e-04
2.516110973000000013e+04 -3.516694738596869985e-01 -2.415859938070552570e-04
2.516557811900000161e+04 -3.531485039596710118e-01 -2.423874539748421700e-04
2.517005870000000141e+04 -3.545174729103540145e-01 -2.332971824130021694e-04
2.517455147299999953e+04 -3.558670827482700028e-01 -2.063180867746627987e-04
2.517905643799999962e+04 -3.568351937377129968e-01 -2.097687483014068835e-04
2.518357359500000166e+04 -3.582434412515400068e-01 -2.493131082127560062e-04
2.518810294399999839e+04 -3.598195999226059816e-01 -2.482447872290543547e-04
2.519264448500000071e+04 -3.612195944506220169e-01 -2.499476770171311425e-04
2.519719821800000136e+04 -3.628298008056030088e-01 -2.420302841133772595e-04
2.520176414199999999e+04 -3.641164365390749946e-01 -2.187721565478195195e-04
2.520634225900000092e+04 -3.653767258923300010e-01 -2.135008509910516189e-04
2.521093256699999984e+04 -3.665888753102750086e-01 -2.039381248603622005e-04
2.521553506800000105e+04 -3.677079007670789879e-01 -2.058840230948994019e-04
2.522014976000000024e+04 -3.689563969790760067e-01 -1.918741756977013961e-04
2.522477664400000140e+04 -3.698639445526960001e-01 -1.567713499144334952e-04
2.522941572000000087e+04 -3.705711223185190195e-01 -1.459000645908513534e-04
2.523406698799999867e+04 -3.713130661495310236e-01 -1.463114514966674072e-04
2.523873044799999843e+04 -3.720304917482840090e-01 -1.281454829332199987e-04
2.524340610000000015e+04 -3.724909408533110255e-01 -1.277050211076171575e-04
2.524809394299999985e+04 -3.732045057402260113e-01 -1.270498426914675328e-04
2.525279397899999822e+04 -3.736576681823070012e-01 -1.105121620910744240e-04
2.525750620599999820e+04 -3.741124879013300042e-01 -1.430321450638485968e-04
2.526223062600000048e+04 -3.750840963163240005e-01 -1.333748716469382355e-04
2.526696723700000075e+04 -3.753889444636719919e-01 -1.286516009756615139e-04
2.527171603999999934e+04 -3.762884966604129744e-01 -1.677842628252683356e-04
2.527647703600000023e+04 -3.772222925191490162e-01 -1.438895879147708936e-04
2.528125022299999910e+04 -3.777434164831779961e-01 -1.550552432906229978e-04
2.528603560199999993e+04 -3.788604220565089942e-01 -2.290844252008744056e-04
2.529083317199999874e+04 -3.805787857726249945e-01 -2.250630137753951141e-04
2.529564293499999985e+04 -3.816380316565640141e-01 -1.853066367135941387e-04
2.530046488999999929e+04 -3.827194673089029942e-01 -2.178440191372449809e-04
2.530529903700000068e+04 -3.843125109420679753e-01 -2.390195784402589718e-04
2.531014537500000006e+04 -3.857454407133359964e-01 -2.178015972808153798e-04
2.531500390500000140e+04 -3.869998047190619794e-01 -2.189099607272609980e-04
2.531987462800000139e+04 -3.884576219315130086e-01 -2.074612482071079003e-04
2.532475754199999938e+04 -3.895309884661929956e-01 -1.640683603754179720e-04
2.532965264799999932e+04 -3.902815741523339987e-01 -1.443257604462372553e-04
