# energy mu dmude
2.303020823300000120e+04 -1.739683385971469987e+00 -3.780752658071472088e-05
2.303520823300000120e+04 -1.739758783065749936e+00 -4.004121564979501658e-05
2.304020823300000120e+04 -1.739878440279970073e+00 -3.982358682800491220e-05
2.304520823300000120e+04 -1.739949525100940031e+00 -3.665673074313439479e-05
2.305020823300000120e+04 -1.740006431670009901e+00 -3.549688417387764793e-05
2.305520823300000120e+04 -1.740054534353949967e+00 -3.700269728065146076e-05
2.306020823300000120e+04 -1.740141278320550100e+00 -3.346066221772443777e-05
2.306520823300000120e+04 -1.740119196259940049e+00 -2.898148495994539339e-05
2.307020823300000120e+04 -1.740117186189370058e+00 -2.773501680931401956e-05
2.307520823300000120e+04 -1.740070405601729986e+00 -2.455228878966948325e-05
2.308020823300000120e+04 -1.740005330386670046e+00 -2.045736537407731121e-05
2.308520823300000120e+04 -1.739877409677949904e+00 -1.667746874469717091e-05
2.309020823300000120e+04 -1.739737436537079907e+00 -1.803132360355060002e-05
2.309520823300000120e+04 -1.739636342202389940e+00 -1.117767701600438784e-05
2.310020823300000120e+04 -1.739360565370579925e+00 -9.607687711659990637e-07
2.310520823300000120e+04 -1.739057024961099929e+00 -1.462692194381231366e-06
2.311020823300000120e+04 -1.738791193645530031e+00 4.297024111491875007e-06
2.311520823300000120e+04 -1.738373525563559951e+00 1.544809838357556324e-05
2.312020823300000120e+04 -1.737886737852770036e+00 2.511733144309332512e-05
2.312520823300000120e+04 -1.737277475774630098e+00 3.650406615305003971e-05
2.313020823300000120e+04 -1.736565062102300105e+00 5.189987934165514059e-05
2.313520823300000120e+04 -1.735650734942479900e+00 6.589207085901293756e-05
2.314020823300000120e+04 -1.734661068682330054e+00 8.142689136098602812e-05
2.314520823300000120e+04 -1.733438922037610075e+00 1.070699547523855778e-04
2.315020823300000120e+04 -1.731941143400919980e+00 1.398772350231291617e-04
2.315520823300000120e+04 -1.730068926798030038e+00 1.779510276867243368e-04
2.316020823300000120e+04 -1.727816723271500043e+00 2.265327470381672662e-04
2.316520823300000120e+04 -1.724981869229420095e+00 2.954888493257413020e-04
2.317020823300000120e+04 -1.721363313778569992e+00 3.880775739090306688e-04
2.317520823300000120e+04 -1.716693831939849924e+00 5.245439662389776454e-04
2.318020823300000120e+04 -1.710371221132340080e+00 7.292917452110889848e-04
2.318520823300000120e+04 -1.701644701373580038e+00 9.813699953145108793e-04
2.318900000000000000e+04 -1.692748992207550041e+00 1.200333885010933504e-03
2.319000000000000000e+04 -1.689961060432509932e+00 1.511651491795320754e-03
2.319100000000000000e+04 -1.686638704467859906e+00 1.724256808892109943e-03
2.319200000000000000e+04 -1.683008225987020046e+00 1.901298289828457291e-03
2.319300000000000000e+04 -1.678984261433319913e+00 2.102752884709152559e-03
2.319400000000000000e+04 -1.674555426130539981e+00 2.334683679707277165e-03
2.319500000000000000e+04 -1.669612328744380036e+00 2.626476348724067836e-03
2.319600000000000000e+04 -1.664027130301610091e+00 2.823514184188182126e-03
2.319620000000000073e+04 -1.662826839222609987e+00 3.280705016381369864e-03
2.319640000000000146e+04 -1.661402934519419894e+00 2.968274494458199124e-03
2.319659999999999854e+04 -1.660450273472120042e+00 2.914401261303684043e-03
2.319679999999999927e+04 -1.659069068279690029e+00 3.805957795456092491e-03
2.319700000000000000e+04 -1.657409766372069937e+00 3.844981156225062320e-03
2.319720000000000073e+04 -1.655997631563659978e+00 3.953265251362500336e-03
2.319740000000000146e+04 -1.654252504514039934e+00 3.239030371025937785e-03
2.319759999999999854e+04 -1.653406466785269924e+00 3.366983108025001746e-03
2.319779999999999927e+04 -1.651559925379199933e+00 4.743045438322766524e-03
2.319800000000000000e+04 -1.649623231217909991e+00 4.035978677428268824e-03
2.319820000000000073e+04 -1.648337105495049970e+00 4.067320859690824741e-03
2.319840000000000146e+04 -1.646375569760859969e+00 4.968358412133931992e-03
2.319859999999999854e+04 -1.644375288595470108e+00 4.100778409565283833e-03
2.319879999999999927e+04 -1.643101390106820103e+00 4.546468694992560587e-03
2.319900000000000000e+04 -1.640747858244830049e+00 5.188706068340005924e-03
2.319920000000000073e+04 -1.638964927347539957e+00 4.688885965086827569e-03
2.319940000000000146e+04 -1.637007549059920075e+00 5.377948141213613302e-03
2.319959999999999854e+04 -1.634678472775040081e+00 5.616493884197153175e-03
2.319979999999999927e+04 -1.632532024963970096e+00 4.987343055760687718e-03
2.320000000000000000e+04 -1.630701608792719970e+00 6.045788126411677857e-03
2.320020000000000073e+04 -1.627716245549309937e+00 6.330448362387657013e-03
2.320040000000000146e+04 -1.625660209861699901e+00 5.940427562829119976e-03
2.320059999999999854e+04 -1.622983974108040073e+00 6.453107623689956045e-03
2.320079999999999927e+04 -1.620521592142450062e+00 7.008952729921446786e-03
2.320100000000000000e+04 -1.617404797827380003e+00 7.938108197716025119e-03
2.320120000000000073e+04 -1.614205974375509944e+00 8.456444701293631266e-03
2.320140000000000146e+04 -1.610678350529409997e+00 7.943185352987930728e-03
2.320159999999999854e+04 -1.607886332494359971e+00 7.020292304685510354e-03
2.320179999999999927e+04 -1.605090186588949974e+00 7.802994458183606236e-03
2.320200000000000000e+04 -1.601677804839469976e+00 8.860522217181174970e-03
2.320220000000000073e+04 -1.598043470555889911e+00 9.548800682622751376e-03
2.320240000000000146e+04 -1.594085564581849912e+00 1.026995230762263803e-02
2.320259999999999854e+04 -1.589879651060039922e+00 1.068637361661416152e-02
2.320279999999999927e+04 -1.585591692755319970e+00 1.032711507448221336e-02
2.320300000000000000e+04 -1.581670524794209998e+00 1.149780372107494890e-02
2.320320000000000073e+04 -1.576454687661080101e+00 1.229250252484527690e-02
2.320340000000000146e+04 -1.571903647532739923e+00 1.176905756114073401e-02
2.320359999999999854e+04 -1.567102688856979897e+00 1.273117173429162176e-02
2.320379999999999927e+04 -1.561789084425680096e+00 1.417914761779528326e-02
2.320400000000000000e+04 -1.555840471187480034e+00 1.498252097184980640e-02
2.320420000000000073e+04 -1.549890119207030015e+00 1.418087279941592817e-02
2.320440000000000146e+04 -1.544576886152279949e+00 1.569942747793666091e-02
2.320459999999999854e+04 -1.537422939398829902e+00 1.701640334195808624e-02
2.320479999999999927e+04 -1.531065881390879957e+00 1.686064881166217388e-02
2.320500000000000000e+04 -1.524035384481559952e+00 1.915817423558598478e-02
2.320520000000000073e+04 -1.515857325471509975e+00 1.930571613943744130e-02
2.320540000000000146e+04 -1.508709887982569997e+00 1.837941982880407499e-02
2.320559999999999854e+04 -1.501266004312930002e+00 2.113626324104876664e-02
2.320579999999999927e+04 -1.491933513912709897e+00 2.197484331635575494e-02
2.320600000000000000e+04 -1.483824978116949911e+00 2.183400875179710224e-02
2.320620000000000073e+04 -1.474604112110750043e+00 2.314361127513081540e-02
2.320640000000000146e+04 -1.465457595414970005e+00 2.373746363712610219e-02
2.320659999999999854e+04 -1.455766046588619966e+00 2.398460180417514090e-02
2.320679999999999927e+04 -1.446423650080080003e+00 2.465681828342386819e-02
2.320700000000000000e+04 -1.436199307635869893e+00 2.864453494745949902e-02
2.320720000000000073e+04 -1.423696277531860011e+00 2.728266602155836329e-02
2.320740000000000146e+04 -1.414551341936850060e+00 2.539164514830278413e-02
2.320759999999999854e+04 -1.403547120450910013e+00 2.723707929055053933e-02
2.320779999999999927e+04 -1.392939507930839982e+00 2.765359717673395931e-02
2.320800000000000000e+04 -1.381605157567679987e+00 3.005954742389384260e-02
2.320820000000000073e+04 -1.369090607363500078e+00 3.143708550285533032e-02
2.320840000000000146e+04 -1.356664430900790030e+00 2.966965919775169797e-02
2.320859999999999854e+04 -1.345550729209409990e+00 2.854357355016051354e-02
2.320879999999999927e+04 -1.334017079580720022e+00 3.100373361098109765e-02
2.320900000000000000e+04 -1.320953473923140109e+00 3.408956787695938823e-02
2.320920000000000073e+04 -1.306974015759690078e+00 3.401061046228989054e-02
2.320940000000000146e+04 -1.293972991142450013e+00 3.173573819027593335e-02
2.320959999999999854e+04 -1.281796579267139968e+00 3.165665237634185392e-02
2.320979999999999927e+04 -1.268858237458510008e+00 3.449068506212486090e-02
2.321000000000000000e+04 -1.254435593046409947e+00 3.308384753298736908e-02
2.321020000000000073e+04 -1.242612299856469926e+00 3.251085178753967270e-02
2.321040000000000146e+04 -1.228643807470630067e+00 3.520763933406763357e-02
2.321059999999999854e+04 -1.214683061187479929e+00 3.462636508828311616e-02
2.321079999999999927e+04 -1.201175282303670100e+00 3.309818892411308527e-02
2.321100000000000000e+04 -1.188425756708999970e+00 3.552426898381557535e-02
2.321120000000000073e+04 -1.172995085406290050e+00 3.705219920671752598e-02
2.321140000000000146e+04 -1.159034534054049992e+00 3.495158887957030419e-02
2.321159999999999854e+04 -1.145268790360630007e+00 3.478462259328946038e-02
2.321179999999999927e+04 -1.131440575204309962e+00 3.480956349881249301e-02
2.321200000000000000e+04 -1.117655063540510030e+00 3.468709161421427989e-02
2.321220000000000073e+04 -1.103923918659130088e+00 3.634348777934091890e-02
2.321240000000000146e+04 -1.088825560118789948e+00 3.803131577359209620e-02
2.321259999999999854e+04 -1.073756655734829923e+00 3.765515440171224998e-02
2.321279999999999927e+04 -1.058956439808280026e+00 3.692401747667260065e-02
2.321300000000000000e+04 -1.044467028934459973e+00 3.812413089231936336e-02
2.321320000000000073e+04 -1.028715612333580109e+00 3.707257112757449818e-02
2.321340000000000146e+04 -1.015059659651530000e+00 3.363319891795522876e-02
2.321359999999999854e+04 -1.002034263044009998e+00 3.567676831032774026e-02
2.321379999999999927e+04 -9.867585929596679462e-01 3.721483834951514608e-02
2.321400000000000000e+04 -9.725141338538240143e-01 3.702945056727750817e-02
2.321420000000000073e+04 -9.573854007015899503e-01 4.025107012814844315e-02
2.321440000000000146e+04 -9.405875106793160079e-01 4.273453355023179578e-02
2.321459999999999854e+04 -9.234904034962689856e-01 3.786885030316253925e-02
2.321479999999999927e+04 -9.105490166388660045e-01 3.538465528345502431e-02
2.321500000000000000e+04 -8.954208633453240029e-01 3.899456196296888222e-02
2.321520000000000073e+04 -8.796182921839600377e-01 3.944575011619654709e-02
2.321540000000000146e+04 -8.641325306260619898e-01 4.259000121490742752e-02
2.321559999999999854e+04 -8.458378501973620178e-01 4.430882170540624554e-02
2.321579999999999927e+04 -8.289897647221710075e-01 4.032181440289148155e-02
2.321600000000000000e+04 -8.138551556541290255e-01 4.041049596671712069e-02
2.321620000000000073e+04 -7.969367818526750247e-01 4.400721600812873557e-02
2.321640000000000146e+04 -7.789514401087359596e-01 4.411957313985732237e-02
2.321659999999999854e+04 -7.619440129080859991e-01 4.504117379258086584e-02
2.321679999999999927e+04 -7.432282175662650037e-01 4.464801161365725135e-02
2.321700000000000000e+04 -7.265324076881509718e-01 4.220620674579145248e-02
2.321720000000000073e+04 -7.097519681273869452e-01 4.327028043893811626e-02
2.321740000000000146e+04 -6.922127816139800327e-01 4.562164662778699087e-02
2.321759999999999854e+04 -6.735686672747539516e-01 4.422916697953182402e-02
2.321779999999999927e+04 -6.571331494339329726e-01 4.844098954632227588e-02
2.321800000000000000e+04 -6.351507768819090183e-01 4.661158608342209908e-02
2.321820000000000073e+04 -6.201652301728529659e-01 4.639634360046798051e-02
2.321840000000000146e+04 -5.983534571593900342e-01 5.005185368312432825e-02
2.321859999999999854e+04 -5.804705812397149556e-01 4.656712649802956239e-02
2.321879999999999927e+04 -5.614207762245030375e-01 4.885883567900167757e-02
2.321900000000000000e+04 -5.417215092118770059e-01 4.459690763294622828e-02
2.321920000000000073e+04 -5.260496756271140217e-01 4.569142043103883305e-02
2.321940000000000146e+04 -5.054829061784390509e-01 4.900554927136382966e-02
2.321959999999999854e+04 -4.871843195333330212e-01 4.728636765829122290e-02
2.321979999999999927e+04 -4.679801602249289982e-01 4.939001018341927091e-02
2.322000000000000000e+04 -4.480142426736170025e-01 4.987992442398259813e-02
2.322020000000000073e+04 -4.284217811015170185e-01 4.952415978935528068e-02
2.322040000000000146e+04 -4.087378398667330104e-01 5.025250150822530015e-02
2.322059999999999854e+04 -3.885681002435220077e-01 4.767517413255881881e-02
2.322079999999999927e+04 -3.709269288884159965e-01 4.425816005593688485e-02
2.322100000000000000e+04 -3.534654883735129927e-01 4.182642314342448903e-02
2.322120000000000073e+04 -3.377516930153899866e-01 4.444879664499867822e-02
2.322140000000000146e+04 -3.182117794074270090e-01 5.122070508523259014e-02
2.322159999999999854e+04 -2.971306214397160250e-01 4.760334854122636600e-02
2.322179999999999927e+04 -2.804577968410569833e-01 4.263263164476593925e-02
2.322200000000000000e+04 -2.633163909015789894e-01 4.332723669006363632e-02
2.322220000000000073e+04 -2.460930276797649863e-01 4.169672165896461807e-02
2.322240000000000146e+04 -2.302439554288079893e-01 3.972176923652785685e-02
2.322259999999999854e+04 -2.145859243263109895e-01 4.314206434654443978e-02
2.322279999999999927e+04 -1.960259524448620116e-01 4.141041585383787443e-02
2.322300000000000000e+04 -1.817404126353679983e-01 3.792525211834010812e-02
2.322320000000000073e+04 -1.659427547586909968e-01 4.203760316198984492e-02
2.322340000000000146e+04 -1.483977971018489994e-01 4.047860772983853661e-02
2.322359999999999854e+04 -1.338357870292510021e-01 3.555852153987212882e-02
2.322379999999999927e+04 -1.201904518919130055e-01 3.108087788680064315e-02
2.322400000000000000e+04 -1.091773877825659989e-01 3.637067962746883681e-02
2.322420000000000073e+04 -9.133939642024629935e-02 4.015822801946751508e-02
2.322440000000000146e+04 -7.732435055021309733e-02 3.236219010907489396e-02
2.322459999999999854e+04 -6.566543894907679590e-02 3.178101646979010486e-02
2.322479999999999927e+04 -5.211102684113470135e-02 3.073578911112571574e-02
2.322500000000000000e+04 -4.128055441512269719e-02 2.966494251599593318e-02
2.322520000000000073e+04 -2.857488709255799966e-02 3.209828731326976742e-02
2.322540000000000146e+04 -1.581576427245250105e-02 3.207915316036027975e-02
2.322559999999999854e+04 -3.125262532732360141e-03 2.842606990701015274e-02
2.322579999999999927e+04 6.738454562685180192e-03 2.419797328714247062e-02
2.322600000000000000e+04 1.607779940067479915e-02 2.406502615858773647e-02
2.322620000000000073e+04 2.583614362325990094e-02 2.538213491221389187e-02
2.322640000000000146e+04 3.621941874173890269e-02 2.496839111810614242e-02
2.322659999999999854e+04 4.564983281118979719e-02 2.472761004806455290e-02
2.322679999999999927e+04 5.584226670316359831e-02 2.216269859399281131e-02
2.322700000000000000e+04 6.323975165717700408e-02 1.730886896323089591e-02
2.322720000000000073e+04 6.958507746947399653e-02 1.727815593927943191e-02
2.322740000000000146e+04 7.695821951663189830e-02 1.785686823107398430e-02
2.322759999999999854e+04 8.376222824578180570e-02 1.609675216221503197e-02
2.322779999999999927e+04 8.974031581745879615e-02 1.403597335319473755e-02
2.322800000000000000e+04 9.491096709298099676e-02 1.312713426204812836e-02
2.322820000000000073e+04 1.001687157824450031e-01 1.166747542775960905e-02
2.322840000000000146e+04 1.041824526785719990e-01 9.532562648966852112e-03
2.322859999999999854e+04 1.077480858992559964e-01 7.684416467127775166e-03
2.322879999999999927e+04 1.102969963285759941e-01 6.354674879042651429e-03
2.322900000000000000e+04 1.128086865812760048e-01 4.557951956095168504e-03
2.322920000000000073e+04 1.139335282237550068e-01 3.814656233921132067e-03
2.322940000000000146e+04 1.158560879968349999e-01 2.420886560355216786e-03
2.322959999999999854e+04 1.158762385025489949e-01 -7.832334810790594697e-05
2.322979999999999927e+04 1.158179437003809958e-01 2.104432671482641402e-04
2.323000000000000000e+04 1.160669684071280044e-01 -1.519780272998838468e-03
2.323020000000000073e+04 1.146373117180980034e-01 -2.142647614630764814e-03
2.323040000000000146e+04 1.143926565545480001e-01 -2.538652084096957445e-03
2.323059999999999854e+04 1.126491297650250023e-01 -5.068199388300232908e-03
2.323079999999999927e+04 1.103995748394060034e-01 -5.103288323252993912e-03
2.323100000000000000e+04 1.086282368295460043e-01 -5.133597617235006322e-03
2.323120000000000073e+04 1.063546589903440059e-01 -5.885568968637360301e-03
2.323140000000000146e+04 1.039873142637809944e-01 -6.890637819185051194e-03
2.323159999999999854e+04 1.009171265743220025e-01 -7.147108086503905708e-03
2.323179999999999927e+04 9.834650548401170644e-02 -6.883599611050221501e-03
2.323200000000000000e+04 9.548517258795280460e-02 -7.660081326044009507e-03
2.323220000000000073e+04 9.229911805503859812e-02 -7.689956829209145320e-03
2.323240000000000146e+04 8.941410606466550226e-02 -7.090493008864552985e-03
2.323259999999999854e+04 8.670318195090580271e-02 -7.575943802564918950e-03
2.323279999999999927e+04 8.343340539053710481e-02 -7.764332384077929708e-03
2.323300000000000000e+04 8.057316593416009864e-02 -7.328784980519237498e-03
2.323320000000000073e+04 7.764860090010759774e-02 -8.194460415754554680e-03
2.323340000000000146e+04 7.410223374362250037e-02 -6.988770143118551784e-03
2.323359999999999854e+04 7.213328955795980657e-02 -5.903491888293607368e-03
2.323379999999999927e+04 6.944710560945870081e-02 -7.028383430092399221e-03
2.323400000000000000e+04 6.658658102880379848e-02 -5.693474303668892567e-03
2.323420000000000073e+04 6.495843579953419766e-02 -5.393905235250101571e-03
2.323440000000000146e+04 6.233534736130799669e-02 -6.265056304558862255e-03
2.323459999999999854e+04 6.001673448647049797e-02 -5.542757417008041532e-03
2.323479999999999927e+04 5.796613459802849727e-02 -4.861832382025775556e-03
2.323500000000000000e+04 5.618721767521610289e-02 -4.778511030618205931e-03
2.323520000000000073e+04 5.420265764985009865e-02 -4.696057521984943993e-03
2.323540000000000146e+04 5.248909274459710034e-02 -3.973834041988735279e-03
2.323559999999999854e+04 5.107696150160000170e-02 -3.311812487323293613e-03
2.323579999999999927e+04 4.988810979511919957e-02 -2.241379440146191136e-03
2.323600000000000000e+04 4.932439556254480245e-02 -2.314033275928236918e-03
2.323620000000000073e+04 4.807795898392829698e-02 -2.832715690347340030e-03
2.323640000000000146e+04 4.710314105404839885e-02 -1.343932023607059172e-03
2.323659999999999854e+04 4.703670297330930089e-02 -1.358330734136577525e-03
2.323679999999999927e+04 4.605047273607049824e-02 -1.473508863067320629e-03
2.323700000000000000e+04 4.589274535509509784e-02 -9.338080261491634023e-04
2.323720000000000073e+04 4.533427785537740007e-02 1.354994318006963526e-04
2.323740000000000146e+04 4.602407535147350071e-02 1.694860912718288608e-03
2.323759999999999854e+04 4.670154578297110171e-02 1.303525838057991749e-03
2.323779999999999927e+04 4.708117410501330008e-02 1.824378562660957629e-04
2.323800000000000000e+04 4.687007881401390047e-02 1.109245805431108550e-03
2.323820000000000073e+04 4.798428799710340031e-02 1.830504918488297947e-03
2.323840000000000146e+04 4.834485713861699785e-02 1.943106554048779945e-03
2.323859999999999854e+04 4.954831351306510090e-02 2.126984977201490032e-03
2.323879999999999927e+04 5.005462328026930030e-02 2.702699432572001903e-03
2.323900000000000000e+04 5.171438650959370165e-02 4.407489966760999925e-03
2.323920000000000073e+04 5.357190015850599868e-02 4.645004518192862204e-03
2.323940000000000146e+04 5.541991559677990342e-02 4.986141446152456483e-03
2.323959999999999854e+04 5.754781175424480283e-02 4.217391938390579673e-03
2.323979999999999927e+04 5.878652223797559834e-02 4.049294167083307416e-03
2.324000000000000000e+04 6.078118539320959829e-02 5.505901605466444020e-03
2.324020000000000073e+04 6.317439174338089491e-02 6.085963459333052286e-03
2.324040000000000146e+04 6.562880746812869981e-02 6.117463745215288851e-03
2.324059999999999854e+04 6.804698070286979705e-02 7.553135346005518391e-03
2.324079999999999927e+04 7.163929870999420635e-02 7.937428345646525135e-03
2.324100000000000000e+04 7.436205962428220351e-02 7.434897941088078333e-03
2.324120000000000073e+04 7.755607589304169824e-02 8.247832327568064767e-03
2.324140000000000146e+04 8.092316235733500174e-02 7.737887033285077536e-03
2.324159999999999854e+04 8.371299990303690541e-02 8.984749593896237951e-03
2.324179999999999927e+04 8.806834005483689387e-02 8.788047117776146694e-03
2.324200000000000000e+04 9.070227272904030080e-02 9.361137716096618044e-03
2.324220000000000073e+04 9.551184008675910053e-02 1.053173136752432078e-02
2.324240000000000146e+04 9.907357629693440415e-02 1.051352840361583114e-02
2.324259999999999854e+04 1.038687161252130065e-01 1.125704271407799301e-02
2.324279999999999927e+04 1.080197560664010042e-01 1.087561864565474157e-02
2.324300000000000000e+04 1.125125821081140037e-01 1.147827240345887512e-02
2.324320000000000073e+04 1.171412807883319973e-01 1.189178036650199478e-02
2.324340000000000146e+04 1.219618500651089982e-01 1.258755617691772501e-02
2.324359999999999854e+04 1.271420153078300086e-01 1.278554373693351759e-02
2.324379999999999927e+04 1.321195080037929903e-01 1.340379504885478093e-02
2.324400000000000000e+04 1.377896944872140095e-01 1.402571335966667013e-02
2.324420000000000073e+04 1.432601148589359996e-01 1.434106017262738210e-02
2.324440000000000146e+04 1.491802428039100126e-01 1.433847667352936180e-02
2.324459999999999854e+04 1.546486155139890073e-01 1.535919380006050411e-02
2.324479999999999927e+04 1.613777560126009869e-01 1.477313731023037827e-02
2.324500000000000000e+04 1.663816248508619977e-01 1.419501289802031600e-02
2.324520000000000073e+04 1.726525483813350081e-01 1.562420350011589978e-02
2.324540000000000146e+04 1.787891827122030097e-01 1.384624378074967611e-02
2.324559999999999854e+04 1.836509090267600119e-01 1.480624906710084621e-02
2.324579999999999927e+04 1.905484361731099863e-01 1.747224169040217587e-02
2.324600000000000000e+04 1.975232077616460025e-01 1.770591405104935540e-02
2.324620000000000073e+04 2.046059418260439966e-01 1.621666894742758436e-02
2.324640000000000146e+04 2.104003491853840002e-01 1.685099123833030954e-02
2.324659999999999854e+04 2.179858422247560046e-01 1.715250616427333938e-02
2.324679999999999927e+04 2.240192279982489987e-01 1.584807982978283375e-02
2.324700000000000000e+04 2.305708427452400067e-01 1.747488440956372624e-02
2.324720000000000073e+04 2.378936213320420046e-01 1.824910525404005446e-02
2.324740000000000146e+04 2.450588775730319913e-01 1.850275502486197626e-02
2.324759999999999854e+04 2.525826970195920174e-01 1.829460380436234365e-02
2.324779999999999927e+04 2.595829742021710240e-01 1.742477739955078722e-02
2.324800000000000000e+04 2.664173759221559745e-01 1.564794399325744600e-02
2.324820000000000073e+04 2.720093485960090041e-01 1.705147633542694607e-02
2.324840000000000146e+04 2.799561792688819994e-01 1.970903223948036742e-02
2.324859999999999854e+04 2.876545103375969803e-01 1.870608026171887567e-02
2.324879999999999927e+04 2.948064089772799989e-01 1.701455487575581280e-02
2.324900000000000000e+04 3.011640500190069791e-01 1.606505121542018896e-02
2.324920000000000073e+04 3.075633793513110059e-01 1.600118577230532496e-02
2.324940000000000146e+04 3.138704011334210175e-01 1.684705617026416996e-02
2.324959999999999854e+04 3.209401608453020249e-01 1.704776259261053112e-02
2.324979999999999927e+04 3.274062609959950132e-01 1.566429983861713712e-02
2.325000000000000000e+04 3.333794987565310008e-01 1.526978087933057900e-02
2.325020000000000073e+04 3.395329062106700047e-01 1.345588026487088730e-02
2.325040000000000146e+04 3.440684602780260115e-01 1.152857623711552384e-02
2.325059999999999854e+04 3.486943013646550127e-01 1.201257397960957957e-02
2.325079999999999927e+04 3.536134683247830202e-01 1.332678701954840422e-02
2.325100000000000000e+04 3.592809445715630101e-01 1.135415629012236950e-02
2.325120000000000073e+04 3.626366195687060201e-01 9.976897032651707922e-03
2.325140000000000146e+04 3.672124907077080058e-01 9.297793736925075159e-03
2.325159999999999854e+04 3.700299136492590235e-01 7.401407870802212061e-03
2.325179999999999927e+04 3.731027239182539978e-01 8.690248525092285001e-03
2.325200000000000000e+04 3.769416720619609973e-01 5.139623566013401361e-03
2.325270000000000073e+04 3.823222346944250005e-01 1.923679931840123264e-03
2.325340000000000146e+04 3.823618704974969806e-01 -2.481538817300572852e-03
2.325409999999999854e+04 3.755220342365169772e-01 -6.844431454109128551e-03
2.325479999999999927e+04 3.634586868764009826e-01 -1.078870487738855556e-02
2.325550000000000000e+04 3.456771477574239748e-01 -1.437572009425621723e-02
2.325620000000000073e+04 3.236631579245379808e-01 -1.711892773680347493e-02
2.325690000000000146e+04 2.982717602381380062e-01 -1.921670926424509304e-02
2.325759999999999854e+04 2.704383710709820088e-01 -2.023829188545250846e-02
2.325829999999999927e+04 2.422130285013260054e-01 -1.967435864509473400e-02
2.325999369500000103e+04 1.772649221706590061e-01 -1.858281408907327958e-02
2.326099958300000071e+04 1.429718929066809974e-01 -1.576852712635306783e-02
2.326201766199999838e+04 1.141471101072590033e-01 -1.291749722511362046e-02
2.326304793300000165e+04 9.066535591925130311e-02 -9.893803271101168917e-03
2.326409039599999960e+04 7.363646570052609364e-02 -6.808732909743863207e-03
2.326514505099999951e+04 6.249783573840889811e-02 -4.040925595163596257e-03
2.326621189800000138e+04 5.677650532559760238e-02 -1.534878170156529645e-03
2.326729093700000158e+04 5.609988489327370070e-02 6.771878319984748823e-04
2.326838216699999975e+04 5.981850660733890185e-02 2.489340156410753315e-03
2.326948559000000023e+04 6.705650385187260365e-02 3.749072676314917692e-03
2.327060120399999869e+04 7.643587830602140143e-02 4.365809297720533999e-03
2.327172901099999945e+04 8.659805298455160172e-02 4.445479865247974408e-03
2.327286900899999819e+04 9.654783539891520494e-02 4.168574871720672620e-03
2.327402119899999889e+04 1.056685678149559965e-01 3.495282628937937917e-03
2.327518558199999825e+04 1.127306519323449940e-01 2.632529051884596218e-03
2.327636215599999923e+04 1.180197875592380041e-01 1.923995358486431471e-03
2.327755092199999854e+04 1.218897104174980067e-01 1.347693116792040083e-03
2.327875187899999946e+04 1.245443610376049948e-01 1.074421559110470261e-03
2.327996502899999905e+04 1.271736623250269982e-01 1.406479830721571803e-03
2.328119037100000060e+04 1.314861338545950109e-01 2.269118900625791916e-03
2.328242790400000013e+04 1.383946464164929890e-01 3.511925830473222685e-03
2.328367762999999832e+04 1.489433318923049920e-01 5.007517856818571346e-03
2.328493954700000177e+04 1.634662082667650007e-01 6.689251948306279213e-03
2.328621365700000024e+04 1.827091612895850037e-01 8.037547645529458801e-03
2.328749995800000033e+04 2.043971478864450020e-01 8.751838415455846440e-03
2.328879845099999875e+04 2.276882866289680063e-01 8.931226837243459032e-03
2.329010913599999913e+04 2.507280344386609849e-01 8.344415535465861747e-03
2.329143201300000146e+04 2.713899689455540054e-01 6.956462519087776297e-03
2.329276708199999848e+04 2.875244590708599945e-01 4.687947090100018192e-03
2.329411434200000076e+04 2.964668283296110207e-01 1.804974270523219699e-03
2.329547379500000170e+04 2.973670347092700061e-01 -1.136892513615723761e-03
2.329684544000000096e+04 2.904778165976639737e-01 -3.843227799796707436e-03
2.329822927599999821e+04 2.765481451290370263e-01 -5.994576578041821598e-03
2.329962530500000139e+04 2.576245300093439883e-01 -7.232485360746893598e-03
2.330103352499999892e+04 2.365281597592079899e-01 -7.772179785863021946e-03
2.330245393699999840e+04 2.142316476006410064e-01 -7.737330022173635052e-03
2.330388654099999985e+04 1.929582249747600065e-01 -7.051488612786324141e-03
2.330533133699999962e+04 1.741996653004470041e-01 -6.154784960976796351e-03
2.330678832500000135e+04 1.577428918658830004e-01 -5.185007939397544285e-03
2.330825750500000140e+04 1.443113224617559864e-01 -3.967484582488533390e-03
2.330973887699999977e+04 1.347236911862229880e-01 -2.880791042926672801e-03
2.331123243999999977e+04 1.275077095467080091e-01 -1.873040804648915501e-03
2.331273819599999842e+04 1.237715011526859948e-01 -8.936365750454547830e-04
2.331425614299999870e+04 1.223344916342099936e-01 -2.189581568201138606e-04
2.331578628300000128e+04 1.226314376271319950e-01 2.948078008760594924e-04
2.331732861399999820e+04 1.243131367342669991e-01 6.497596473444941685e-04
2.331888313700000072e+04 1.268038963223460103e-01 1.006509864035362621e-03
2.332044985200000156e+04 1.307248320111470130e-01 1.429990807282098498e-03
2.332202875900000072e+04 1.359052338965300033e-01 1.781704651137717369e-03
2.332361985799999820e+04 1.421059429425780007e-01 2.135911376340831214e-03
2.332522314900000129e+04 1.496158842959819935e-01 2.402749060137085446e-03
2.332683863199999905e+04 1.576231264123660047e-01 2.539578093492523853e-03
2.332846630699999878e+04 1.661299173451800115e-01 2.631838391633862552e-03
2.333010617300000013e+04 1.748586624737230033e-01 2.710030272790147233e-03
2.333175823200000013e+04 1.840041102041289900e-01 2.825041533351280165e-03
2.333342248200000176e+04 1.936210156365499868e-01 2.862204649616997918e-03
2.333509892400000172e+04 2.031504145339650125e-01 2.675799431789029417e-03
2.333678755799999999e+04 2.116641515480710001e-01 2.303011642603087702e-03
2.333848838500000056e+04 2.188206004943309968e-01 1.792281149415223852e-03
2.334020140299999912e+04 2.239922495974319971e-01 9.649731435737956935e-04
2.334192661299999963e+04 2.256004808692479990e-01 -1.130880429049113933e-04
2.334366401400000177e+04 2.234235284960890133e-01 -1.224011596976525831e-03
2.334541360799999893e+04 2.173519244422880137e-01 -2.418031701568167883e-03
2.334717539400000169e+04 2.068096169298219988e-01 -3.764506874386956432e-03
2.334894937099999879e+04 1.911891783329069949e-01 -4.865038739291111317e-03
2.335073554099999819e+04 1.727028911546160117e-01 -5.549753876456404132e-03
2.335253390199999922e+04 1.519855382357959972e-01 -5.859774694591086790e-03
2.335434445499999856e+04 1.310156197968810055e-01 -5.702933801125161309e-03
2.335616720100000020e+04 1.111457375312260021e-01 -5.066322436902115020e-03
2.335800213799999983e+04 9.451565547563070546e-02 -4.049151015963228101e-03
2.335984926700000142e+04 8.182368039240879576e-02 -2.788531354852046527e-03
2.336170858800000133e+04 7.425773476866240341e-02 -1.410333241076977984e-03
2.336358009999999922e+04 7.162092376773800118e-02 -3.161181084570953805e-05
2.336546380499999941e+04 7.424720992016779764e-02 1.347755785656295623e-03
2.336735970200000156e+04 8.194070248731590012e-02 2.563357996973863757e-03
2.336926779000000170e+04 9.379619358235820326e-02 3.413141002102848889e-03
2.337118807100000049e+04 1.080613150952920015e-01 3.835294555475695331e-03
2.337312054300000091e+04 1.233059621152240021e-01 3.883422707215762170e-03
2.337506520699999965e+04 1.381275858362600029e-01 3.682804822485954369e-03
2.337702206400000068e+04 1.520103982280190114e-01 3.254615147676295870e-03
2.337899111199999970e+04 1.636804883542909983e-01 2.642822773161061182e-03
2.338097235200000068e+04 1.729332488912100063e-01 2.019492162672011613e-03
2.338296578399999999e+04 1.798233023241720130e-01 1.415166157103357920e-03
2.338497140700000091e+04 1.843863825773089937e-01 8.894043858117846443e-04
2.338698922300000049e+04 1.871547049578499988e-01 4.637502036985944741e-04
2.338901923099999840e+04 1.883481805687229893e-01 1.036949809877328187e-04
2.339106143000000156e+04 1.882350821716989864e-01 -2.739692384616967784e-04
2.339311582199999975e+04 1.863694070215450027e-01 -6.823400757072393356e-04
2.339518240499999956e+04 1.829099241254369956e-01 -1.023241204543477896e-03
2.339726118000000133e+04 1.782125971645870111e-01 -1.213976151733477202e-03
2.339935214800000176e+04 1.731292291614509871e-01 -1.242610650229571036e-03
2.340145530700000018e+04 1.681367368868930123e-01 -1.108263213684207438e-03
2.340357065800000055e+04 1.641177881305979913e-01 -9.648736661835009311e-04
2.340569820099999924e+04 1.602787140295059976e-01 -1.026488864661840705e-03
2.340783793499999956e+04 1.556936179040080137e-01 -1.344600391401410246e-03
2.340998986199999854e+04 1.491012358046150121e-01 -1.878982254593249655e-03
2.341215398099999948e+04 1.398825094109250045e-01 -2.511739305924713325e-03
2.341433029099999840e+04 1.277587920103500085e-01 -3.014809352401566066e-03
2.341651879399999962e+04 1.140692176089500021e-01 -3.284845918000985337e-03
2.341871948799999882e+04 9.945275682090830294e-02 -3.346449716390581877e-03
2.342093237399999998e+04 8.506718453865640128e-02 -3.100484117862644697e-03
2.342315745299999980e+04 7.245344582930020316e-02 -2.678120155556076680e-03
2.342539472300000125e+04 6.165409526807009988e-02 -2.309733027971558675e-03
2.342764418500000102e+04 5.218752271546740068e-02 -1.911784523304871147e-03
2.342990583799999877e+04 4.483517507004659841e-02 -1.476487688911523382e-03
2.343217968399999882e+04 3.918970541161290178e-02 -1.054190092921826472e-03
2.343446572200000082e+04 3.558307032093389888e-02 -4.861910757518311528e-04
2.343676395200000115e+04 3.504762301804879854e-02 1.940696658754893788e-04
2.343907437299999947e+04 3.763106626994990045e-02 8.820880837894242398e-04
2.344139698700000008e+04 4.342264950595239870e-02 1.535983953368794163e-03
2.344373179199999868e+04 5.208470559877100003e-02 2.009361635700233212e-03
2.344607878899999923e+04 6.234343579457830159e-02 2.285271534059427501e-03
2.344843797800000175e+04 7.367695581609519373e-02 2.392182604117742452e-03
2.345080935899999895e+04 8.504969570511629329e-02 2.333710493221578721e-03
2.345319293200000175e+04 9.594934101247309943e-02 2.266030029509207185e-03
2.345558869699999923e+04 1.067953512262709986e-01 2.246930955105287675e-03
2.345799665399999867e+04 1.176241478248789968e-01 2.193544335429761186e-03
2.346041680300000007e+04 1.280694416671170066e-01 2.120743914383274413e-03
2.346284914299999946e+04 1.383056927833349881e-01 1.995391495008214111e-03
2.346529367600000114e+04 1.476435780695830036e-01 1.678151774339861233e-03
2.346775040000000081e+04 1.548967466177380015e-01 1.319796706767352142e-03
2.347021931699999914e+04 1.608196051778099933e-01 9.370346686033953054e-04
2.347270042499999909e+04 1.643837252969380103e-01 3.531448908259172698e-04
2.347519372500000100e+04 1.645980923125340001e-01 -4.295249434564815346e-04
2.347769921700000123e+04 1.604283813502009881e-01 -1.304798018306686704e-03
2.348021690099999978e+04 1.519115753493459897e-01 -2.204806152605237168e-03
2.348274677700000029e+04 1.386787199947739913e-01 -2.998596601962937036e-03
2.348528884499999913e+04 1.220792826917110052e-01 -3.490833851512788275e-03
2.348784310499999992e+04 1.037322572558599942e-01 -3.730289725653163340e-03
2.349040955599999870e+04 8.453596051716870396e-02 -3.606100658764454982e-03
2.349298819999999978e+04 6.727625581472050642e-02 -3.158143664076201555e-03
2.349557903499999884e+04 5.249570775564309927e-02 -2.633593310667400270e-03
2.349818206199999986e+04 4.048330785384249980e-02 -2.025590234966373037e-03
2.350079728199999954e+04 3.186363222622429908e-02 -1.413796462991708273e-03
2.350342469300000084e+04 2.611024139512760009e-02 -9.126860927669945079e-04
2.350606429600000047e+04 2.265354985301069879e-02 -5.391534735701332013e-04
2.350871609099999841e+04 2.077393643880909996e-02 -3.539393512592429385e-04
2.351138007799999832e+04 1.924353652117349878e-02 -3.964499031047948301e-04
2.351405625599999985e+04 1.689845907606169970e-02 -5.580811689234653700e-04
2.351674462700000004e+04 1.363226306282569987e-02 -7.101031552250513601e-04
2.351944518999999855e+04 9.638377817050439514e-03 -6.850476996078773157e-04
2.352215794399999868e+04 6.608086961480750046e-03 -3.753725520550945738e-04
2.352488289100000111e+04 5.919218530806269994e-03 1.457334186209870998e-04
2.352762002900000152e+04 8.512188578195169220e-03 7.633208926150860697e-04
2.353036935900000026e+04 1.454581798311480045e-02 1.295488545466393429e-03
2.353313088100000095e+04 2.298821112742530093e-02 1.581460023646170769e-03
2.353590459499999997e+04 3.222241776929719859e-02 1.700356281261055768e-03
2.353869050100000095e+04 4.205247493655810131e-02 1.788649407646293035e-03
2.354148859900000025e+04 5.234722358176859686e-02 1.851716910094240633e-03
2.354429888900000151e+04 6.296602460214820174e-02 1.963124348687496964e-03
2.354712137100000109e+04 7.459514461682340003e-02 2.064386133236038607e-03
2.354995604399999866e+04 8.644535029974789730e-02 2.003433530643516317e-03
2.355280290999999852e+04 9.748947721375360309e-02 1.775337903075360031e-03
2.355566196700000000e+04 1.068590511729570064e-01 1.367046019961774871e-03
2.355853321700000015e+04 1.133544676597910000e-01 7.948243605764611234e-04
2.356141665799999828e+04 1.162666167379890064e-01 1.807465279648386169e-04
2.356431229099999837e+04 1.157700121940320043e-01 -5.006054217736642751e-04
2.356722011600000042e+04 1.108571870695719969e-01 -1.257221561470338745e-03
2.357014013300000079e+04 1.016006347617759986e-01 -1.941269209093350731e-03
2.357307234199999948e+04 8.869625745832189490e-02 -2.521827137323999317e-03
2.357601674300000013e+04 7.258712613308050676e-02 -2.907984936228683731e-03
2.357897333499999877e+04 5.504713815842819657e-02 -2.973973010421346926e-03
2.358194211999999970e+04 3.802419507004080323e-02 -2.675918680393345184e-03
2.358492309599999862e+04 2.385583736037600114e-02 -2.070705054453520193e-03
2.358791626499999984e+04 1.386937171945010032e-02 -1.406107721176811601e-03
2.359092162499999904e+04 7.501807942934539571e-03 -8.345895252677582726e-04
2.359393917700000020e+04 4.269526679784099721e-03 -3.541037274222214514e-04
2.359696892099999968e+04 3.620567095844449881e-03 3.009353787937028027e-05
2.360001085800000146e+04 4.994881485685959827e-03 3.251624297316791572e-04
2.360306498500000089e+04 7.913040938348860076e-03 4.596719489389711135e-04
2.360613130499999897e+04 1.093579501560910071e-02 3.796462560413001717e-04
2.360920981699999902e+04 1.290324201213300000e-02 4.714946980250829615e-05
2.361230052100000103e+04 1.188129669689639949e-02 -4.650552096928840676e-04
2.361540341600000102e+04 7.566450026380170356e-03 -9.505622914386081205e-04
2.361851850399999967e+04 5.416515301412999812e-04 -1.183360132174525502e-03
2.362164578299999994e+04 -6.697170719265019626e-03 -9.800889359089610606e-04
2.362478525499999887e+04 -1.125357666462300024e-02 -4.796377675267448942e-04
2.362793691799999942e+04 -1.229978853101939933e-02 1.032195183175107399e-04
2.363110077299999830e+04 -9.583987617746810711e-03 6.129832009060139347e-04
2.363427681999999913e+04 -4.219900999576359571e-03 9.076654698002548961e-04
2.363746505899999829e+04 2.243128879152029870e-03 9.917148393887701731e-04
2.364066548999999941e+04 8.716512910305340700e-03 1.020110523185601466e-03
2.364387811199999851e+04 1.558974955777129960e-02 1.008496402281004300e-03
2.364710292699999991e+04 2.196573496158199870e-02 9.466325754330763911e-04
2.365033993399999963e+04 2.809705667229769888e-02 8.731382068245117012e-04
2.365358913200000097e+04 3.357566608691710253e-02 8.475276896575660189e-04
2.365685052300000098e+04 3.942024252587859878e-02 9.296878411096917748e-04
2.366012410499999896e+04 4.600514599484609862e-02 1.009051738260690169e-03
2.366340987899999891e+04 5.292761021089729956e-02 9.692628284184980026e-04
2.366670784500000082e+04 5.904365809649449875e-02 7.501147808913691132e-04
2.367001800300000104e+04 6.314491643721140135e-02 3.449373690549806075e-04
2.367334035299999960e+04 6.397374880991560375e-02 -2.188195837273080062e-04
2.367667489500000011e+04 6.065689417265220096e-02 -8.692254231375007864e-04
2.368002162899999894e+04 5.286600710261429859e-02 -1.514149138153597076e-03
2.368338055399999939e+04 4.093942712477330326e-02 -2.081679847998119115e-03
2.368675167199999851e+04 2.550856285654759872e-02 -2.495492332240775886e-03
2.369013498199999958e+04 7.944487657093969590e-03 -2.638793754989213463e-03
2.369353048299999864e+04 -9.530322694114509718e-03 -2.369442206324031894e-03
2.369693817599999966e+04 -2.358946463620369832e-02 -1.690061765894061577e-03
2.370035806099999900e+04 -3.198615479896679825e-02 -8.440966900270339014e-04
2.370379013900000064e+04 -3.463980291464120037e-02 -1.217974397101976279e-04
2.370723440800000026e+04 -3.323423803857269987e-02 2.847753487686339514e-04
2.371069086800000150e+04 -3.033297269631569926e-02 3.492421063384410244e-04
2.371415952100000140e+04 -2.802757800857329923e-02 1.811494091995773494e-04
2.371764036599999963e+04 -2.742266508946209977e-02 -2.492343916367875203e-06
2.372113340299999982e+04 -2.764473324504360119e-02 -8.120766575621556137e-05
2.372463863100000162e+04 -2.813002145082280081e-02 -8.084663403188137732e-05
2.372815605199999845e+04 -2.834953039805860123e-02 -3.972974261169847840e-05
2.373168566400000054e+04 -2.826312759307270106e-02 -4.330942715965983852e-05
2.373522746800000095e+04 -2.853325518501670030e-02 -1.296101229014846919e-05
2.373878146500000003e+04 -2.802078135193330002e-02 1.171534518766142736e-04
2.374234765300000072e+04 -2.645435494763989995e-02 2.906222865520257433e-04
2.374592603299999973e+04 -2.347899413058890036e-02 4.661898761209649932e-04
2.374951660500000071e+04 -1.940310455294259884e-02 5.574441283203124221e-04
2.375311936900000001e+04 -1.510307150567369999e-02 5.116486042643572651e-04
2.375673432400000092e+04 -1.165374748019709986e-02 4.156035458449753510e-04
2.376036147200000050e+04 -8.705789413795180648e-03 3.490892048697203818e-04
2.376400081100000170e+04 -6.192626264180049918e-03 2.950831344133826801e-04
2.376765234300000157e+04 -4.006553051573699675e-03 2.458279553506486368e-04
2.377131606599999941e+04 -2.191629168604390058e-03 1.721324247469779845e-04
2.377499198199999955e+04 -1.063999568891940001e-03 1.031403051714400304e-04
2.377868008900000132e+04 -2.460100860508670183e-04 -2.680334454476162185e-05
2.378238038800000140e+04 -1.014311382100099987e-03 -2.647868162660113622e-04
2.378609287899999981e+04 -3.691730785340319957e-03 -4.017410885039022334e-04
2.378981756200000018e+04 -6.489609325262390288e-03 -4.340774256561692182e-04
2.379355443699999887e+04 -9.663071001517430786e-03 -4.381430252650241183e-04
2.379730350299999918e+04 -1.254076883225239969e-02 -4.524155425014603237e-04
2.380106476200000179e+04 -1.594633837575110125e-02 -5.408359159180066216e-04
2.380483821299999909e+04 -2.016454296253070155e-02 -6.843586286976254636e-04
2.380862385500000164e+04 -2.574449527950179936e-02 -8.265639750003743761e-04
2.381242168899999888e+04 -3.213115565728579676e-02 -8.508522314362710042e-04
2.381623171599999841e+04 -3.811572849085669706e-02 -7.492662188176748683e-04
2.382005393399999957e+04 -4.300573978951469784e-02 -5.633206444254465657e-04
2.382388834399999905e+04 -4.620398794366160217e-02 -3.959575189941458404e-04
2.382773494600000049e+04 -4.857252827951129975e-02 -3.145657223777381336e-04
2.383159374000000025e+04 -5.054575104078039977e-02 -2.732385594435622514e-04
2.383546472599999834e+04 -5.229504724306269919e-02 -2.835047963206886040e-04
2.383934790300000168e+04 -5.443775031292080041e-02 -2.825016904272562718e-04
2.384324327300000004e+04 -5.618382451336430272e-02 -2.364369184952728109e-04
2.384715083500000037e+04 -5.762649450964610343e-02 -1.809000100529922447e-04
2.385107058799999868e+04 -5.852117369602990310e-02 -1.384625775795870800e-04
2.385500253299999895e+04 -5.931088370871900189e-02 -1.337540065389017244e-04
2.385894667100000152e+04 -6.013731069249329819e-02 -1.110698721424017310e-04
2.386290299999999843e+04 -6.057691260636700187e-02 -3.335282121637874158e-05
2.386687152100000094e+04 -6.018686086249459832e-02 8.884266991318114928e-05
2.387085223400000177e+04 -5.870188295648429838e-02 2.515903026186092030e-04
2.387484513900000093e+04 -5.573473685591900234e-02 3.985242340940939169e-04
2.387885023599999840e+04 -5.190755158070400194e-02 4.586536742664181453e-04
2.388286752400000114e+04 -4.796386231829549707e-02 4.549446075135045496e-04
2.388689700499999890e+04 -4.417219679040169933e-02 3.810831638680568160e-04
2.389093867799999862e+04 -4.138632024336279941e-02 2.233970545136493887e-04
2.389499254199999996e+04 -4.010425063119869848e-02 -2.146012001057264775e-05
2.389905859799999962e+04 -4.124574288339259709e-02 -2.731939757434982859e-04
2.390313684700000158e+04 -4.402567767944089855e-02 -4.563477039806648457e-04
2.390722728700000152e+04 -4.814345529074069707e-02 -5.254149894327789618e-04
2.391132991899999979e+04 -5.206524626810119655e-02 -4.724642971013582400e-04
2.391544474300000002e+04 -5.534476913374929835e-02 -3.526264286902612219e-04
2.391957175899999856e+04 -5.733085092701679930e-02 -2.203987755923164313e-04
2.392371096699999907e+04 -5.846014753853460283e-02 -1.420651419017800697e-04
2.392786236600000120e+04 -5.916857905400239870e-02 -6.713452005560037472e-05
2.393202595799999835e+04 -5.906872416797360331e-02 -2.333463544516339085e-05
2.393620174200000110e+04 -5.905517740888469730e-02 -5.430597484359654849e-05
2.394038971699999820e+04 -5.946826743612190075e-02 -1.737553762591398311e-04
2.394458988400000089e+04 -6.144124707879469738e-02 -3.869129846966056115e-04
2.394880224399999861e+04 -6.541445334547990598e-02 -5.697345732277443687e-04
2.395302679500000158e+04 -7.046100221915189976e-02 -6.519975365384524189e-04
2.395726353799999924e+04 -7.583948785094719869e-02 -6.479245994837652808e-04
2.396151247299999886e+04 -8.084759667759740254e-02 -5.730277701189802385e-04
2.396577360000000044e+04 -8.499297906899069832e-02 -5.073419165910583901e-04
2.397004691900000034e+04 -8.891651250721140098e-02 -4.457157608263951688e-04
2.397433242899999823e+04 -9.203982032811329483e-02 -3.380475841168045781e-04
2.397863013199999841e+04 -9.415226666050280357e-02 -2.030740412873545853e-04
2.398294002600000022e+04 -9.498836855223870279e-02 -9.639871456088440179e-05
2.398726211300000068e+04 -9.528458172427960171e-02 -3.116909462974635310e-05
2.399159639099999913e+04 -9.500503632618489958e-02 5.436275512758893290e-06
2.399594286099999954e+04 -9.467165715949049654e-02 4.892843922247755125e-05
2.400030152399999861e+04 -9.364019132681410118e-02 1.113129788552750008e-04
2.400467237799999930e+04 -9.222390060214670504e-02 1.758507774265650103e-04
2.400905542399999831e+04 -9.006614546860490511e-02 2.271689309390478861e-04
2.401345066199999928e+04 -8.774727121247269390e-02 2.594738263648333604e-04
2.401785809099999824e+04 -8.501360938776539311e-02 2.329519389445559353e-04
2.402227771299999949e+04 -8.314462382904129478e-02 1.178386605213761393e-04
2.402670952699999907e+04 -8.241721313556729656e-02 -3.635396722625518635e-05
2.403115353200000027e+04 -8.325290188802469959e-02 -1.909223669183684091e-04
2.403560973000000013e+04 -8.525169224299540549e-02 -2.863120063356041256e-04
2.404007811900000161e+04 -8.778200728402289765e-02 -3.102730645073110212e-04
2.404455870000000141e+04 -9.021805424474919899e-02 -3.080477405092943324e-04
2.404905147299999953e+04 -9.272233410674980691e-02 -3.091864490488543927e-04
2.405355643799999962e+04 -9.519210766390129308e-02 -3.213743648358198426e-04
2.405807359500000166e+04 -9.792775262117270341e-02 -3.056191267463673916e-04
2.406260294399999839e+04 -1.001291746392160009e-01 -2.763412470369240549e-04
2.406714448500000071e+04 -1.023518924043889944e-01 -2.492630777179256842e-04
2.407169821800000136e+04 -1.040772014495209979e-01 -1.895752880698160347e-04
2.407626414199999999e+04 -1.052319195152789932e-01 -1.524789532999482305e-04
2.408084225900000092e+04 -1.062927902276649961e-01 -1.502732457795122236e-04
2.408543256699999984e+04 -1.074133452870759953e-01 -1.594876681934204480e-04
2.409003506800000105e+04 -1.086478617928050006e-01 -1.822888630267967421e-04
2.409464976000000024e+04 -1.101910976735799991e-01 -2.240275701088058282e-04
2.409927664400000140e+04 -1.121972818246139980e-01 -2.736889713245079262e-04
2.410391572000000087e+04 -1.146616821962789939e-01 -2.904579078669283776e-04
2.410856698799999867e+04 -1.169883242788110067e-01 -2.874518085180043201e-04
2.411323044799999843e+04 -1.194098160715569984e-01 -2.908185814269067626e-04
2.411790610000000015e+04 -1.218111908158800022e-01 -3.000321018079611939e-04
2.412259394299999985e+04 -1.244162182174669978e-01 -2.942207225136582080e-04
2.412729397899999822e+04 -1.267225277052400068e-01 -2.547677313962620044e-04
2.413200620599999820e+04 -1.286045048729820006e-01 -1.880917611141898335e-04
2.413673062600000048e+04 -1.296749218482710075e-01 -1.205113150463161820e-04
2.414146723700000075e+04 -1.302976073411279967e-01 -7.971978448049811289e-05
2.414621603999999934e+04 -1.306057042102760080e-01 -4.609583333121930183e-05
2.415097703600000023e+04 -1.305971901598700080e-01 -3.047627878692082628e-05
2.415575022299999910e+04 -1.306109736783170050e-01 -3.200168183762224546e-05
2.416053560199999993e+04 -1.306313644133499929e-01 -2.989020919313421356e-05
2.416533317199999874e+04 -1.306051415578320107e-01 -3.073711367031987506e-05
2.417014293499999985e+04 -1.306416397582020050e-01 -3.766486270821132353e-05
2.417496488999999929e+04 -1.307476595186840007e-01 -5.755314847502679778e-05
2.417979903700000068e+04 -1.311650486651390057e-01 -6.237263119615142225e-05
2.418464537500000006e+04 -1.313648359540759980e-01 -5.100218543610550079e-05
