# energy mu dmude
2.191984049799999775e+04 4.582002756666059828e-01 -2.448527174826388932e-05
2.192484049799999775e+04 4.580825836733110057e-01 -2.669002108362027945e-05
2.192984049799999775e+04 4.579392095774060256e-01 -2.698819893902498903e-05
2.193484049799999775e+04 4.578180442485459967e-01 -2.837151639512465576e-05
2.193984049799999775e+04 4.576585565290740010e-01 -2.636820471446857795e-05
2.194484049799999775e+04 4.575607268489960133e-01 -2.185246545241741617e-05
2.194984049799999775e+04 4.574538408821259838e-01 -2.401769684568330987e-05
2.195484049799999775e+04 4.573307894256199990e-01 -2.423451052916994974e-05
2.195984049799999775e+04 4.572213778966929820e-01 -2.109833155389545325e-05
2.196484049799999775e+04 4.571348583347449868e-01 -1.442646470419098448e-05
2.196984049799999775e+04 4.571031642888380153e-01 -8.739275013351703548e-06
2.197484049799999775e+04 4.570828921623060204e-01 -1.216069297149748310e-05
2.197984049799999775e+04 4.570113436052020139e-01 -1.324011326725645324e-05
2.198484049799999775e+04 4.569784978121990138e-01 -7.836465273417935352e-06
2.198984049799999775e+04 4.569698938447679937e-01 -9.329911889251587268e-07
2.199484049799999775e+04 4.570174634200609987e-01 2.822850821834179979e-06
2.199984049799999775e+04 4.570526095145350243e-01 6.615494161550238016e-07
2.200484049799999775e+04 4.570750030920029960e-01 6.669443286714605003e-06
2.200984049799999775e+04 4.571801323561640040e-01 1.676152339882458394e-05
2.201484049799999775e+04 4.573200838949070257e-01 2.604997169169344422e-05
2.201984049799999775e+04 4.575334099859449943e-01 3.066673275950951717e-05
2.202484049799999775e+04 4.577271400334589901e-01 3.687549754645920089e-05
2.202984049799999775e+04 4.580127891463400269e-01 4.597558825377729287e-05
2.203484049799999775e+04 4.583125219305629883e-01 5.973219991564761115e-05
2.203984049799999775e+04 4.587584154334070075e-01 7.752047292198435940e-05
2.204484049799999775e+04 4.592653555610120009e-01 9.564101239087376941e-05
2.204984049799999775e+04 4.599223268251799723e-01 1.187445832352207665e-04
2.205484049799999775e+04 4.606983897358449820e-01 1.426491139018906955e-04
2.205984049799999775e+04 4.616338137926179752e-01 1.769488115142137520e-04
2.206484049799999775e+04 4.628094179751380266e-01 2.271992083345084220e-04
2.206984049799999775e+04 4.643301856020999874e-01 2.885037528173198880e-04
2.207484049799999775e+04 4.662198979948439792e-01 3.695855147969498260e-04
2.207984049799999775e+04 4.686851494674579843e-01 4.955804104975623965e-04
2.208484049799999775e+04 4.720425179732219978e-01 6.832454259163174819e-04
2.208984049799999775e+04 4.766937921854699778e-01 9.875152667434597929e-04
2.209559999999999854e+04 4.844729071487189898e-01 1.202279010704559959e-03
2.209659999999999854e+04 4.861940182637979890e-01 1.592735980108665739e-03
2.209759999999999854e+04 4.881934824347580193e-01 1.823930697253912242e-03
2.209859999999999854e+04 4.904532095596830232e-01 2.017040682592414341e-03
2.209959999999999854e+04 4.929025634644950138e-01 2.283350272091711972e-03
2.210059999999999854e+04 4.957827139721470155e-01 2.577090731281834329e-03
2.210159999999999854e+04 4.989163971558149835e-01 2.886573635111123332e-03
2.210259999999999854e+04 5.025175522298099828e-01 3.141415818307648905e-03
2.210279999999999927e+04 5.033135247202560336e-01 3.376657697167944391e-03
2.210300000000000000e+04 5.040928703603330119e-01 3.516687820067023081e-03
2.210319999999999709e+04 5.049540886894110514e-01 3.647189039991451456e-03
2.210339999999999782e+04 5.057942402572559448e-01 3.818991570140197953e-03
2.210359999999999854e+04 5.067355085065320397e-01 3.614905606033698773e-03
2.210379999999999927e+04 5.074805679641329892e-01 3.791505580143705780e-03
2.210400000000000000e+04 5.085041214615919625e-01 4.181717923569327512e-03
2.210419999999999709e+04 5.094309970246679864e-01 3.914457219591171294e-03
2.210439999999999782e+04 5.103300226819219576e-01 4.199547143423966802e-03
2.210459999999999854e+04 5.113897334577900411e-01 4.554128887787541567e-03
2.210479999999999927e+04 5.124539734475099806e-01 4.704479764924714841e-03
2.210500000000000000e+04 5.135837389292300381e-01 4.966875734236643643e-03
2.210519999999999709e+04 5.147702400776059672e-01 5.200096897406983332e-03
2.210539999999999782e+04 5.160086729664959959e-01 5.486538180658844660e-03
2.210559999999999854e+04 5.173286389820379583e-01 5.472327855744116114e-03
2.210579999999999927e+04 5.185604506915180156e-01 5.389819743442270973e-03
2.210600000000000000e+04 5.198419727574949967e-01 5.412918535382476269e-03
2.210619999999999709e+04 5.210845471515850313e-01 5.853163241140630670e-03
2.210639999999999782e+04 5.225711974745550492e-01 6.245791805078121893e-03
2.210659999999999854e+04 5.239967137914539608e-01 6.343330745066736928e-03
2.210679999999999927e+04 5.255288115496510315e-01 6.513206321823382730e-03
2.210700000000000000e+04 5.270334799392729641e-01 7.147177643848702869e-03
2.210719999999999709e+04 5.288609712151149944e-01 7.451703464244308420e-03
2.210739999999999782e+04 5.305075308073570195e-01 7.657687204527513676e-03
2.210759999999999854e+04 5.324309984460600109e-01 8.086693670245477875e-03
2.210779999999999927e+04 5.342774499334259630e-01 8.240950561264991439e-03
2.210800000000000000e+04 5.362727922517569468e-01 8.637684282881821773e-03
2.210819999999999709e+04 5.383040984249960470e-01 9.020962440256062934e-03
2.210839999999999782e+04 5.404780259241079854e-01 9.744996018031809246e-03
2.210859999999999854e+04 5.428466893531850301e-01 1.040018442999742811e-02
2.210879999999999927e+04 5.453258962916449626e-01 1.119801712936809718e-02
2.210900000000000000e+04 5.480663030463199803e-01 1.191362958148138064e-02
2.210919999999999709e+04 5.508789434890190018e-01 1.185842669483093935e-02
2.210939999999999782e+04 5.535936289305890545e-01 1.167942913105385686e-02
2.210959999999999854e+04 5.563228669887470001e-01 1.295722500269916137e-02
2.210979999999999927e+04 5.596329304928300274e-01 1.425115781619623080e-02
2.211000000000000000e+04 5.629650654836020340e-01 1.426212236729896589e-02
2.211019999999999709e+04 5.662802378264749636e-01 1.498507189465480942e-02
2.211039999999999782e+04 5.699492249690180090e-01 1.656617469894372183e-02
2.211059999999999854e+04 5.740010986467609655e-01 1.794752973810619448e-02
2.211079999999999927e+04 5.783137163605940323e-01 1.879025630275375433e-02
2.211100000000000000e+04 5.827582512766630307e-01 1.968452329455365121e-02
2.211119999999999709e+04 5.874875450501509944e-01 2.047941611321057662e-02
2.211139999999999782e+04 5.923024534795290341e-01 2.052680324015522528e-02
2.211159999999999854e+04 5.970538268797910275e-01 2.178542400616016728e-02
2.211179999999999927e+04 6.024551788951370002e-01 2.443517222057426524e-02
2.211200000000000000e+04 6.084411798232010060e-01 2.565094100057027302e-02
2.211219999999999709e+04 6.144090089078669825e-01 2.578836159946446688e-02
2.211239999999999782e+04 6.204590397891760478e-01 2.591975860426102077e-02
2.211259999999999854e+04 6.264880921850229933e-01 2.689521143740963155e-02
2.211279999999999927e+04 6.329926269747889744e-01 2.874383271666960948e-02
2.211300000000000000e+04 6.398830286518389920e-01 2.979474944490670060e-02
2.211319999999999709e+04 6.468772291067109714e-01 3.031675138886436027e-02
2.211339999999999782e+04 6.540108531269499537e-01 3.053271425068984635e-02
2.211359999999999854e+04 6.611056796311509665e-01 3.204807640944064284e-02
2.211379999999999927e+04 6.689453736944249718e-01 3.579047619903911320e-02
2.211400000000000000e+04 6.777839393868040352e-01 3.513940286274202379e-02
2.211419999999999709e+04 6.853202713949090308e-01 3.371587131723089575e-02
2.211439999999999782e+04 6.934955547334380466e-01 3.849872226724043722e-02
2.211459999999999854e+04 7.032604152532380137e-01 4.033805395977482083e-02
2.211479999999999927e+04 7.122927194694520514e-01 3.692458897494408504e-02
2.211500000000000000e+04 7.204671051612909771e-01 3.677194297949992058e-02
2.211519999999999709e+04 7.294282852807429940e-01 3.771655104429194605e-02
2.211539999999999782e+04 7.380428030249109872e-01 3.839894776332493376e-02
2.211559999999999854e+04 7.473219400619449670e-01 4.191232817921952680e-02
2.211579999999999927e+04 7.575734873750009646e-01 4.243747931567503490e-02
2.211600000000000000e+04 7.670973140945479551e-01 3.993117236323328462e-02
2.211619999999999709e+04 7.761810691093690151e-01 3.997875490245717672e-02
2.211639999999999782e+04 7.857270665062839887e-01 4.065431907929257377e-02
2.211659999999999854e+04 7.951255948740709734e-01 4.133985482559336677e-02
2.211679999999999927e+04 8.049910117913280372e-01 4.309647098853997688e-02
2.211700000000000000e+04 8.152080204429239529e-01 4.338785668972473808e-02
2.211719999999999709e+04 8.252092060364070170e-01 4.252544875153351639e-02
2.211739999999999782e+04 8.350243830819340518e-01 4.074017932615053850e-02
2.211759999999999854e+04 8.441937376491129852e-01 4.031910163442121303e-02
2.211779999999999927e+04 8.538127171439729990e-01 4.237530046500836284e-02
2.211800000000000000e+04 8.639401399778150470e-01 4.165860266665476208e-02
2.211819999999999709e+04 8.732251802604069635e-01 3.994135159498834325e-02
2.211839999999999782e+04 8.825524646381970317e-01 4.076703375329647494e-02
2.211859999999999854e+04 8.922222244638630118e-01 4.245216622787888888e-02
2.211879999999999927e+04 9.023346819119829609e-01 4.285651053749264111e-02
2.211900000000000000e+04 9.121928425119729678e-01 4.107121350729256437e-02
2.211919999999999709e+04 9.214734560712060096e-01 3.929061989808148997e-02
2.211939999999999782e+04 9.305019643012909514e-01 3.916804375837943525e-02
2.211959999999999854e+04 9.397254645563000164e-01 3.859336481521012663e-02
2.211979999999999927e+04 9.484862060457469601e-01 3.869817832470445057e-02
2.212000000000000000e+04 9.577585432594539760e-01 3.927936494402477913e-02
2.212019999999999709e+04 9.667900836854409485e-01 3.970387158496752056e-02
2.212039999999999782e+04 9.762602161393849620e-01 4.112742612364798239e-02
2.212059999999999854e+04 9.859550496328669533e-01 4.034496911270243902e-02
2.212079999999999927e+04 9.950606029317879964e-01 3.993993576725557437e-02
2.212100000000000000e+04 1.004566714600590105e+00 4.081095783177276365e-02
2.212119999999999709e+04 1.014078113183930041e+00 3.905758494893382671e-02
2.212139999999999782e+04 1.022767255747569992e+00 3.939816940535997847e-02
2.212159999999999854e+04 1.032437346746889917e+00 4.005635994033750896e-02
2.212179999999999927e+04 1.041433167563430073e+00 4.021265312786984764e-02
2.212200000000000000e+04 1.051176082037329929e+00 4.331968523878090838e-02
2.212219999999999709e+04 1.061619597903739942e+00 4.333886759663121285e-02
2.212239999999999782e+04 1.071371450233290057e+00 4.207045978522355040e-02
2.212259999999999854e+04 1.081223962323780041e+00 4.341901139481904592e-02
2.212279999999999927e+04 1.091604160747049912e+00 4.622359835103954928e-02
2.212300000000000000e+04 1.102763446153369964e+00 4.409967924750319429e-02
2.212319999999999709e+04 1.112154022627549921e+00 4.467205004375177091e-02
2.212339999999999782e+04 1.123579999313180089e+00 4.739851123560505364e-02
2.212359999999999854e+04 1.134240947071369909e+00 4.594084570087748898e-02
2.212379999999999927e+04 1.144987736962679969e+00 4.757750363870977273e-02
2.212400000000000000e+04 1.156411271495209947e+00 4.802031904047685679e-02
2.212419999999999709e+04 1.167364387437139994e+00 4.747700409779465752e-02
2.212439999999999782e+04 1.178534769016930106e+00 4.746338421695331378e-02
2.212459999999999854e+04 1.189481538892019907e+00 4.943202828022882217e-02
2.212479999999999927e+04 1.201569193343150044e+00 5.117586628916904329e-02
2.212500000000000000e+04 1.213328489630429941e+00 5.082351190021434234e-02
2.212519999999999709e+04 1.225251967566090006e+00 4.939043105527897437e-02
2.212539999999999782e+04 1.236343532085089958e+00 4.989102456324281260e-02
2.212559999999999854e+04 1.248500257286419890e+00 5.053314956059919150e-02
2.212579999999999927e+04 1.259891014458409897e+00 4.926429048784632808e-02
2.212600000000000000e+04 1.271456525622270073e+00 4.922094229489574341e-02
2.212619999999999709e+04 1.282827085074129903e+00 4.958280877144667642e-02
2.212639999999999782e+04 1.294561204829139944e+00 4.857150186378399875e-02
2.212659999999999854e+04 1.305460554473250046e+00 4.831595917341994367e-02
2.212679999999999927e+04 1.317075606296320034e+00 4.870394360728603350e-02
2.212700000000000000e+04 1.328155733970509900e+00 4.570831871976367700e-02
2.212719999999999709e+04 1.338374999986650105e+00 4.774421525879860018e-02
2.212739999999999782e+04 1.350403736248309894e+00 4.827923961182428725e-02
2.212759999999999854e+04 1.360872292288020091e+00 4.607349427933674080e-02
2.212779999999999927e+04 1.371873280368929970e+00 4.729213253209216955e-02
2.212800000000000000e+04 1.382909650484370090e+00 4.548817550416981575e-02
2.212819999999999709e+04 1.393070100209959916e+00 4.258187128381474285e-02
2.212839999999999782e+04 1.402752302719940003e+00 4.222978012420871424e-02
2.212859999999999854e+04 1.412748698579920026e+00 4.190275215978527673e-02
2.212879999999999927e+04 1.422278525205640021e+00 4.300571819195445761e-02
2.212900000000000000e+04 1.432788838659049935e+00 4.458098372059085546e-02
2.212919999999999709e+04 1.443052646790700111e+00 4.179938975605501650e-02
2.212939999999999782e+04 1.452266900316200093e+00 3.877428013318272998e-02
2.212959999999999854e+04 1.461121184480919988e+00 3.935511095561926992e-02
2.212979999999999927e+04 1.470606071162610107e+00 3.889858378338693912e-02
2.213000000000000000e+04 1.479247640394280028e+00 3.713821092328378065e-02
2.213019999999999709e+04 1.487912296391080025e+00 3.840388274993251916e-02
2.213039999999999782e+04 1.497143594590139903e+00 3.626955888972760444e-02
2.213059999999999854e+04 1.504813780630779974e+00 3.231980294695745853e-02
2.213079999999999927e+04 1.512204723814779994e+00 3.111830076304198528e-02
2.213100000000000000e+04 1.519315080184469924e+00 3.132285949268199393e-02
2.213119999999999709e+04 1.526801335759639944e+00 2.882216433824571003e-02
2.213139999999999782e+04 1.532746514600580090e+00 2.569563916218881028e-02
2.213159999999999854e+04 1.538775992498760070e+00 2.675660953744005144e-02
2.213179999999999927e+04 1.545215521415810089e+00 2.423479069770261007e-02
2.213200000000000000e+04 1.550069979384649965e+00 2.175784090843784629e-02
2.213219999999999709e+04 1.555355394722750084e+00 2.255120232097600902e-02
2.213239999999999782e+04 1.560579512659310053e+00 2.061117618475073743e-02
2.213259999999999854e+04 1.564960989404619918e+00 1.680981142967654524e-02
2.213279999999999927e+04 1.568413893931430048e+00 1.417475217514735548e-02
2.213300000000000000e+04 1.571567587344220085e+00 1.439597192812281864e-02
2.213319999999999709e+04 1.575123567323660101e+00 1.281586111035625496e-02
2.213339999999999782e+04 1.577541021609289995e+00 8.572646122268112040e-03
2.213359999999999854e+04 1.579119911840340063e+00 8.089969130858899043e-03
2.213379999999999927e+04 1.581312466908229908e+00 7.635794433765695673e-03
2.213400000000000000e+04 1.582679738321910001e+00 5.332971704149994108e-03
2.213419999999999709e+04 1.583799312825749928e+00 3.289030866969096419e-03
2.213439999999999782e+04 1.584214227480009951e+00 1.313410534944044238e-03
2.213459999999999854e+04 1.584413278579740014e+00 1.450329500284894442e-03
2.213479999999999927e+04 1.584891989455379901e+00 -3.712404815295705608e-04
2.213500000000000000e+04 1.584242295594689987e+00 -3.675301364414534748e-03
2.213519999999999709e+04 1.583181507548389932e+00 -3.584781610720255609e-03
2.213539999999999782e+04 1.582573990593080016e+00 -3.719098444371419544e-03
2.213559999999999854e+04 1.581450618766399918e+00 -5.878306834280187278e-03
2.213579999999999927e+04 1.579837037120890075e+00 -6.601553833487225874e-03
2.213600000000000000e+04 1.578376674537969926e+00 -6.008135403697580090e-03
2.213619999999999709e+04 1.577039591136710106e+00 -5.854385472870178055e-03
2.213639999999999782e+04 1.575650867019650070e+00 -8.132283213591164420e-03
2.213659999999999854e+04 1.573252416639830065e+00 -9.886074695505236640e-03
2.213679999999999927e+04 1.571046528374939966e+00 -8.308787183057579281e-03
2.213700000000000000e+04 1.569383001627310037e+00 -7.728621351881223567e-03
2.213719999999999709e+04 1.567447436671649985e+00 -9.252850231961073577e-03
2.213739999999999782e+04 1.565073708507989991e+00 -9.353133149633931567e-03
2.213759999999999854e+04 1.563091417584119958e+00 -8.619127874404948486e-03
2.213779999999999927e+04 1.561059692903439933e+00 -8.151491938680243202e-03
2.213800000000000000e+04 1.559295292946000000e+00 -8.182129860513328787e-03
2.213819999999999709e+04 1.557249292787600048e+00 -8.516792667735265110e-03
2.213839999999999782e+04 1.555328959556169899e+00 -7.675578457630281501e-03
2.213859999999999854e+04 1.553674915967389936e+00 -7.829502313590856744e-03
2.213879999999999927e+04 1.551682863231170106e+00 -8.245698553837312039e-03
2.213900000000000000e+04 1.549834896562310105e+00 -8.303394346319339925e-03
2.213919999999999709e+04 1.547815960964860071e+00 -6.996784961615810233e-03
2.213939999999999782e+04 1.546576797768590028e+00 -6.063086872321191492e-03
2.213959999999999854e+04 1.544992910813629994e+00 -6.275767874403466104e-03
2.213979999999999927e+04 1.543654650722650068e+00 -5.829625423683535042e-03
2.214000000000000000e+04 1.542278640028529990e+00 -5.859231637566130434e-03
2.214019999999999709e+04 1.540926585175319996e+00 -4.866738961942697166e-03
2.214039999999999782e+04 1.540013017958580033e+00 -4.582410569250721516e-03
2.214059999999999854e+04 1.538793443489200108e+00 -4.902162184525700982e-03
2.214079999999999927e+04 1.537730890740879985e+00 -4.333246863936824657e-03
2.214100000000000000e+04 1.536776397501470104e+00 -3.502255141336301728e-03
2.214119999999999709e+04 1.536101038242160044e+00 -2.922996227765059171e-03
2.214139999999999782e+04 1.535416445741440095e+00 -3.825921203225960722e-03
2.214159999999999854e+04 1.534320376308909939e+00 -3.881277757519820560e-03
2.214179999999999927e+04 1.533609990894960085e+00 -2.411853929623449661e-03
2.214200000000000000e+04 1.533198586932930096e+00 -2.432696384484741604e-03
2.214219999999999709e+04 1.532478490155330109e+00 -2.688932337962209648e-03
2.214239999999999782e+04 1.531947695241340002e+00 -2.329186683820003243e-03
2.214259999999999854e+04 1.531395218875809983e+00 -1.879091101936839012e-03
2.214279999999999927e+04 1.531074142150329997e+00 -1.861724619038773081e-03
2.214300000000000000e+04 1.530529757549039971e+00 -2.114023226573048548e-03
2.214319999999999709e+04 1.530091124444290074e+00 -4.545580632747505995e-04
2.214339999999999782e+04 1.530319953449059911e+00 -2.556929544213628149e-04
2.214359999999999854e+04 1.529973979841680043e+00 -1.409719611866622939e-03
2.214379999999999927e+04 1.529665099991190047e+00 3.357007729952731927e-05
2.214400000000000000e+04 1.529991614875789940e+00 1.068139476636254187e-03
2.214419999999999709e+04 1.530164783792379968e+00 8.324465290661016165e-04
2.214439999999999782e+04 1.530381479562999969e+00 2.762571957091672641e-04
2.214459999999999854e+04 1.530295496814580103e+00 7.214821232316824149e-04
2.214479999999999927e+04 1.530719641333950110e+00 1.739775994798796769e-03
2.214500000000000000e+04 1.531108123909590057e+00 2.484992845794247243e-03
2.214519999999999709e+04 1.531879495849810091e+00 2.771820986594424573e-03
2.214539999999999782e+04 1.532401623545559977e+00 2.433091001326523166e-03
2.214559999999999854e+04 1.533015167144959889e+00 3.870519611351505226e-03
2.214579999999999927e+04 1.534207052412970063e+00 4.881169165307514511e-03
2.214600000000000000e+04 1.535291499531989956e+00 4.775102243692841766e-03
2.214619999999999709e+04 1.536433963824620053e+00 5.019856633277556754e-03
2.214639999999999782e+04 1.537632452159060081e+00 5.329420678909831642e-03
2.214659999999999854e+04 1.538919155172310038e+00 6.210755895278306446e-03
2.214679999999999927e+04 1.540528294116279895e+00 7.742741762112180688e-03
2.214700000000000000e+04 1.542528812847230091e+00 8.942354799912014679e-03
2.214719999999999709e+04 1.544696901230629971e+00 8.141270021804498241e-03
2.214739999999999782e+04 1.546324161357699900e+00 6.878063103028477475e-03
2.214759999999999854e+04 1.547903669276490035e+00 8.010178176393880148e-03
2.214779999999999927e+04 1.550058428743539940e+00 1.039788022524265956e-02
2.214800000000000000e+04 1.552750466019519937e+00 1.124894831079030835e-02
2.214819999999999709e+04 1.555301773385199926e+00 1.134024922312403157e-02
2.214839999999999782e+04 1.558036351540750042e+00 1.221757614586701027e-02
2.214859999999999854e+04 1.560996441885859953e+00 1.263228150364598817e-02
2.214879999999999927e+04 1.563924248457549959e+00 1.307820401634617914e-02
2.214900000000000000e+04 1.567092112585259933e+00 1.285115887825223971e-02
2.214919999999999709e+04 1.569914129415810100e+00 1.379068883862997683e-02
2.214939999999999782e+04 1.573519759496510018e+00 1.492723626435886290e-02
2.214959999999999854e+04 1.576871340883789996e+00 1.386921293654647461e-02
2.214979999999999927e+04 1.579983994039940054e+00 1.549497265697583233e-02
2.215000000000000000e+04 1.584093084270330021e+00 1.733703473219129834e-02
2.215019999999999709e+04 1.588064030502559953e+00 1.756170590162039330e-02
2.215039999999999782e+04 1.592277804343630088e+00 1.701179064034497729e-02
2.215059999999999854e+04 1.595992522261169944e+00 1.606569844763162253e-02
2.215079999999999927e+04 1.599765472533190014e+00 1.618541722644108172e-02
2.215100000000000000e+04 1.603535972392239994e+00 1.796193402275524098e-02
2.215119999999999709e+04 1.608136675477980004e+00 1.931428077043543731e-02
2.215139999999999782e+04 1.612537289742890012e+00 1.885191863049193173e-02
2.215159999999999854e+04 1.616922559142339955e+00 1.764022200285425210e-02
2.215179999999999927e+04 1.620758593722400054e+00 1.657562397336296775e-02
2.215200000000000000e+04 1.624647822771259964e+00 1.912622701019746005e-02
2.215219999999999709e+04 1.629672289031139920e+00 2.021715626170913702e-02
2.215239999999999782e+04 1.634069827238380013e+00 1.828983942706537830e-02
2.215259999999999854e+04 1.638196276695879972e+00 1.754778622799879617e-02
2.215279999999999927e+04 1.642248061558829964e+00 1.734218417569230106e-02
2.215300000000000000e+04 1.646278712497750041e+00 1.837127792320403241e-02
2.215319999999999709e+04 1.650809994794550040e+00 1.970649232897010716e-02
2.215339999999999782e+04 1.655462777471079949e+00 1.962608382585627823e-02
2.215359999999999854e+04 1.659956594113350059e+00 2.025970955704627097e-02
2.215379999999999927e+04 1.664904609282459980e+00 1.928691294030426828e-02
2.215400000000000000e+04 1.668945159657599930e+00 1.669624855593805982e-02
2.215419999999999709e+04 1.672686076904339902e+00 1.740002494076300921e-02
2.215439999999999782e+04 1.677054545869399949e+00 1.808747137464564864e-02
2.215459999999999854e+04 1.681115772905100059e+00 1.646894029719795857e-02
2.215479999999999927e+04 1.684730101151449944e+00 1.724466583289895744e-02
2.215500000000000000e+04 1.689152770868830089e+00 1.690470431028944301e-02
2.215519999999999709e+04 1.692608696949980063e+00 1.406391743133964152e-02
2.215539999999999782e+04 1.695707726307019936e+00 1.530089103134109341e-02
2.215559999999999854e+04 1.699740009662259910e+00 1.692708782664202258e-02
2.215579999999999927e+04 1.703596751513710039e+00 1.565493580734678494e-02
2.215600000000000000e+04 1.707036286511190104e+00 1.332112108273772640e-02
2.215619999999999709e+04 1.709805607343440004e+00 1.104590706000973220e-02
2.215639999999999782e+04 1.712185025817849926e+00 1.015852519194139492e-02
2.215659999999999854e+04 1.714540878654950085e+00 1.003150227212271442e-02
2.215679999999999927e+04 1.716861111885789937e+00 1.122567090365035949e-02
2.215700000000000000e+04 1.719773377387799895e+00 1.097642933453374554e-02
2.215719999999999709e+04 1.721977478640229986e+00 9.055456766860491696e-03
2.215739999999999782e+04 1.723994683396739891e+00 6.820144769207505189e-03
2.215759999999999854e+04 1.725157260133590054e+00 5.382718429662160763e-03
2.215779999999999927e+04 1.726504708375750097e+00 5.701884761356930571e-03
2.215800000000000000e+04 1.727815997936299919e+00 4.987974465874863914e-03
2.215819999999999709e+04 1.728830805779479896e+00 4.183133242927695658e-03
2.215839999999999782e+04 1.729767086452790092e+00 2.478816384923063047e-03
2.215859999999999854e+04 1.729987782426209986e+00 -5.371813118932322346e-04
2.215929999999999927e+04 1.729208407636050104e+00 -2.672412367017823562e-03
2.216000000000000000e+04 1.725636602192929914e+00 -6.127453814980768354e-03
2.216069999999999709e+04 1.719222762813489958e+00 -9.219271768675435172e-03
2.216139999999999782e+04 1.710608835867919897e+00 -1.195918298183466268e-02
2.216209999999999854e+04 1.699726762766530008e+00 -1.441578367843921252e-02
2.216279999999999927e+04 1.687106623495129964e+00 -1.611637357528440673e-02
2.216350000000000000e+04 1.673451236759440075e+00 -1.697356739003347270e-02
2.216419999999999709e+04 1.659433190033710037e+00 -1.718230559902848148e-02
2.216489999999999782e+04 1.645437394054100055e+00 -1.664374719984042239e-02
2.216659369499999957e+04 1.613037286725520048e+00 -1.552557649043064848e-02
2.216759958299999926e+04 1.596628823447139967e+00 -1.284001021404109627e-02
2.216861766199999693e+04 1.582775439922760041e+00 -1.038556249849140883e-02
2.216964793300000019e+04 1.571858788942430030e+00 -8.023920699305929494e-03
2.217069039599999815e+04 1.563412560455389899e+00 -5.684373176337446758e-03
2.217174505099999806e+04 1.557983250989390056e+00 -3.470834856676232021e-03
2.217281189799999993e+04 1.554845869158270055e+00 -1.641482289792015785e-03
2.217389093700000012e+04 1.553890824844470053e+00 -1.126681413764322890e-04
2.217498216699999830e+04 1.554571854175450074e+00 9.328655837173099007e-04
2.217608558999999877e+04 1.556286585350799889e+00 1.514390253838209357e-03
2.217720120399999723e+04 1.558497389076940021e+00 1.703185279932254098e-03
2.217832901099999799e+04 1.560748626131019945e+00 1.722167322474631558e-03
2.217946900899999673e+04 1.563058072409079902e+00 1.644130922850525756e-03
2.218062119899999743e+04 1.565149982903939918e+00 1.271674186266590241e-03
2.218178558199999679e+04 1.566501189409970074e+00 9.314237785109180743e-04
2.218296215599999778e+04 1.567701522390609892e+00 8.877330790544002122e-04
2.218415092199999708e+04 1.568958925400439908e+00 1.056626697712313885e-03
2.218535187899999801e+04 1.570654739207989925e+00 1.420661628471297502e-03
2.218656502899999759e+04 1.572965971755690084e+00 2.133950582403985191e-03
2.218779037099999914e+04 1.576728348380290079e+00 3.158958753238602906e-03
2.218902790399999867e+04 1.582040946778489943e+00 4.229246205417120687e-03
2.219027762999999686e+04 1.588994107309589898e+00 5.231269462820820927e-03
2.219153954700000031e+04 1.597358569743249967e+00 6.261177189629803762e-03
2.219281365699999878e+04 1.607502890345910096e+00 6.995981647813476548e-03
2.219409995799999888e+04 1.618236872727190079e+00 7.233253147936566027e-03
2.219539845099999729e+04 1.629294421430989903e+00 6.971255615788114063e-03
2.219670913599999767e+04 1.639437685296649905e+00 6.075710198781202227e-03
2.219803201300000001e+04 1.647946088164889966e+00 4.676324175436940081e-03
2.219936708199999703e+04 1.653929382435040063e+00 2.820723958771600547e-03
2.220071434199999931e+04 1.656772865474750001e+00 7.586629288691080488e-04
2.220207379500000025e+04 1.656334877860279997e+00 -1.182984916159672420e-03
2.220344543999999951e+04 1.653023010808309934e+00 -2.928353754732827309e-03
2.220482927599999675e+04 1.646949378545089937e+00 -4.295719726044912486e-03
2.220622530499999993e+04 1.639126739916429987e+00 -5.245908276768849673e-03
2.220763352499999746e+04 1.629827385895330050e+00 -5.696650675751341319e-03
2.220905393699999695e+04 1.620370701032640026e+00 -5.661000786287151074e-03
2.221048654099999840e+04 1.611028138970250101e+00 -5.152924020526148188e-03
2.221193133699999817e+04 1.603113727951549938e+00 -4.217900358970894797e-03
2.221338832499999990e+04 1.596785448440299904e+00 -3.199139024108877804e-03
2.221485750499999995e+04 1.592223861072590063e+00 -2.135275274189546348e-03
2.221633887699999832e+04 1.589461293830700006e+00 -1.304496672926349233e-03
2.221783243999999831e+04 1.587718130659689919e+00 -8.699194150657892782e-04
2.221933819599999697e+04 1.586436944232020085e+00 -7.663088539610824531e-04
2.222085614299999725e+04 1.585034127721999919e+00 -8.133246278669246107e-04
2.222238628299999982e+04 1.583564363691349897e+00 -9.556404543295456697e-04
2.222392861399999674e+04 1.581629221840120003e+00 -1.118192675712147534e-03
2.222548313699999926e+04 1.579546048725289920e+00 -9.677006853139793335e-04
2.222704985200000010e+04 1.578126424059880017e+00 -6.139115669733534366e-04
2.222862875899999926e+04 1.577312236356990027e+00 -1.825403139385036897e-04
2.223021985799999675e+04 1.577468174254349931e+00 4.431901752418908129e-04
2.223182314899999983e+04 1.578977264363619959e+00 1.266045277958872863e-03
2.223343863199999760e+04 1.582231125447379982e+00 2.096428246328317993e-03
2.223506630699999732e+04 1.586913321955210066e+00 2.871783447843415278e-03
2.223670617299999867e+04 1.593178011000909944e+00 3.486454997435850002e-03
2.223835823199999868e+04 1.600298924708190018e+00 3.844680740013713127e-03
2.224002248200000031e+04 1.608046595069080098e+00 3.870780942864528954e-03
2.224169892400000026e+04 1.615378396092900015e+00 3.616009304207218333e-03
2.224338755799999853e+04 1.622237473604650093e+00 3.105172766033452610e-03
2.224508838499999911e+04 1.627655210660130081e+00 2.158939504277755748e-03
2.224680140299999766e+04 1.630839789041869992e+00 9.638504601447407064e-04
2.224852661299999818e+04 1.631532596865520102e+00 -3.027617270204587246e-04
2.225026401400000032e+04 1.629635874733849965e+00 -1.622451300495742670e-03
2.225201360799999748e+04 1.624959838210729979e+00 -2.931739127398449041e-03
2.225377539400000023e+04 1.617661845615540051e+00 -3.976934541431335207e-03
2.225554937099999734e+04 1.608597871227869902e+00 -4.777049695890654354e-03
2.225733554099999674e+04 1.597868922460780050e+00 -5.382356138616753959e-03
2.225913390199999776e+04 1.586141954096760065e+00 -5.616684410138326339e-03
2.226094445499999711e+04 1.574275171348100022e+00 -5.486032688860800061e-03
2.226276720099999875e+04 1.562941735083869910e+00 -5.143704951392176657e-03
2.226460213799999838e+04 1.552377793640270065e+00 -4.438442037951489082e-03
2.226644926699999996e+04 1.543923304706320110e+00 -3.428566184851721248e-03
2.226830858799999987e+04 1.537593526641739983e+00 -2.273757043003737238e-03
2.227018009999999776e+04 1.534060434366850023e+00 -9.241636430217512778e-04
2.227206380499999796e+04 1.533569691410439972e+00 4.607328525488363163e-04
2.227395970200000011e+04 1.536107730223940093e+00 1.738124262571703708e-03
2.227586779000000024e+04 1.541290425643349948e+00 2.779093964107674179e-03
2.227778807099999904e+04 1.548520148760629933e+00 3.470473306996066550e-03
2.227972054299999945e+04 1.556884739224130065e+00 3.727127927632834046e-03
2.228166520699999819e+04 1.565372282625620004e+00 3.610518068125280217e-03
2.228362206399999923e+04 1.573312906579789949e+00 3.274331248984135943e-03
2.228559111199999825e+04 1.580365706379470048e+00 2.842191259216999416e-03
2.228757235199999923e+04 1.586410956128430083e+00 2.345500152548276023e-03
2.228956578399999853e+04 1.591244970781739987e+00 1.808821938946898484e-03
2.229157140699999945e+04 1.594856944916150043e+00 1.329535724506821903e-03
2.229358922299999904e+04 1.597496179388230075e+00 8.976396919443098898e-04
2.229561923099999694e+04 1.599109597757440104e+00 5.181169067973286297e-04
2.229766143000000011e+04 1.599974173207429962e+00 1.806417689837901315e-04
2.229971582199999830e+04 1.599992022216450094e+00 1.821202018373103382e-05
2.230178240499999811e+04 1.600082133260720019e+00 -8.587879873126196429e-05
2.230386117999999988e+04 1.599597994036110027e+00 -1.065959349272372096e-04
2.230595214800000031e+04 1.599585161179839954e+00 -3.544680498758349431e-05
2.230805530699999872e+04 1.599445717949260048e+00 -4.702484184615854119e-05
2.231017065799999909e+04 1.599375105964149890e+00 -1.744233373822689527e-04
2.231229820099999779e+04 1.598604800550120109e+00 -5.327923337000310721e-04
2.231443793499999811e+04 1.596747992196569932e+00 -1.041768118231626086e-03
2.231658986199999708e+04 1.593418225177819947e+00 -1.621357884862093240e-03
2.231875398099999802e+04 1.588618023572939908e+00 -2.143501643382514713e-03
2.232093029099999694e+04 1.582602386952850049e+00 -2.593977505255178756e-03
2.232311879399999816e+04 1.575451038117460012e+00 -3.029849259710082256e-03
2.232531948799999736e+04 1.567133331294709997e+00 -3.409489523193636774e-03
2.232753237399999853e+04 1.557944251385650070e+00 -3.688831300617741258e-03
2.232975745299999835e+04 1.548085740121140086e+00 -3.815577379855607590e-03
2.233199472299999979e+04 1.538133180915149945e+00 -3.768678233364612922e-03
2.233424418499999956e+04 1.528411531787370103e+00 -3.447429157327657531e-03
2.233650583799999731e+04 1.520040149737839963e+00 -2.803595161277809555e-03
2.233877968399999736e+04 1.513622200982629895e+00 -1.983689064398371036e-03
2.234106572199999937e+04 1.509526315563380017e+00 -1.039352265290003621e-03
2.234336395199999970e+04 1.508094903682209997e+00 -1.396098667259440106e-04
2.234567437299999801e+04 1.508799799981660028e+00 5.906634098809299301e-04
2.234799698699999863e+04 1.511305688553540083e+00 1.116248491389517424e-03
2.235033179199999722e+04 1.514878893631919965e+00 1.436256889327416084e-03
2.235267878899999778e+04 1.519161810394300094e+00 1.655195537015875708e-03
2.235503797800000029e+04 1.523976157698329947e+00 1.835861713575742162e-03
2.235740935899999749e+04 1.529301756608929974e+00 2.082881686455294052e-03
2.235979293200000029e+04 1.535536571363240066e+00 2.411896665552794913e-03
2.236218869699999777e+04 1.542753155324799952e+00 2.706029653573435809e-03
2.236459665399999722e+04 1.550702458855089949e+00 2.857505374573158282e-03
2.236701680299999862e+04 1.558847930858600073e+00 2.768460455926366037e-03
2.236944914299999800e+04 1.566375195546799937e+00 2.459167864400901501e-03
2.237189367599999969e+04 1.572842381119430089e+00 2.092024046099995836e-03
2.237435039999999935e+04 1.578343502269919929e+00 1.695979402871731871e-03
2.237681931699999768e+04 1.582597864911500007e+00 1.209174722907185862e-03
2.237930042499999763e+04 1.585340337467249894e+00 7.002952649241991987e-04
2.238179372499999954e+04 1.586680485114519978e+00 6.727542432112457833e-05
2.238429921699999977e+04 1.585756983686289923e+00 -7.198373243415716934e-04
2.238681690099999832e+04 1.582493558616699936e+00 -1.429272496057599389e-03
2.238934677699999884e+04 1.577378488908059984e+00 -1.945735717994405553e-03
2.239188884499999767e+04 1.571023286505639938e+00 -2.198709803525563007e-03
2.239444310499999847e+04 1.564351297413570041e+00 -2.187274798412784139e-03
2.239700955599999725e+04 1.558001975807550066e+00 -2.054365503706254929e-03
2.239958819999999832e+04 1.552064544293749959e+00 -1.942037042523552361e-03
2.240217903499999738e+04 1.546333399197000080e+00 -1.857052168614089583e-03
2.240478206199999840e+04 1.540855096290719928e+00 -1.780716262390247447e-03
2.240739728199999809e+04 1.535535330572509904e+00 -1.783645741087374562e-03
2.241002469299999939e+04 1.529988680061340034e+00 -1.834427113005878546e-03
2.241266429599999901e+04 1.524306816659859898e+00 -1.921052696530186525e-03
2.241531609099999696e+04 1.518174248509789992e+00 -2.009606916538691449e-03
2.241798007799999687e+04 1.511889604154190048e+00 -2.068649924722300564e-03
2.242065625599999839e+04 1.505332801743110016e+00 -2.060530356552234873e-03
2.242334462699999858e+04 1.499040259888080096e+00 -1.895427116921054528e-03
2.242604518999999709e+04 1.493461455478340083e+00 -1.518884156696913984e-03
2.242875794399999722e+04 1.489489575232260110e+00 -8.933801034665399569e-04
2.243148289099999965e+04 1.487829771589769923e+00 -9.799923707856113666e-05
2.243422002900000007e+04 1.488893271723040090e+00 7.388042261774759685e-04
2.243696935899999880e+04 1.492578760312260000e+00 1.424457988646458386e-03
2.243973088099999950e+04 1.498064808642179946e+00 1.859237663619059790e-03
2.244250459499999852e+04 1.504594224938099911e+00 2.138558462869212615e-03
2.244529050099999949e+04 1.511942125765300071e+00 2.390414579729432856e-03
2.244808859899999879e+04 1.520170616771520100e+00 2.447414881790266859e-03
2.245089888900000005e+04 1.527958916135119916e+00 2.244988291308107255e-03
2.245372137099999964e+04 1.534928851815249962e+00 2.027602326320995275e-03
2.245655604399999720e+04 1.541348515452720003e+00 1.859123142303805310e-03
2.245940290999999706e+04 1.547261141821629993e+00 1.624129018968460030e-03
2.246226196699999855e+04 1.552171829378260037e+00 1.203476988954144036e-03
2.246513321699999869e+04 1.555322869466160052e+00 7.501516789333127896e-04
2.246801665799999682e+04 1.557229053344439951e+00 2.762523721262092930e-04
2.247091229099999691e+04 1.557211337565020060e+00 -2.462147702221931245e-04
2.247382011599999896e+04 1.555593518114269935e+00 -8.232768637261835215e-04
2.247674013299999933e+04 1.551651496559419918e+00 -1.445072913544160611e-03
2.247967234199999803e+04 1.545771639046660040e+00 -1.881266267169441012e-03
2.248261674299999868e+04 1.538802779628700046e+00 -1.931731205645373243e-03
2.248557333499999731e+04 1.532522725177009937e+00 -1.641410644835790932e-03
2.248854211999999825e+04 1.527502968456829979e+00 -1.233205844117441548e-03
2.249152309599999717e+04 1.524005517705590007e+00 -8.292990771550676297e-04
2.249451626499999838e+04 1.521761643777290063e+00 -5.701860614778193415e-04
2.249752162499999758e+04 1.520051287730110001e+00 -4.778894695243825945e-04
2.250053917699999874e+04 1.518438875964650103e+00 -4.645903307493253571e-04
2.250356892099999823e+04 1.516808749547770008e+00 -5.217349683925612790e-04
2.250661085800000001e+04 1.514779100347360075e+00 -6.044068616177967904e-04
2.250966498499999943e+04 1.512547221842160061e+00 -7.585921692159983002e-04
2.251273130499999752e+04 1.509401274839319962e+00 -1.055606273835284908e-03
2.251580981699999757e+04 1.505021993653780088e+00 -1.356662398190380640e-03
2.251890052099999957e+04 1.499682725298060015e+00 -1.498856820702047571e-03
2.252200341599999956e+04 1.494239151810099919e+00 -1.334359308763804694e-03
2.252511850399999821e+04 1.490048893820580034e+00 -9.038118021502975982e-04
2.252824578299999848e+04 1.487698243000660003e+00 -4.103570082527212347e-04
2.253138525499999741e+04 1.487084579654140093e+00 -1.847272913470468968e-06
2.253453691799999797e+04 1.487716056704250001e+00 2.418412791012265501e-04
2.253770077299999684e+04 1.488895194773119934e+00 3.449206417014786001e-04
2.254087681999999768e+04 1.490294909601749929e+00 4.281709252317115197e-04
2.254406505899999684e+04 1.492101139021539957e+00 5.095777135625831431e-04
2.254726548999999795e+04 1.494118955405189908e+00 5.983516250533503370e-04
2.255047811199999705e+04 1.496602944594149998e+00 6.888713840115833539e-04
2.255370292699999845e+04 1.499316655914010088e+00 8.090232794811010996e-04
2.255693993399999817e+04 1.502724726527820076e+00 9.829595459627568210e-04
2.256018913199999952e+04 1.506775709624849968e+00 1.176189392077592842e-03
2.256345052299999952e+04 1.511677254116589930e+00 1.238134174022846590e-03
2.256672410499999751e+04 1.516233308423940107e+00 1.126542738294452175e-03
2.257000987899999745e+04 1.520317505160970084e+00 1.001146828846296135e-03
2.257330784499999936e+04 1.523944006122649908e+00 8.532653194441031921e-04
2.257661800299999959e+04 1.526918443232669897e+00 6.138207949295050895e-04
2.257994035299999814e+04 1.528719376986100054e+00 2.351113369409453925e-04
2.258327489499999865e+04 1.528774741882209964e+00 -2.625608808037654344e-04
2.258662162899999748e+04 1.526709237361620008e+00 -8.547729699803551049e-04
2.258998055399999794e+04 1.522131431859500061e+00 -1.417401165382372501e-03
2.259335167199999705e+04 1.515631037882229970e+00 -1.694454412429166959e-03
2.259673498199999813e+04 1.508833259910290048e+00 -1.607678707086756522e-03
2.260013048299999718e+04 1.502970069449099944e+00 -1.245408465156855674e-03
2.260353817599999820e+04 1.498997642808199915e+00 -8.039442370564044670e-04
2.260695806099999754e+04 1.496610221494750093e+00 -5.375060354204203809e-04
2.261039013899999918e+04 1.494741665926140106e+00 -5.193879987646759502e-04
2.261383440799999880e+04 1.492484223263609966e+00 -6.809340239428478226e-04
2.261729086800000005e+04 1.489302476073109949e+00 -9.102620267196133994e-04
2.262075952099999995e+04 1.485175883756369997e+00 -1.058004740233844465e-03
2.262424036599999818e+04 1.480772403007430071e+00 -1.055612705968854382e-03
2.262773340299999836e+04 1.476635312673679978e+00 -9.163017763840808393e-04
2.263123863100000017e+04 1.473337627602500088e+00 -6.301513560793505940e-04
2.263475605199999700e+04 1.471515445265330069e+00 -3.043821372054376722e-04
2.263828566399999909e+04 1.470874144990429899e+00 8.407442886766032983e-06
2.264182746799999950e+04 1.471619938160340091e+00 2.892682770334275254e-04
2.264538146499999857e+04 1.473300472971929898e+00 4.652360229292141938e-04
2.264894765299999926e+04 1.475514075762339949e+00 5.782651340128763242e-04
2.265252603299999828e+04 1.478148616763850010e+00 6.564833614122882492e-04
2.265611660499999925e+04 1.481031949179270057e+00 6.574857161912982945e-04
2.265971936899999855e+04 1.483693657225759965e+00 6.321128032023870828e-04
2.266333432399999947e+04 1.486382460519249937e+00 6.157804538022932858e-04
2.266696147199999905e+04 1.488924464944419990e+00 5.259944931989071759e-04
2.267060081100000025e+04 1.490870896528390110e+00 3.434082924018874955e-04
2.267425234300000011e+04 1.491877295069869991e+00 1.127675825187336885e-04
2.267791606599999795e+04 1.491868266343240101e+00 -1.354996140322185154e-04
2.268159198199999810e+04 1.490755402932600004e+00 -3.438098327795920182e-04
2.268528008899999986e+04 1.488955760106190018e+00 -3.810879866094920264e-04
2.268898038799999995e+04 1.487512421969739984e+00 -2.173518665373758304e-04
2.269269287899999836e+04 1.487115907472339904e+00 1.401912319654617450e-05
2.269641756199999872e+04 1.487670934813420054e+00 2.109397625810643972e-04
2.270015443699999742e+04 1.488986499965839982e+00 2.443389543029331483e-04
2.270390350299999773e+04 1.489838881863809972e+00 7.070231552718138357e-05
2.270766476200000034e+04 1.489642460821340109e+00 -1.709461385515336353e-04
2.271143821299999763e+04 1.488376064100259910e+00 -3.668745367043262703e-04
2.271522385500000019e+04 1.486449713286309926e+00 -4.730768435754216560e-04
2.271902168899999742e+04 1.484234864978319912e+00 -5.399838272969559403e-04
2.272283171599999696e+04 1.481702265290810061e+00 -6.229750241834305447e-04
2.272665393399999812e+04 1.478734371966220040e+00 -7.204244575571062438e-04
2.273048834399999760e+04 1.475315062694769974e+00 -7.979712445593393263e-04
2.273433494599999904e+04 1.471632997245009955e+00 -7.680270137392623429e-04
2.273819373999999880e+04 1.468459913268790107e+00 -5.769235599328430579e-04
2.274206472599999688e+04 1.466476861853190039e+00 -3.516822234835529780e-04
2.274594790300000022e+04 1.465321997707319968e+00 -2.498935374780135400e-04
2.274984327299999859e+04 1.464251372615599900e+00 -2.788569028150584585e-04
2.275375083499999892e+04 1.462826275820839905e+00 -3.386243088285637308e-04
2.275767058799999722e+04 1.461202912110439955e+00 -3.718057591640519435e-04
2.276160253299999749e+04 1.459464838842629897e+00 -3.288312719707558356e-04
2.276554667100000006e+04 1.458225304264159972e+00 -1.722751120856550475e-04
2.276950299999999697e+04 1.457918781205270076e+00 3.250528263969654707e-05
2.277347152099999948e+04 1.458564862335739898e+00 2.122842639946926453e-04
2.277745223400000032e+04 1.459924082430209991e+00 3.423591418130131347e-04
2.278144513899999947e+04 1.461784462945940000e+00 3.940303378794614091e-04
2.278545023599999695e+04 1.463634923635110052e+00 3.652198446234027540e-04
2.278946752399999968e+04 1.465237385855000074e+00 2.740652754618213074e-04
2.279349700499999744e+04 1.466243921828719987e+00 9.799017024326358021e-05
2.279753867799999716e+04 1.466198882771490020e+00 -1.145637894494445171e-04
2.280159254199999850e+04 1.465203915012770031e+00 -3.011016811736176905e-04
2.280565859799999816e+04 1.463391371495970095e+00 -3.901942054405637696e-04
2.280973684700000013e+04 1.461542758539110087e+00 -3.277325817164065567e-04
2.281382728700000007e+04 1.460313596317460050e+00 -1.811341786366041568e-04
2.281792991899999834e+04 1.459854891928469955e+00 -2.941099909553233726e-05
2.282204474299999856e+04 1.460073020842759917e+00 6.772159193018348247e-05
2.282617175899999711e+04 1.460546127639660074e+00 1.557015363397173545e-04
2.283031096699999762e+04 1.461613455313069965e+00 2.400060067270443423e-04
2.283446236599999975e+04 1.462905263192469940e+00 2.392333280321527018e-04
2.283862595799999690e+04 1.463972045489839946e+00 1.711022295758525395e-04
2.284280174199999965e+04 1.464608934427999998e+00 4.330021992218255182e-05
2.284698971699999674e+04 1.464435579877729987e+00 -1.307922986936232383e-04
2.285118988399999944e+04 1.463372769540840057e+00 -3.366832101414360466e-04
2.285540224399999715e+04 1.461178221664590104e+00 -5.300390241876130112e-04
2.285962679500000013e+04 1.458205713993169894e+00 -6.681311447486572644e-04
2.286386353799999779e+04 1.454635173846910101e+00 -7.473508359040833974e-04
2.286811247299999741e+04 1.450860757427999914e+00 -7.438172575733028799e-04
2.287237359999999899e+04 1.447304139478400087e+00 -6.863339675572032112e-04
2.287664691899999889e+04 1.444080180595540108e+00 -5.965360864424229309e-04
2.288093242899999677e+04 1.441399455857460099e+00 -4.584746300202178549e-04
2.288523013199999696e+04 1.439539038833580031e+00 -3.107808705360615067e-04
2.288954002599999876e+04 1.438326278051180074e+00 -2.127242680532935289e-04
2.289386211299999923e+04 1.437443113773589909e+00 -1.447297934348896922e-04
2.289819639099999767e+04 1.436910047690810099e+00 -6.516928913069091863e-05
2.290254286099999808e+04 1.436827394187109919e+00 4.387271117632781867e-05
2.290690152399999715e+04 1.437398306811580095e+00 1.798797959288603939e-04
2.291127237799999784e+04 1.438700023913439985e+00 2.875269917558792685e-04
2.291565542399999686e+04 1.440373846871600083e+00 3.473634407119443701e-04
2.292005066199999783e+04 1.442295704924400068e+00 2.985216898824879389e-04
2.292445809099999678e+04 1.443478700973239937e+00 1.430813808735321025e-04
2.292887771299999804e+04 1.443810887864269921e+00 -2.869449849028025664e-05
2.293330952699999762e+04 1.443226952575670019e+00 -1.557539200279491000e-04
2.293775353199999881e+04 1.442244774810969909e+00 -2.288879843300117248e-04
2.294220972999999867e+04 1.440898324468310010e+00 -2.524229604451077528e-04
2.294667811900000015e+04 1.439665101143180026e+00 -2.195419445040898388e-04
2.295115869999999995e+04 1.438654362441919909e+00 -1.991292456755129300e-04
2.295565147299999808e+04 1.437628391480610057e+00 -1.880125880761937681e-04
2.296015643799999816e+04 1.436728632487229929e+00 -1.734779492224652029e-04
2.296467359500000020e+04 1.435850193852590051e+00 -1.650128831927585903e-04
2.296920294399999693e+04 1.435034832583230058e+00 -1.416950356229844388e-04
2.297374448499999926e+04 1.434398210890960090e+00 -1.057379640955756923e-04
2.297829821799999991e+04 1.433959899511799918e+00 -8.031885225422819409e-05
2.298286414199999854e+04 1.433590424983929967e+00 -6.198503778513897401e-05
2.298744225899999947e+04 1.433345235821610109e+00 -6.029294009709956374e-05
2.299203256699999838e+04 1.432992193586529961e+00 -9.910863803616692350e-05
2.299663506799999959e+04 1.432329764148370099e+00 -1.657008694145555017e-04
2.300124975999999879e+04 1.431259048840989978e+00 -2.292518471021787717e-04
2.300587664399999994e+04 1.429907903001909952e+00 -2.982974449027260902e-04
2.301051571999999942e+04 1.428085554816810099e+00 -3.504782693572075329e-04
2.301516698799999722e+04 1.426161362523929999e+00 -3.406837194333618333e-04
2.301983044799999698e+04 1.424435454694719994e+00 -3.186159342938764340e-04
2.302450609999999870e+04 1.422741775987840018e+00 -2.939944783163917072e-04
2.302919394299999840e+04 1.421275488848640078e+00 -2.575664016565078923e-04
2.303389397899999676e+04 1.419971940509400010e+00 -2.172825899706430967e-04
2.303860620599999675e+04 1.418940127055569933e+00 -1.630189915568529182e-04
2.304333062599999903e+04 1.418227011011869987e+00 -1.265361174290591619e-04
2.304806723699999930e+04 1.417592756119770092e+00 -1.163605496736660306e-04
2.305281603999999788e+04 1.416988598685360090e+00 -1.094285441416672816e-04
2.305757703599999877e+04 1.416427949552899968e+00 -9.408575915830505801e-05
2.306235022299999764e+04 1.415991201307249980e+00 -6.076824653810317665e-05
2.306713560199999847e+04 1.415798969590980061e+00 -3.005758475621527531e-05
2.307193317199999728e+04 1.415703431791589972e+00 -2.137362835271746332e-05
