# energy mu dmude
5.274163331000000653e+03 1.517418202803310079e+00 1.339413665815392097e-04
5.279163331000000653e+03 1.514576168376190024e+00 9.055419611977112639e-05
5.284163331000000653e+03 1.510952158684540025e+00 3.571097831484640599e-05
5.289163331000000653e+03 1.507121674462370109e+00 1.742863747600698154e-06
5.294163331000000653e+03 1.502885450950560031e+00 -2.745261074770684442e-05
5.299163331000000653e+03 1.498528771112300095e+00 -2.830585515119085426e-05
5.304163331000000653e+03 1.494277169413549933e+00 -2.778602434998504907e-05
5.309163331000000653e+03 1.489929858585159916e+00 -2.171819859808639912e-05
5.314163331000000653e+03 1.485787618469500027e+00 7.123050381794540979e-07
5.319163331000000653e+03 1.481844576894620014e+00 8.265838961937432434e-06
5.324163331000000653e+03 1.477838475564350107e+00 6.588565623830990388e-06
5.329163331000000653e+03 1.473865204171570076e+00 1.739058548186861550e-05
5.334163331000000653e+03 1.470053789709470093e+00 1.701786400021627462e-05
5.339163331000000653e+03 1.466073800686199968e+00 9.236310413612959583e-07
5.344163331000000653e+03 1.461972316787869985e+00 5.799741559801957734e-08
5.349163331000000653e+03 1.457976726284339941e+00 4.880371597822010841e-07
5.354163331000000653e+03 1.453882993074500085e+00 -2.044980696829569426e-06
5.359163331000000653e+03 1.449841749506080024e+00 -9.320022389052438463e-06
5.364163331000000653e+03 1.445616896829559961e+00 -1.460116782826216161e-05
5.369163331000000653e+03 1.441480470167660011e+00 -4.547584924304682234e-06
5.374163331000000653e+03 1.437436815137060009e+00 2.758555222393164880e-06
5.379163331000000653e+03 1.433432068435229967e+00 1.946367545312422531e-05
5.384163331000000653e+03 1.429689492978899912e+00 1.931162957320408784e-05
5.389163331000000653e+03 1.425682005925120066e+00 8.813706762650396539e-06
5.394163331000000653e+03 1.421750224399819906e+00 2.059101974676632186e-05
5.399163331000000653e+03 1.417955002108600038e+00 3.548895982108513618e-05
5.404163331000000653e+03 1.414291729004260034e+00 3.866332947586191608e-05
5.409163331000000653e+03 1.410553718983950100e+00 3.026143492355737078e-05
5.414163331000000653e+03 1.406739016928489905e+00 2.880379824008439223e-05
5.419163331000000653e+03 1.402974735643679915e+00 4.527903145155384300e-05
5.424163331000000653e+03 1.399456969864810052e+00 7.512677091945996817e-05
5.429163331000000653e+03 1.396230640092340103e+00 8.918996683022092063e-05
5.434163331000000653e+03 1.392966337980849900e+00 8.328101461696783749e-05
5.435600000000000364e+03 1.391984285838429924e+00 8.534688966300097628e-05
5.436600000000000364e+03 1.391367908361190064e+00 1.203237586675880415e-04
5.437600000000000364e+03 1.390798385517630020e+00 6.824013736380220123e-05
5.438600000000000364e+03 1.389994265428400100e+00 1.277251962048156064e-04
5.439600000000000364e+03 1.389639164701460095e+00 2.320459460733036335e-04
5.440600000000000364e+03 1.389211083174350048e+00 1.763814715958975099e-04
5.441600000000000364e+03 1.388655332155209976e+00 1.376458535986711720e-04
5.442600000000000364e+03 1.388087622738990001e+00 2.134455382014890452e-05
5.442800000000000182e+03 1.387729721427860108e+00 2.737992321909771916e-04
5.443000000000000000e+03 1.387961087386369918e+00 5.194608299544452475e-04
5.443200000000000728e+03 1.387780290312139897e+00 4.082395771063137115e-04
5.443400000000000546e+03 1.387931473794870030e+00 8.696469319278494125e-04
5.443600000000000364e+03 1.388083318037879987e+00 7.022249036934073143e-04
5.443800000000000182e+03 1.388113802352239912e+00 -3.333630943580747252e-04
5.444000000000000000e+03 1.387519062579650075e+00 -3.931035704617584048e-04
5.444200000000000728e+03 1.387506478333319970e+00 -2.978549075197895260e-04
5.444400000000000546e+03 1.386980405954900020e+00 -2.011021626800287227e-04
5.444600000000000364e+03 1.387037573436959992e+00 8.866293067357419472e-04
5.444800000000000182e+03 1.387295676744100037e+00 1.625784294853326126e-03
5.445000000000000000e+03 1.387885721490299984e+00 4.643781857117150946e-04
5.445200000000000728e+03 1.387306535027440058e+00 -5.609599007820924516e-04
5.445400000000000546e+03 1.387157385202629989e+00 -6.415619661958435124e-04
5.445600000000000364e+03 1.386520090482650014e+00 -8.688969418939675214e-04
5.445800000000000182e+03 1.386207048589410018e+00 -3.949868713737406113e-06
5.446000000000000000e+03 1.386193318125090057e+00 1.272806443474142415e-03
5.446200000000000728e+03 1.386800725151970060e+00 1.548868427063484089e-03
5.446400000000000546e+03 1.386986015403079975e+00 7.052179891560575800e-04
5.446600000000000364e+03 1.386985211507389959e+00 -3.458858122702106598e-04
5.446800000000000182e+03 1.386412731971329970e+00 -6.018565046879972369e-04
5.447000000000000000e+03 1.386227391727419933e+00 -2.050287413766474943e-04
5.447200000000000728e+03 1.385940996295840000e+00 4.017723911012841182e-04
5.447400000000000546e+03 1.386193115762750061e+00 8.999887272280904672e-04
5.447600000000000364e+03 1.386265898260579998e+00 8.313421504983172557e-04
5.447800000000000182e+03 1.386468528512659892e+00 9.569590797876823852e-04
5.448000000000000000e+03 1.386631871727370013e+00 -7.028767419378760019e-04
5.448200000000000728e+03 1.385637880451050075e+00 -7.098272430898617223e-04
5.448400000000000546e+03 1.385796212857340004e+00 2.651490422622459407e-05
5.448600000000000364e+03 1.385333070990470095e+00 2.905647807167050889e-04
5.448800000000000182e+03 1.385681764252119974e+00 1.054334386607141787e-03
5.449000000000000000e+03 1.385769245007790085e+00 8.637653437337421613e-04
5.449200000000000728e+03 1.385980551778339898e+00 3.265449213118099469e-04
5.449400000000000546e+03 1.385680735480560033e+00 -4.227854558760010231e-04
5.449600000000000364e+03 1.385351829267700063e+00 -2.343271636481224728e-04
5.449800000000000182e+03 1.385187877762529940e+00 2.149508050380511076e-04
5.450000000000000000e+03 1.385182868457139893e+00 7.502577053879492738e-04
5.450200000000000728e+03 1.385404834494460058e+00 8.397162237773344532e-04
5.450400000000000546e+03 1.385464318307970011e+00 5.818014786224450169e-04
5.450600000000000364e+03 1.385500346475710076e+00 2.020880658353457814e-04
5.450800000000000182e+03 1.385286084393140049e+00 1.628052568096455949e-04
5.451000000000000000e+03 1.385293792497920062e+00 3.124059938895466738e-05
5.451200000000000728e+03 1.384984681816840091e+00 3.754362897490414255e-04
5.451400000000000546e+03 1.385240530109749901e+00 1.008208661277501745e-03
5.451600000000000364e+03 1.385387602523669992e+00 8.916997665680756469e-04
5.451800000000000182e+03 1.385559456333609996e+00 2.460273038051791553e-04
5.452000000000000000e+03 1.385241045620150047e+00 -2.150025990166570496e-04
5.452200000000000728e+03 1.385080530228429918e+00 -2.199376337175666684e-04
5.452400000000000546e+03 1.384758561712029934e+00 -6.497844017372597354e-05
5.452600000000000364e+03 1.384709760686630098e+00 1.130868771284219152e-03
5.452800000000000182e+03 1.385249911482979934e+00 9.507656605768325005e-04
5.453000000000000000e+03 1.385071269146300077e+00 -2.140110880846935728e-04
5.453200000000000728e+03 1.384771700185440046e+00 5.381630853363420820e-04
5.453400000000000546e+03 1.385135321003490017e+00 9.660257988463654896e-04
5.453600000000000364e+03 1.385144210100639928e+00 6.442848188232408327e-04
5.453800000000000182e+03 1.385275878951979900e+00 7.165598654002807008e-04
5.454000000000000000e+03 1.385336873128180102e+00 3.058519872790715888e-04
5.454200000000000728e+03 1.385172451316569964e+00 2.844193108827325909e-04
5.454400000000000546e+03 1.385217994083870030e+00 1.290254643339487813e-03
5.454600000000000364e+03 1.385778706768749924e+00 2.104880410364458939e-03
5.454800000000000182e+03 1.386411535771020054e+00 8.275513298223104598e-04
5.455000000000000000e+03 1.386051386611240055e+00 -6.386389411897372241e-04
5.455200000000000728e+03 1.385627198515759995e+00 2.255014927303155008e-04
5.455400000000000546e+03 1.385890032083100021e+00 1.541907106575863282e-03
5.455600000000000364e+03 1.386414877185369932e+00 2.049384515731377324e-03
5.455800000000000182e+03 1.387043565245680066e+00 1.397720383465848783e-03
5.456000000000000000e+03 1.387098607660389948e+00 1.056570317391496605e-04
5.456200000000000728e+03 1.386795811532629985e+00 -1.143113971281696880e-04
5.456400000000000546e+03 1.386692272626159905e+00 1.251386159764322813e-03
5.456600000000000364e+03 1.387374045620519913e+00 2.340188356466797043e-03
5.456800000000000182e+03 1.388055454316510007e+00 1.228486016724678271e-03
5.457000000000000000e+03 1.387935770362239918e+00 4.294749779500980739e-04
5.457200000000000728e+03 1.388041149912510042e+00 4.927018889983600727e-04
5.457400000000000546e+03 1.387967047986260027e+00 1.302318585292856507e-03
5.457600000000000364e+03 1.388656102593939901e+00 2.272302900350809448e-03
5.457800000000000182e+03 1.389281289174669975e+00 1.463414190554048356e-03
5.458000000000000000e+03 1.389387193550529975e+00 5.827731198901371775e-04
5.458200000000000728e+03 1.389377501638970003e+00 8.828572194906359740e-04
5.458400000000000546e+03 1.389699744937759940e+00 2.112173848956479943e-03
5.458600000000000364e+03 1.390576301367620005e+00 1.920123918465508218e-03
5.458800000000000182e+03 1.390760090562489948e+00 1.097364302879433968e-03
5.459000000000000000e+03 1.391043496841100069e+00 1.538439009170686949e-03
5.459200000000000728e+03 1.391545268984810013e+00 1.965589278283512344e-03
5.459400000000000546e+03 1.392136619700570010e+00 2.113824241669078671e-03
5.459600000000000364e+03 1.392745258527190000e+00 2.399647058191099053e-03
5.459800000000000182e+03 1.393542666812670028e+00 2.428097077746311713e-03
5.460000000000000000e+03 1.394171816044859957e+00 2.551725575664849904e-03
5.460200000000000728e+03 1.395058351532080021e+00 2.576659363042056294e-03
5.460400000000000546e+03 1.395705476220860053e+00 2.938488100588774674e-03
5.460600000000000364e+03 1.396852864047370080e+00 3.539925640101070428e-03
5.460800000000000182e+03 1.397933581684529969e+00 3.396367973475222703e-03
5.461000000000000000e+03 1.398977474820660039e+00 3.531781736529787143e-03
5.461200000000000728e+03 1.400155815982990104e+00 4.780134556659583998e-03
5.461400000000000546e+03 1.402099681176629975e+00 4.694204980817963738e-03
5.461600000000000364e+03 1.403216073332290037e+00 3.975130093873287945e-03
5.461800000000000182e+03 1.404641537561819975e+00 6.545411966096478969e-03
5.462000000000000000e+03 1.407610916972060089e+00 7.595971932833235109e-03
5.462200000000000728e+03 1.409793758923310047e+00 7.160492534062201653e-03
5.462400000000000546e+03 1.412449189196580024e+00 8.902057019964654608e-03
5.462600000000000364e+03 1.415887573129529953e+00 1.106950248017962539e-02
5.462800000000000182e+03 1.420105574751949984e+00 1.195965681988815470e-02
5.463000000000000000e+03 1.424185695555830078e+00 1.436537317568556058e-02
5.463200000000000728e+03 1.430138044602810021e+00 1.942511709039771231e-02
5.463400000000000546e+03 1.437865874666419908e+00 2.307969513444554227e-02
5.463600000000000364e+03 1.446452910052510088e+00 3.005973214411034392e-02
5.463800000000000182e+03 1.459212841752590029e+00 4.214446031936152498e-02
5.464000000000000000e+03 1.476512091750550093e+00 5.710563893774944777e-02
5.464200000000000728e+03 1.500057950703669984e+00 8.183143643974548354e-02
5.464400000000000546e+03 1.535182711641019937e+00 1.183586486736641907e-01
5.464600000000000364e+03 1.585062047652010087e+00 1.661761386887183889e-01
5.464800000000000182e+03 1.654659759008320075e+00 2.168562011055780725e-01
5.465000000000000000e+03 1.741075753015709937e+00 2.486737591972575656e-01
5.465200000000000728e+03 1.833611621565570005e+00 2.334419685283969370e-01
5.465400000000000546e+03 1.909046596612000046e+00 1.611454868937685359e-01
5.465600000000000364e+03 1.949461932986509938e+00 6.261727599599745120e-02
5.465800000000000182e+03 1.953865197082020000e+00 -1.857346481910614536e-02
5.466000000000000000e+03 1.935747883965379890e+00 -6.226637951228768120e-02
5.466200000000000728e+03 1.908651718011159959e+00 -7.039394089279712996e-02
5.466400000000000546e+03 1.884675021216920099e+00 -5.765831337109365157e-02
5.466600000000000364e+03 1.866760321207010076e+00 -3.832368235957549912e-02
5.466800000000000182e+03 1.856722494395679934e+00 -1.575494799579305744e-02
5.467000000000000000e+03 1.855078218878909890e+00 6.519089089692108388e-03
5.467200000000000728e+03 1.861098361146189983e+00 2.591591665576198703e-02
5.467400000000000546e+03 1.873437794827899960e+00 4.074525580054042667e-02
5.467600000000000364e+03 1.890148817626990052e+00 5.063625773436884053e-02
5.467800000000000182e+03 1.909618948029740082e+00 5.598034545602701556e-02
5.468000000000000000e+03 1.930182671399379934e+00 5.855282739205303066e-02
5.468200000000000728e+03 1.951507375143620049e+00 6.009024196749455926e-02
5.468400000000000546e+03 1.973179463181000015e+00 6.106049836258594515e-02
5.468600000000000364e+03 1.995203651582140081e+00 6.191970365767723861e-02
5.468800000000000182e+03 2.017495164468630087e+00 6.270034525838143191e-02
5.469000000000000000e+03 2.040082138979780080e+00 6.074663260424090910e-02
5.469200000000000728e+03 2.060965166405550164e+00 5.635417814440768502e-02
5.469400000000000546e+03 2.080385499071550015e+00 5.166535857939172360e-02
5.469600000000000364e+03 2.097888226855039839e+00 4.658982587794934654e-02
5.469800000000000182e+03 2.113649467688500039e+00 4.069710449149106790e-02
5.470000000000000000e+03 2.126903969726050114e+00 3.418723629978095285e-02
5.470200000000000728e+03 2.137972066621309786e+00 2.833495375901099594e-02
5.470400000000000546e+03 2.147007496394659931e+00 2.295671364432392419e-02
5.470600000000000364e+03 2.154198271315079793e+00 1.794007355566015413e-02
5.470800000000000182e+03 2.159617066568470189e+00 1.365168591003113920e-02
5.471000000000000000e+03 2.163716224286929890e+00 1.074808914451030016e-02
5.471200000000000728e+03 2.167041736365019844e+00 9.082881026797289328e-03
5.471400000000000546e+03 2.169940399518389906e+00 7.364003023334517520e-03
5.471600000000000364e+03 2.172026724927090147e+00 7.176890703780585898e-03
5.471800000000000182e+03 2.174790493636760136e+00 8.657966980315753500e-03
5.472000000000000000e+03 2.177944567876100024e+00 1.108188887408046754e-02
5.472200000000000728e+03 2.182455808885920057e+00 1.649339093224551009e-02
5.472400000000000546e+03 2.189511184554609802e+00 2.396065038932971084e-02
5.472600000000000364e+03 2.199405779331999877e+00 3.289540622312300822e-02
5.472800000000000182e+03 2.212902467473739865e+00 4.390892775918222440e-02
5.473000000000000000e+03 2.230737014384359895e+00 5.397123733468407042e-02
5.473200000000000728e+03 2.251487899661739789e+00 6.450368931947959850e-02
5.473400000000000546e+03 2.276915582367410096e+00 7.457013286746551339e-02
5.473600000000000364e+03 2.304923645075279914e+00 8.090160339217475349e-02
5.473800000000000182e+03 2.334915859909440172e+00 8.433226045270535154e-02
5.474000000000000000e+03 2.365397178129359901e+00 8.553139936708159530e-02
5.474200000000000728e+03 2.396253885356039781e+00 8.583826454769769021e-02
5.474400000000000546e+03 2.426956431167650141e+00 8.432827187454093598e-02
5.474600000000000364e+03 2.456724542933860000e+00 8.304973319166301937e-02
5.474800000000000182e+03 2.486505354865049977e+00 7.867534751701427131e-02
5.475000000000000000e+03 2.513119851072850075e+00 7.319624471398646082e-02
5.475200000000000728e+03 2.538950626329090188e+00 7.054292467330865180e-02
5.475400000000000546e+03 2.563652270771159980e+00 6.775054839286615005e-02
5.475600000000000364e+03 2.587469944774240194e+00 6.352859790462327128e-02
5.475800000000000182e+03 2.609127868397699945e+00 5.949763900902375890e-02
5.476000000000000000e+03 2.630039512701079829e+00 5.773609082504661122e-02
5.476200000000000728e+03 2.650427487542549976e+00 5.627988231292634785e-02
5.476400000000000546e+03 2.670289310874100153e+00 5.452264244229972079e-02
5.476600000000000364e+03 2.689410442915590060e+00 5.349631138363045157e-02
5.476800000000000182e+03 2.708532355815040038e+00 5.353980608603188529e-02
5.477000000000000000e+03 2.727684844389859808e+00 5.402012056838003534e-02
5.477200000000000728e+03 2.747153029277539904e+00 5.343923635442430348e-02
5.477400000000000546e+03 2.765886742364549900e+00 5.251976079062528613e-02
5.477600000000000364e+03 2.784692051900210075e+00 5.363098858464664109e-02
5.477800000000000182e+03 2.804226879822719898e+00 5.291061673457702480e-02
5.478000000000000000e+03 2.822512853377700193e+00 5.120580736573519115e-02
5.478200000000000728e+03 2.840818637098529997e+00 5.086066721150833692e-02
5.478400000000000546e+03 2.858855789575270201e+00 4.902009016442877148e-02
5.478600000000000364e+03 2.875834650421849936e+00 4.842000350341037901e-02
5.478800000000000182e+03 2.893439183835860185e+00 4.822127015776639380e-02
5.479000000000000000e+03 2.910274772319779935e+00 4.650691356889569139e-02
5.479200000000000728e+03 2.926643378677260099e+00 4.667069523923528251e-02
5.479400000000000546e+03 2.943597041894909783e+00 4.778197875871708494e-02
5.479600000000000364e+03 2.960766803261840163e+00 4.790840648668470009e-02
5.479800000000000182e+03 2.977811611723550023e+00 4.687694540783593489e-02
5.480000000000000000e+03 2.994237764285020198e+00 4.588708139655130192e-02
5.480200000000000728e+03 3.010568952417259858e+00 4.465804487079075291e-02
5.480400000000000546e+03 3.026109058571810007e+00 4.327132723132059988e-02
5.480600000000000364e+03 3.041440523623249792e+00 4.162574585746298128e-02
5.480800000000000182e+03 3.055794284674920203e+00 4.177940743683269953e-02
5.481000000000000000e+03 3.071236528606749783e+00 4.181314960362905037e-02
5.481200000000000728e+03 3.085614615319300036e+00 3.892323827865964286e-02
5.481400000000000546e+03 3.098973442288219804e+00 3.542210377164736052e-02
5.481600000000000364e+03 3.110827464349210203e+00 3.316352750372138919e-02
5.481800000000000182e+03 3.122558021250480209e+00 3.259176657605356020e-02
5.482000000000000000e+03 3.133999845052950040e+00 3.296193960325487921e-02
5.482200000000000728e+03 3.145997269922649942e+00 3.642217650272171897e-02
5.482400000000000546e+03 3.159933674160769979e+00 3.752321819746827491e-02
5.482600000000000364e+03 3.172724870425359889e+00 3.436871181060802832e-02
5.482800000000000182e+03 3.184387103805990105e+00 3.566147430220679981e-02
5.483000000000000000e+03 3.198110288287910219e+00 3.667735314111068151e-02
5.483200000000000728e+03 3.210504896806530173e+00 3.439358605032220850e-02
5.483400000000000546e+03 3.222581650460219826e+00 3.124022463361529958e-02
5.483600000000000364e+03 3.232702913561929847e+00 2.361564677923405284e-02
5.483800000000000182e+03 3.239282898266500066e+00 1.594768905681838780e-02
5.484000000000000000e+03 3.243876118673029829e+00 7.823008318813426398e-03
5.484200000000000728e+03 3.244598796434840171e+00 -6.249628395279894014e-04
5.484400000000000546e+03 3.243101640897520177e+00 -8.708859845773669200e-03
5.484600000000000364e+03 3.237996413836210063e+00 -2.184191916608890088e-02
5.484800000000000182e+03 3.227031272784469884e+00 -3.079976654602937375e-02
5.485000000000000000e+03 3.215468085916150187e+00 -3.340049892030622775e-02
5.485200000000000728e+03 3.202628005001070033e+00 -4.007582327475917722e-02
5.485400000000000546e+03 3.186252392272889811e+00 -4.546665485765626763e-02
5.485600000000000364e+03 3.169525911845569865e+00 -4.850780567530214860e-02
5.485800000000000182e+03 3.150957849423349888e+00 -5.022519189172641035e-02
5.486000000000000000e+03 3.132993257797170195e+00 -5.009587834409461732e-02
5.486200000000000728e+03 3.114518421086100108e+00 -5.103785002719272990e-02
5.486400000000000546e+03 3.095874736033700003e+00 -4.935513313958520693e-02
5.486600000000000364e+03 3.078613016444029959e+00 -4.659289629937159866e-02
5.486800000000000182e+03 3.061960704289039992e+00 -4.301673669584420157e-02
5.487000000000000000e+03 3.047277137016939808e+00 -4.036766922845202304e-02
5.487200000000000728e+03 3.032534610829969779e+00 -3.977817341510494348e-02
5.487400000000000546e+03 3.018276027385740079e+00 -3.458720340461111237e-02
5.487600000000000364e+03 3.007275814978620065e+00 -2.628443881807666221e-02
5.487800000000000182e+03 2.999002924046520135e+00 -2.245422808909729867e-02
5.488000000000000000e+03 2.990764016436299855e+00 -2.116057177225710503e-02
5.488200000000000728e+03 2.983423758104819967e+00 -1.501819301929834850e-02
5.488400000000000546e+03 2.979613061137590169e+00 -9.317153525028746067e-03
5.488600000000000364e+03 2.976382839777139910e+00 -5.673548467046038608e-03
5.488800000000000182e+03 2.975198918420059790e+00 -2.085445448777543346e-03
5.489000000000000000e+03 2.974555459715030103e+00 1.906123365628850999e-03
5.489200000000000728e+03 2.976249170659219789e+00 3.507833572516593727e-03
5.489400000000000546e+03 2.976760429120029805e+00 6.563043049570701018e-03
5.489600000000000364e+03 2.980656725034460219e+00 1.361045923627696164e-02
5.489800000000000182e+03 2.986248660643100017e+00 1.893997276055299842e-02
5.490000000000000000e+03 2.993987150186300017e+00 1.681669875654166410e-02
5.490200000000000728e+03 2.998048358869669805e+00 1.648125539085998001e-02
5.490400000000000546e+03 3.005545018017549808e+00 2.121641253869086668e-02
5.490600000000000364e+03 3.013019932387490218e+00 2.421150639932377266e-02
5.490800000000000182e+03 3.022675837495900186e+00 2.482387728354138942e-02
5.491000000000000000e+03 3.030592226964659908e+00 2.378594499311411856e-02
5.491200000000000728e+03 3.039499857992329801e+00 2.537512449100062101e-02
5.491400000000000546e+03 3.048561930892410121e+00 2.789246332748834822e-02
5.491600000000000364e+03 3.059284381076599946e+00 2.490891287037211993e-02
5.491800000000000182e+03 3.066195529974849787e+00 2.150265369859723566e-02
5.492000000000000000e+03 3.074462313759450005e+00 2.277259150487017172e-02
5.492200000000000728e+03 3.082288995928450070e+00 1.997434348056349035e-02
5.492400000000000546e+03 3.088538445357530193e+00 1.727037175035017399e-02
5.492600000000000364e+03 3.094415759557569867e+00 1.750204015528510071e-02
5.492800000000000182e+03 3.100832225144010135e+00 1.537174314643296145e-02
5.493000000000000000e+03 3.105173749340420120e+00 7.339997901799322731e-03
5.493200000000000728e+03 3.105799907750379951e+00 3.760338173475351927e-03
5.493400000000000546e+03 3.107560756292489845e+00 5.088020903592691511e-03
5.493600000000000364e+03 3.109144077885059865e+00 3.819494397167143458e-03
5.493800000000000182e+03 3.109990410601529920e+00 -3.744698228306328892e-04
5.494000000000000000e+03 3.108550187449920177e+00 -4.357911199379555303e-03
5.494200000000000728e+03 3.106524747159740141e+00 -6.368535661810031077e-03
5.494400000000000546e+03 3.103635009251440202e+00 -1.076755275248261236e-02
5.494600000000000364e+03 3.098438195934139827e+00 -9.180222581361719217e-03
5.494800000000000182e+03 3.096692808226369831e+00 -8.525311078917390678e-03
5.495000000000000000e+03 3.091968138715559977e+00 -1.381014515132481489e-02
5.495200000000000728e+03 3.086412768030970089e+00 -1.129509964092708686e-02
5.495400000000000546e+03 3.083501264354549853e+00 -1.153217162540376081e-02
5.495600000000000364e+03 3.077774981922750008e+00 -1.289594242916005003e-02
5.495800000000000182e+03 3.073880298173810033e+00 -1.106950985171169938e-02
5.496000000000000000e+03 3.069470741477009934e+00 -1.305519367104597019e-02
5.496200000000000728e+03 3.064144523370429862e+00 -1.078033876830225904e-02
5.496400000000000546e+03 3.061374972459129928e+00 -8.803681119113296316e-03
5.496600000000000364e+03 3.057473781494609799e+00 -5.934303804064746356e-03
5.496800000000000182e+03 3.056772844010819945e+00 -1.672885677429092896e-03
5.497000000000000000e+03 3.055943827176470062e+00 -2.059452408990880036e-03
5.497200000000000728e+03 3.054964203049639782e+00 -7.824537805034986488e-04
5.497400000000000546e+03 3.055055809827929902e+00 1.153374095381959254e-03
5.497600000000000364e+03 3.055471777530870181e+00 3.338788936945153059e-03
5.497800000000000182e+03 3.057138910282069855e+00 6.318490506891844861e-03
5.498000000000000000e+03 3.059703027217679949e+00 9.605458387188455655e-03
5.498200000000000728e+03 3.063739825978769815e+00 1.263064071892442373e-02
5.498400000000000546e+03 3.068484880485499833e+00 1.322503443961490707e-02
5.498600000000000364e+03 3.072950194111240041e+00 1.342715054797734807e-02
5.499300000000000182e+03 3.089536058735660173e+00 1.379935325368867281e-02
5.500000000000000000e+03 3.106635630658300062e+00 1.294183118541168340e-02
5.500700000000000728e+03 3.121057755507449905e+00 1.081638384294059466e-02
5.501400000000000546e+03 3.132794299322330112e+00 9.428335866441293206e-03
5.502100000000000364e+03 3.143714036620319785e+00 8.410605372217206527e-03
5.502800000000000182e+03 3.152882595269169919e+00 7.180909924484258321e-03
5.503500000000000000e+03 3.160699507520220219e+00 5.229197693166074551e-03
5.504200000000000728e+03 3.164943414616599782e+00 3.459616938040833804e-03
5.504900000000000546e+03 3.168295237971280098e+00 2.947842993770671220e-03
5.506593695000000480e+03 3.175722562605970190e+00 3.884799975963225578e-03
5.507599583000000166e+03 3.185010616591339883e+00 6.702415777693631477e-03
5.508617662000000564e+03 3.198532832753839816e+00 8.147629327459507409e-03
5.509647933000000194e+03 3.213431096084700123e+00 7.141725509176985974e-03
5.510690395999999964e+03 3.223533852604159922e+00 3.266819061352871367e-03
5.511745051000000785e+03 3.224080341929659976e+00 -8.395824971104246144e-04
5.512811897999999928e+03 3.218605587442899818e+00 -3.505639699773176968e-03
5.513890937000000122e+03 3.208784266109229844e+00 -4.799707910093986563e-03
5.514982167000000118e+03 3.198073937138779854e+00 -4.991509797306473324e-03
5.516085590000000593e+03 3.187263267330850081e+00 -4.742657762585618733e-03
5.517201203999999962e+03 3.177309088295449779e+00 -5.191680402602756421e-03
5.518329011000000719e+03 3.164454682474380220e+00 -7.161926372285892968e-03
5.519469009000000369e+03 3.146199591631889891e+00 -9.662997621955658409e-03
5.520621199000000161e+03 3.122678141334649826e+00 -1.150232453760396609e-02
5.521785582000000431e+03 3.096299054110680071e+00 -1.259392859063371631e-02
5.522962156000000505e+03 3.067646713166639838e+00 -1.232241740442067447e-02
5.524150922000000719e+03 3.041851906835550068e+00 -1.100078767048540997e-02
5.525351879000000736e+03 3.018330616608989825e+00 -9.540632609569880962e-03
5.526565029000000322e+03 2.998385725756619991e+00 -7.979206274535141988e-03
5.527790371000000050e+03 2.981287757939650174e+00 -6.625432278454012995e-03
5.529027904000000490e+03 2.966981717023439824e+00 -5.280632411920523246e-03
5.530277630000000499e+03 2.955601345054910123e+00 -2.695413376418481690e-03
5.531539547000000312e+03 2.952746209227029794e+00 9.835870691398830145e-04
5.532813657000000603e+03 2.958043350885359857e+00 4.969315954949064459e-03
5.534099958000000697e+03 2.973604549147419895e+00 8.659215146381663356e-03
5.535398451000000023e+03 2.996290177990160064e+00 1.147940572128253352e-02
5.536709136000000399e+03 3.025474330270359946e+00 1.347568809924295195e-02
5.538032013000000006e+03 3.058120099177359830e+00 1.348263792911598424e-02
5.539367082000000664e+03 3.087910024092840100e+00 9.372157855443218749e-03
5.540714342000000215e+03 3.101256797096170192e+00 1.826371502507005218e-03
5.542073795000000246e+03 3.094627794221310069e+00 -5.239754678239103014e-03
5.543445440000000417e+03 3.073253423782460025e+00 -9.372142740201854644e-03
5.544829276000000391e+03 3.045851912011789953e+00 -1.112346173491633901e-02
5.546225304999999935e+03 3.015271445434740016e+00 -1.182675368890140702e-02
5.547633525000000191e+03 2.983806791974910055e+00 -1.222902150066464654e-02
5.549053937000000587e+03 2.950636041334409931e+00 -1.162170364428523860e-02
5.550486541000000216e+03 2.921737059353399779e+00 -8.884217473764152717e-03
5.551931336999999985e+03 2.902232398678620040e+00 -3.876494442875039019e-03
5.553388325000000805e+03 2.899113323657140029e+00 3.008064156471404373e-03
5.554857504999999946e+03 2.915726947784619938e+00 1.031857898135721957e-02
5.556338877000000139e+03 2.951596444733540103e+00 1.612559607101570966e-02
5.557832440000000133e+03 2.999779743814940058e+00 1.895641537413658359e-02
5.559338196000000607e+03 3.051640822652339935e+00 1.919538417931976673e-02
5.560856142999999975e+03 3.101939770035420096e+00 1.767151527484150594e-02
5.562386283000000731e+03 3.146253131352299892e+00 1.514835394381002127e-02
5.563928614000000380e+03 3.183336765039530114e+00 1.115551477479692112e-02
5.565483137000000170e+03 3.206009981203190140e+00 5.138175541744643103e-03
5.567049852000000101e+03 3.209713785553140131e+00 -1.873145785381475021e-03
5.568628759000000173e+03 3.192842978709310220e+00 -8.298241993067188849e-03
5.570219858000000386e+03 3.159735813020629891e+00 -1.287381313256151516e-02
5.571823149000000740e+03 3.116137588537729819e+00 -1.547747640619674854e-02
5.573438632000000325e+03 3.067340379171660025e+00 -1.636111834562779463e-02
5.575066307000000052e+03 3.017877139134379938e+00 -1.524129102418706437e-02
5.576706173000000490e+03 2.974936012132959995e+00 -1.245019697025470141e-02
5.578358232000000498e+03 2.941343043484339947e+00 -8.766574967328692042e-03
5.580022482000000309e+03 2.919852194050640115e+00 -4.823792073868688433e-03
5.581698924000000261e+03 2.909593692648499985e+00 -1.501634361353791245e-03
5.583387558000000354e+03 2.908019791748710059e+00 8.671275784499500290e-04
5.585088385000000017e+03 2.912146053840180215e+00 1.814950596126004316e-03
5.586801403000000391e+03 2.916422316348939781e+00 1.271964778540820564e-03
5.588526612999999998e+03 2.917243826675199880e+00 -5.067444542023435408e-04
5.590264014000000316e+03 2.910455797208109985e+00 -2.520539554411539273e-03
5.592013608000000204e+03 2.898579237592009861e+00 -3.829835992920623076e-03
5.593775394000000233e+03 2.883374635123240104e+00 -3.990507708534115835e-03
5.595549371000000065e+03 2.870286131820170006e+00 -3.074938645461767085e-03
5.597335541000000376e+03 2.860761177159509838e+00 -1.394907358765375832e-03
5.599133902000000489e+03 2.858371580348329832e+00 4.250986199291355338e-04
5.600944455000000744e+03 2.860603653102559818e+00 1.433394116393037947e-03
5.602767201000000568e+03 2.864815678072540006e+00 1.845978766083614152e-03
5.604602138000000195e+03 2.869810885541300038e+00 2.265527504759807555e-03
5.606449266999999963e+03 2.876868521789030186e+00 3.162106019262042947e-03
5.608308588000000782e+03 2.887932876509260005e+00 4.128536573783068292e-03
5.610180100000000493e+03 2.901608154426079889e+00 4.236795709120617925e-03
5.612063805000000684e+03 2.913566911165789808e+00 3.280198654098051125e-03
5.613959702000000107e+03 2.920892261160190184e+00 2.417636446296023058e-03
5.615867790000000241e+03 2.927061701627479806e+00 2.539233774330847820e-03
5.617788070999999945e+03 2.935312569431789864e+00 3.793305009176738216e-03
5.619720543000000362e+03 2.950281990209040028e+00 5.578861524166187080e-03
5.621665207000000009e+03 2.971156989388440195e+00 6.600070231048462029e-03
5.623622064000000137e+03 2.993532772304199785e+00 5.625055858194264249e-03
5.625591112000000066e+03 3.007779141295619851e+00 2.609602781740203315e-03
5.627572352000000137e+03 3.008913317361999962e+00 -1.289055542796329907e-03
5.629565784000000349e+03 2.995326090853299927e+00 -4.545943079501487197e-03
5.631571407000000363e+03 2.972909617024989792e+00 -6.287475253902175161e-03
5.633589222999999947e+03 2.946474102964120156e+00 -6.891259345573504981e-03
5.635619231000000582e+03 2.919356661094580030e+00 -6.601456759888412081e-03
5.637661430000000109e+03 2.894725540349429860e+00 -5.802878646741337597e-03
5.639715822000000117e+03 2.873194425946569819e+00 -4.724991022551208730e-03
5.641782404999999926e+03 2.856294342970850053e+00 -3.480642725145338245e-03
5.643861180000000786e+03 2.843832685817050177e+00 -2.239783511263034477e-03
5.645952148000000307e+03 2.836085197351410070e+00 -1.595473349617783322e-03
5.648055307000000539e+03 2.828375800834419973e+00 -1.443530168511390982e-03
5.650170658000000003e+03 2.821693691517380032e+00 -1.445520644459245786e-03
5.652298201000000518e+03 2.813885887376549988e+00 -1.620133704254889378e-03
5.654437934999999925e+03 2.805777559491100082e+00 -1.698661765295528953e-03
5.656589862000000721e+03 2.797271397618210198e+00 -1.392731669693171278e-03
5.658753981000000749e+03 2.791448464275140040e+00 -1.152187197734147895e-03
5.660930291000000580e+03 2.784743092312819801e+00 -1.410108338927669762e-03
5.663118793999999980e+03 2.776820766088599957e+00 -2.002952606085675689e-03
5.665319488000000092e+03 2.765343843501599785e+00 -2.617809353672728278e-03
5.667532374000000345e+03 2.752422761570130216e+00 -2.471781499183637286e-03
5.669757453000000169e+03 2.741979062821819912e+00 -1.569483138845335825e-03
5.671994723000000704e+03 2.736186409132100206e+00 -8.218674614220428511e-05
5.674244185000000471e+03 2.737681048543270101e+00 1.505044038333172443e-03
5.676505838000000040e+03 2.744769967761059970e+00 2.538618751156336648e-03
5.678779684000000088e+03 2.754759874223439819e+00 3.041077058403443643e-03
5.681065722000000278e+03 2.766070003637099983e+00 3.288756910660226799e-03
5.683363952000000609e+03 2.778220220802900098e+00 3.535447044821303942e-03
5.685674373000000742e+03 2.791704204444449999e+00 3.564596712795251379e-03
5.687996987000000445e+03 2.804233455871790071e+00 3.484273714376205731e-03
5.690331791999999950e+03 2.817180105340269858e+00 3.381001798908342491e-03
5.692678789000000506e+03 2.828971311954569856e+00 2.797453610339399339e-03
5.695037978000000294e+03 2.837097118079220159e+00 1.748126129294568995e-03
5.697409359000000222e+03 2.840044957374530110e+00 4.161176215388705832e-04
5.699792932000000292e+03 2.836812604319079778e+00 -1.299578749349153276e-03
5.702188697000000502e+03 2.824980160987120126e+00 -3.087781571494976722e-03
5.704596653999999944e+03 2.806188974065809916e+00 -4.389176112306707178e-03
5.707016803000000436e+03 2.782876624208929783e+00 -4.855869003702155406e-03
5.709449143000000731e+03 2.759791233414920164e+00 -4.403003963317240164e-03
5.711893676000000596e+03 2.740226272014420150e+00 -3.271237545058398779e-03
5.714350400000000263e+03 2.726925237479639996e+00 -1.907387726102000329e-03
5.716819317000000410e+03 2.719304447749419928e+00 -9.685879785075719815e-04
5.719300425000000359e+03 2.714275366454200089e+00 -6.541519995539871657e-04
5.721793725000000450e+03 2.709411332087599877e+00 -7.670267157131824840e-04
5.724299217000000681e+03 2.703316820290440070e+00 -1.007975307142239740e-03
5.726816901000000144e+03 2.696217934562089802e+00 -1.076481470198344895e-03
5.729346777000000657e+03 2.689436155998099931e+00 -7.874053640617660046e-04
5.731888845000000401e+03 2.684912735184420196e+00 -2.954115391308643904e-04
5.734443105000000287e+03 2.682595671750520161e+00 -5.026596875280594812e-05
5.737009555999999975e+03 2.680302009689989884e+00 -5.516708271681527206e-05
5.739588200000000143e+03 2.677917542190019873e+00 -2.592351410238091336e-04
5.742179035000000113e+03 2.673700396741319985e+00 -6.972447628048484419e-04
5.744782062000000224e+03 2.667184584621900001e+00 -1.156929076748473579e-03
5.747397282000000814e+03 2.658593742031199803e+00 -1.233907603148424884e-03
5.750024693000000298e+03 2.651279977088659923e+00 -8.191868868118508005e-04
5.752664295999999922e+03 2.646552041013369827e+00 -4.073800161982665162e-04
5.755316091000000597e+03 2.643109842908419882e+00 -1.041732865616117678e-04
5.757980078000000503e+03 2.641249200416690091e+00 2.724933658787544936e-04
5.760656256000000212e+03 2.641407975207870074e+00 7.391522427238868612e-04
5.763344627000000401e+03 2.644051513364630068e+00 1.118965579780686328e-03
5.766045190000000730e+03 2.647911993239670192e+00 1.202550312427570073e-03
5.768757943999999952e+03 2.651400456259819904e+00 1.117974093113438278e-03
5.771482891000000564e+03 2.654465152153929974e+00 8.444508899145919487e-04
5.774220029000000068e+03 2.655290323823840115e+00 6.282457275672437974e-04
5.776969359000000622e+03 2.656234468463659848e+00 4.358606028404654175e-04
5.779730881000000409e+03 2.655156674221040181e+00 2.366866536476813678e-04
5.782504595000000336e+03 2.654113216072940151e+00 -1.295561459974962015e-04
5.785290501000000404e+03 2.649356247688059884e+00 -5.501457465017159506e-04
5.788088599000000613e+03 2.644054469561509801e+00 -8.010670837828941758e-04
5.790898889000000054e+03 2.636717237863209995e+00 -8.718123423806405699e-04
5.793721371000000545e+03 2.630642298598549811e+00 -8.451549735348705362e-04
5.796556043999999929e+03 2.623518807130610142e+00 -9.475101484267590968e-04
5.799402910000000702e+03 2.616338867256220002e+00 -1.163972152100652699e-03
5.802261967000000368e+03 2.606927916080359786e+00 -1.440325233623002132e-03
5.805133217000000514e+03 2.596822944884369821e+00 -1.447345892008451750e-03
5.808016658000000461e+03 2.587256131409970017e+00 -1.300717790582978485e-03
5.810912291000000550e+03 2.578595049105610215e+00 -9.297357625522188534e-04
5.813820116000000780e+03 2.572831680064390003e+00 -5.263979668946456832e-04
5.816740133000000242e+03 2.568346502887540073e+00 -2.901292815166669386e-04
5.819672342000000754e+03 2.565032315952020081e+00 -2.170852857843997793e-04
5.822616743000000497e+03 2.561288289208039970e+00 -2.679110207605123043e-04
5.825573335000000043e+03 2.557404260904629911e+00 -3.395988150945322172e-04
5.828542120000000068e+03 2.552863129540240195e+00 -3.639790305458614193e-04
5.831523096000000805e+03 2.548682992157210059e+00 -3.433065380381982324e-04
5.834516265000000203e+03 2.544328705531730073e+00 -2.652129321950019302e-04
5.837521625000000313e+03 2.540958024690429973e+00 -1.233708813804678024e-04
5.840539177000000564e+03 2.538112062548949943e+00 -3.210057408195607327e-05
5.843568921000000046e+03 2.535710982801920199e+00 -1.796328613926110324e-05
5.846610858000000007e+03 2.532998568440070208e+00 -1.163434867968255268e-04
5.849664985000000343e+03 2.529496045190489983e+00 -2.311396855177689038e-04
5.852731305000000248e+03 2.525492455652460055e+00 -2.987158684072112823e-04
5.855809817000000294e+03 2.521211623931379986e+00 -2.734362593333449485e-04
5.858900521000000481e+03 2.517456241389659954e+00 -1.673510074141209300e-04
5.862003416000000470e+03 2.514327860496460065e+00 2.748121888075268139e-05
5.865118504000000030e+03 2.512728820564360088e+00 2.337052193508814114e-04
5.868245783000000301e+03 2.511902073015439996e+00 2.715614261840133435e-04
5.871385255000000143e+03 2.510721131381319804e+00 2.209830941768598954e-04
5.874536918000000696e+03 2.509313082754769830e+00 9.646093538612579565e-05
5.877700773000000481e+03 2.506704723504269872e+00 -1.211672781421164086e-04
5.880876820000000407e+03 2.502794433108019856e+00 -3.723752879072569932e-04
5.884065059000000474e+03 2.497279527358490014e+00 -5.545751065027889780e-04
5.887265490000000682e+03 2.491235199846559834e+00 -5.435959567366290641e-04
5.890478112000000692e+03 2.485803078176660019e+00 -5.428575520740130207e-04
5.893702927000000273e+03 2.479723681594919960e+00 -4.826252772944537102e-04
5.896939933999999994e+03 2.474949435364460104e+00 -3.021654582400878745e-04
5.900189132000000427e+03 2.470938697114680060e+00 -4.543381446637014681e-04
5.903450523000000430e+03 2.464345806443649867e+00 -3.885405003068685692e-04
5.906724105000000236e+03 2.461070326277220222e+00 -2.509609401308646463e-04
5.910009879000000183e+03 2.456067087987220177e+00 -3.709056897191002336e-04
5.913307845000000270e+03 2.451337567748579804e+00 -3.999711618815403411e-04
5.916618003000000499e+03 2.445952114266389810e+00 -3.694016136319068391e-04
5.919940352999999959e+03 2.441550694938340094e+00 -2.239706231860099153e-04
5.923274895000000470e+03 2.437874118919019839e+00 -1.576569905672790502e-04
5.926621629000000212e+03 2.434241645063030202e+00 -1.029784080641257186e-04
5.929980554000000666e+03 2.431199226000119840e+00 -1.222270030922534571e-04
5.933351672000000690e+03 2.427309000623299795e+00 -2.354313204850959026e-04
5.936734981999999945e+03 2.422863354471469943e+00 -2.805318773458020617e-04
5.940130482999999913e+03 2.418392017508149916e+00 -3.167527953753136315e-04
5.943538176000000021e+03 2.413470173723800016e+00 -3.594639650937439860e-04
5.946958061000000271e+03 2.408439588531510189e+00 -3.513500011321303075e-04
5.950390139000000090e+03 2.403582401982339967e+00 -3.242506430553001380e-04
5.953834408000000622e+03 2.398852481708159790e+00 -2.921295161734166392e-04
5.957290868000000046e+03 2.394360802003680178e+00 -1.607288028949208601e-04
5.960759520999999950e+03 2.391238343766100005e+00 -1.067881969732942509e-04
5.964240365999999995e+03 2.387395470419169996e+00 -1.514314933692097382e-04
5.967733403000000180e+03 2.383687443854590082e+00 -7.229283171694251512e-05
5.971238631000000169e+03 2.380816354449229788e+00 -3.040716704079597877e-05
5.974756052000000636e+03 2.377615553462729903e+00 -2.489120307106112151e-06
5.978285663999999997e+03 2.375077968449979871e+00 3.728966420639594020e-05
5.981827468000000408e+03 2.372364290979219970e+00 -7.074030587523981320e-05
5.985381465000000389e+03 2.368427013325019814e+00 -1.364701696613899713e-04
5.988947653000000173e+03 2.364846979335760047e+00 -1.374174367222969731e-04
5.992526033000000098e+03 2.360871760965089994e+00 -1.814004281141157638e-04
5.996116605000000163e+03 2.356697648573209847e+00 -1.681085667407417495e-04
5.999719369000000370e+03 2.352867036428469838e+00 -1.818162367301323862e-04
6.003334324000000379e+03 2.348487472654590125e+00 -2.596333334570618753e-04
6.006961471999999958e+03 2.343613409710699980e+00 -2.522798635404978991e-04
6.010600811000000249e+03 2.339298994108600205e+00 -2.396063716639378082e-04
6.014252343000000110e+03 2.334560633294980203e+00 -2.753587221834817057e-04
6.017916066000000683e+03 2.329744566933079852e+00 -2.239246554838581296e-04
6.021591981999999916e+03 2.325654747217090090e+00 -1.639559919051457727e-04
6.025280089000000771e+03 2.321605016671299815e+00 -1.865881106906987230e-04
6.028980387999999948e+03 2.317186870810089783e+00 -1.832949275838025168e-04
6.032692879000000175e+03 2.313153191309739842e+00 -1.354926856032538261e-04
6.036417562000000544e+03 2.309347992533239857e+00 -1.670098445419636248e-04
6.040154437000000144e+03 2.304864765803900095e+00 -1.659086629068187507e-04
6.043903503000000455e+03 2.301047339179040030e+00 -1.200224637298007721e-04
6.047664762000000337e+03 2.297158190378540077e+00 -1.404690308730566336e-04
6.051438213000000360e+03 2.293038078158620152e+00 -2.016745767166366529e-04
6.055223855000000185e+03 2.288289152568860008e+00 -2.145634947928845061e-04
6.059021689000000151e+03 2.283964268205520121e+00 -1.650173065218776185e-04
6.062831716000000597e+03 2.279865532472229894e+00 -1.352342198905299379e-04
6.066653933999999936e+03 2.275923337940970015e+00 -1.265730267136583808e-04
6.070488344000000325e+03 2.271918435321139906e+00 -1.609074369564628842e-04
6.074334945999999945e+03 2.267475618701720208e+00 -1.688876086697253505e-04
6.078193740000000616e+03 2.263333072814409874e+00 -1.362715538951199119e-04
6.082064726000000519e+03 2.259317479062080025e+00 -1.184977661602621736e-04
6.085947903000000224e+03 2.255397596093749790e+00 -1.006434995466254248e-04
6.089843273000000409e+03 2.251607354708430098e+00 -7.071483678809542691e-05
6.093750835000000734e+03 2.248084199200009792e+00 -6.031993230711708994e-05
6.097670587999999952e+03 2.244417748776660115e+00 -8.646885486579483778e-05
6.101602533000000221e+03 2.240502156464649897e+00 -8.182762266397287368e-05
6.105546671000000060e+03 2.236878041797540018e+00 -7.158854785983527697e-05
6.109503000000000611e+03 2.233084902742159983e+00 -6.801303792442464212e-05
6.113471521000000394e+03 2.229488965799970135e+00 -5.142180700503489463e-05
6.117452234000000317e+03 2.225910794769850209e+00 -7.137548942912775977e-05
6.121445139000000381e+03 2.222006097048029982e+00 -7.212692284223937340e-05
6.125450236000000587e+03 2.218394210894259810e+00 -7.933359836372440776e-05
6.129467524000000594e+03 2.214362397256460113e+00 -8.501168558725460023e-05
6.133497005000000172e+03 2.210644929692549887e+00 -6.795448508798032996e-05
6.137538678000000800e+03 2.206837760164949813e+00 -9.556387218295197953e-05
6.141592542000000321e+03 2.202694719214179919e+00 -1.057785376979096103e-04
6.145658597999999984e+03 2.198714115963969817e+00 -1.108566043568935878e-04
6.149736847000000125e+03 2.194472139734210181e+00 -1.239255596828590759e-04
6.153827287000000069e+03 2.190274509334329878e+00 -1.080201843386467496e-04
6.157929919000000154e+03 2.186242208639169959e+00 -9.729449929920933916e-05
6.162044743000000381e+03 2.182178937062389856e+00 -1.229840397978714602e-04
6.166171759000000748e+03 2.177741010666430110e+00 -1.305971657339929730e-04
6.170310967000000346e+03 2.173539164569270099e+00 -1.134796490249965090e-04
6.174462366000000657e+03 2.169331528714450119e+00 -1.085145662801604975e-04
6.178625958000000537e+03 2.165179357043640174e+00 -9.786925754122778576e-05
6.182801742000000559e+03 2.161107206054920127e+00 -1.082177522823867048e-04
6.186989717000000383e+03 2.156774992888459863e+00 -1.062190303240533344e-04
6.191189884000000347e+03 2.152708557418559820e+00 -9.970317549292774322e-05
6.195402244000000792e+03 2.148450722478480124e+00 -1.017220184104164065e-04
6.199626795000000129e+03 2.144329460285990141e+00 -8.656909336353052031e-05
6.203863538000000517e+03 2.140278490807910217e+00 -8.484748019409691104e-05
6.208112473000000136e+03 2.136160007822539786e+00 -8.527340417069945318e-05
6.212373600000000806e+03 2.132079030276659903e+00 -7.835919397080878866e-05
6.216646919000000707e+03 2.128043406226740153e+00 -8.165861442742158968e-05
6.220932429000000411e+03 2.123888343460989869e+00 -7.665298513985665087e-05
6.225230132000000594e+03 2.119906819771089967e+00 -6.487677871506632719e-05
6.229540026000000580e+03 2.115911333610680067e+00 -6.249184401335061885e-05
6.233862113000000136e+03 2.111944316100009988e+00 -5.450432115645619094e-05
6.238196391000000403e+03 2.108050954702589852e+00 -5.413236232058244780e-05
6.242542861000000812e+03 2.104067615776440192e+00 -6.935902770298343260e-05
6.246901524000000791e+03 2.099913230357569827e+00 -6.359550387726906843e-05
6.251272378000000572e+03 2.095997776486650199e+00 -5.093229943451470601e-05
6.255655424000000494e+03 2.092020642102519812e+00 -6.626413124421742654e-05
6.260050662000000557e+03 2.087840634381179949e+00 -8.848896162012380429e-05
6.264458091000000422e+03 2.083488240600579910e+00 -7.225053075614832211e-05
6.268877713000000767e+03 2.079542937372119926e+00 -4.967733605788366140e-05
6.273309527000000344e+03 2.075527733657160034e+00 -6.441689350923424009e-05
6.277753532000000632e+03 2.071324712107459831e+00 -7.946066973730294422e-05
6.282209730000000491e+03 2.067045613655960068e+00 -5.968886652743534506e-05
6.286678119000000152e+03 2.063137382072779857e+00 -3.672511914654503172e-05
6.291158699999999953e+03 2.059206294869260212e+00 -4.779111845967970484e-05
6.295651473000000806e+03 2.055097734126510201e+00 -5.805527773685654276e-05
6.300156437999999980e+03 2.050978348387499928e+00 -6.716783151734712673e-05
6.304673595000000205e+03 2.046699312896759881e+00 -7.008342949406102976e-05
6.309202944000000571e+03 2.042509690904609876e+00 -5.786433578304629965e-05
6.313744485000000168e+03 2.038407594494370034e+00 -5.595044987799774051e-05
6.318298218000000816e+03 2.034227056579390069e+00 -5.761668193967441266e-05
6.322864142000000356e+03 2.030075368651639955e+00 -5.409740345224090213e-05
6.327442259000000377e+03 2.025930551556249792e+00 -5.544452777946687192e-05
6.332032567000000199e+03 2.021734479255909989e+00 -6.013096861389237663e-05
6.336635068000000501e+03 2.017489832332509891e+00 -6.115231903902955629e-05
6.341249760000000606e+03 2.013254403953120164e+00 -5.353851744287655237e-05
6.345876643999999942e+03 2.009114141515630170e+00 -4.353335225210048587e-05
6.350515720000000329e+03 2.005023702211440106e+00 -4.191070856961748715e-05
6.355166987999999947e+03 2.000888949938819827e+00 -3.630526649779967051e-05
6.359830448000000615e+03 1.996871027089119899e+00 -4.281219180715436357e-05
6.364506100000000515e+03 1.992605407869270095e+00 -5.501276436395510669e-05
6.369193943000000218e+03 1.988359961016630040e+00 -5.134747208020630125e-05
6.373893979000000400e+03 1.984134194230360082e+00 -4.104882175354521937e-05
6.378606206000000384e+03 1.980041449606269932e+00 -3.102194837364757814e-05
6.383330625999999938e+03 1.975964667912220030e+00 -1.477919478579207144e-05
6.388067237000000205e+03 1.972127781624690046e+00 -1.316112665877951850e-06
6.392816040000000612e+03 1.968260766190480071e+00 -5.618514926480270869e-06
6.397577036000000589e+03 1.964330332943869939e+00 -6.139068208834000596e-06
6.402350223000000369e+03 1.960434379133179972e+00 -3.229488025199142771e-06
6.407135602000000290e+03 1.956534055497459956e+00 -3.149805616260552779e-06
6.411933172000000013e+03 1.952619590355880064e+00 -5.093895384686382809e-06
6.416742935000000216e+03 1.948665718990979956e+00 -5.781420896511881305e-06
6.421564890000000560e+03 1.944719347659499942e+00 2.025492248331039116e-05
6.426399037000000135e+03 1.941198596062869930e+00 1.640242155085218899e-04
6.431245375000000422e+03 1.939741758516549952e+00 2.825282819029560459e-04
