# energy mu dmude
9.458983260000000882e+03 1.404140691481789993e-01 -4.425723336582363724e-06
9.464006559999999808e+03 1.364810648956190087e-01 -9.036627348478393736e-06
9.469035320000000866e+03 1.324390764170249868e-01 -1.129565892295055305e-05
9.474069550000000163e+03 1.284460443715350064e-01 -1.523330989514948386e-05
9.478915329999999813e+03 1.244622705344879954e-01 -3.665564140682968131e-05
9.483960310000000391e+03 1.199818845196430062e-01 -8.065699188135776394e-05
9.489010790000000270e+03 1.148193921135299972e-01 -5.396015869411154741e-05
9.494066769999999451e+03 1.109380402532309934e-01 5.554133044415800083e-05
9.498933499999999185e+03 1.083946555311079973e-01 5.148463224937301763e-05
9.504000299999999697e+03 1.044152604349249946e-01 -1.391363078586260675e-05
9.509072640000000320e+03 1.002388646178769965e-01 -1.230366804115328845e-05
9.513955110000000786e+03 9.644394918271609329e-02 -5.748665675145569359e-05
9.519038319999999658e+03 9.124160314262559635e-02 -1.723385399989697906e-05
9.523931269999999131e+03 8.834442739861710081e-02 2.307810205109241139e-05
9.529025390000000698e+03 8.404275170970350317e-02 3.094165143436079490e-06
9.533928840000000491e+03 8.068665095604919679e-02 -1.992687753206704010e-05
9.539033900000000358e+03 7.585607427390110569e-02 1.211801960197221607e-05
9.543947899999999208e+03 7.321666448067569444e-02 4.287135220801620067e-05
9.549063940000000002e+03 6.907475083630139345e-02 -1.200207432102763070e-07
9.553988509999999224e+03 6.545301295175019740e-02 1.353264288234847290e-05
9.558918270000000120e+03 6.175907621005120168e-02 -8.288116165533570176e-06
9.564050740000000587e+03 5.748696684244129773e-02 2.090229272405053234e-05
9.568991120000000592e+03 5.444888029897149845e-02 2.491170302699319064e-05
9.573936729999999443e+03 5.040192704335329926e-02 6.433220743345657257e-06
9.579085709999999381e+03 4.679293769405840075e-02 4.256571737772128961e-05
9.584041989999999714e+03 4.356276984971640259e-02 4.806400321594093375e-05
9.589003520000000208e+03 4.020383846428660091e-02 3.171719337480725720e-05
9.593970300000000861e+03 3.660004407235750018e-02 2.171158114592683139e-05
9.598942339999999604e+03 3.300908364196839667e-02 3.668096403456748048e-05
9.603919659999999567e+03 2.973412683772300169e-02 7.112928846621052964e-05
9.608902249999999185e+03 2.691100368279330038e-02 7.751169728160715237e-05
9.614089760000000751e+03 2.365399592497800102e-02 9.338274963165103261e-05
9.619083140000000640e+03 2.118945795353240069e-02 1.388090770786403372e-04
9.624081829999999172e+03 1.906399775986230075e-02 1.913227037663236282e-04
9.629085839999999735e+03 1.778125610050559913e-02 2.204538887030036689e-04
9.629486390000000029e+03 1.757819442256799980e-02 1.568120730203224704e-04
9.630087279999999737e+03 1.736196047121860153e-02 1.919111638935970033e-04
9.630487909999999829e+03 1.723827976456869873e-02 1.935416833309484212e-04
9.631088929999999891e+03 1.702569134931790004e-02 2.269570628849258795e-04
9.631489649999999529e+03 1.697760197293859963e-02 2.403826180310219792e-04
9.632090799999999945e+03 1.679536672346810047e-02 2.314326666215579787e-04
9.632491599999999380e+03 1.672700028893070109e-02 3.471366089243426486e-04
9.633092870000000403e+03 1.680666810401279868e-02 4.383811781913716545e-04
9.633493759999999384e+03 1.694488265902580060e-02 4.267615838744201148e-04
9.634095160000000760e+03 1.699826827465069842e-02 3.378146800179679084e-04
9.634496139999999286e+03 1.693507782372500117e-02 3.025636390230840647e-04
9.635097669999999198e+03 1.690862506103920151e-02 2.985366988274368522e-04
9.635498729999999341e+03 1.683630645193839870e-02 3.982883343798275977e-04
9.635899830000000293e+03 1.701036879423020037e-02 4.581508659420266308e-04
9.636501529999999548e+03 1.709911561509759939e-02 4.499714057484278224e-04
9.636902710000000297e+03 1.725466711749260029e-02 4.767472430834606627e-04
9.637504549999999654e+03 1.740412122551419916e-02 5.376330566249703721e-04
9.637905819999999949e+03 1.769767776454909958e-02 5.594866255712728324e-04
9.638507779999999912e+03 1.789671471904100142e-02 4.818258071855581015e-04
9.638909130000000005e+03 1.801428274992429926e-02 5.489265110303902413e-04
9.639511220000000321e+03 1.836547242540469832e-02 5.207782711916090525e-04
9.639912659999999960e+03 1.841926706505590122e-02 5.124965056202566895e-04
9.640514880000000630e+03 1.875173101547560062e-02 5.502382080626789422e-04
9.640916400000000067e+03 1.889113931337740165e-02 6.480946146136896870e-04
9.641518749999999272e+03 1.944559175004549958e-02 8.602229913196823797e-04
9.641920360000000073e+03 2.006618878804449987e-02 8.814854819498987122e-04
9.642522829999999885e+03 2.066901270946009880e-02 8.689151562308692223e-04
9.642924530000000232e+03 2.126120279745359956e-02 9.217117221590401125e-04
9.643527130000000398e+03 2.198396941286310038e-02 1.010259893428870279e-03
9.643928910000000542e+03 2.277718360520900043e-02 1.171286222684414860e-03
9.644531639999999243e+03 2.386556894098770115e-02 1.114841108427803724e-03
9.644933510000000751e+03 2.453084743103349855e-02 1.144480038815840102e-03
9.645536369999999806e+03 2.568673505860490092e-02 1.227580815021328672e-03
9.645938319999999294e+03 2.654079828280190081e-02 1.238010628266674471e-03
9.646541310000000522e+03 2.772062481345419910e-02 1.502277286730969476e-03
9.646943339999999807e+03 2.917486370523649994e-02 1.893841605268085492e-03
9.647546459999999570e+03 3.124418726716469974e-02 1.948826876477757850e-03
9.647948580000000220e+03 3.282361227324460257e-02 2.085375501307406600e-03
9.648551830000000336e+03 3.520354741411869937e-02 2.188067793357842666e-03
9.648954040000000532e+03 3.701659035235300294e-02 2.491318498492326589e-03
9.649557409999999436e+03 4.008593605679269811e-02 2.655308235299915290e-03
9.649959699999999430e+03 4.227194093023709659e-02 2.999504857817883192e-03
9.650563210000000254e+03 4.612411838617330034e-02 3.373796572595835850e-03
9.650965580000000045e+03 4.916115483640250139e-02 3.858433108596484324e-03
9.651569219999999405e+03 5.411566705506200281e-02 4.263355973085309301e-03
9.651971680000000561e+03 5.807377811681829760e-02 5.132373137531381219e-03
9.652575440000000526e+03 6.500480058059560085e-02 5.783552627014005784e-03
9.652977989999999409e+03 7.044427727077010037e-02 6.829867678971290532e-03
9.653581879999999728e+03 7.975589808814799453e-02 7.851478494906345348e-03
9.653984519999999975e+03 8.751973199811340087e-02 1.015202494456423667e-02
9.654588530000000901e+03 1.020652186992629940e-01 1.202557151752959609e-02
9.654991249999999127e+03 1.140919246544710025e-01 1.594640427997252516e-02
9.655595400000000154e+03 1.375596894077550092e-01 1.998308324479141154e-02
9.655998209999999744e+03 1.587724829868180088e-01 2.720009775549772635e-02
9.656401050000000396e+03 1.864433202542999934e-01 3.973342346203439374e-02
9.657005380000000514e+03 2.484011615366560066e-01 5.465785633028571316e-02
9.657408299999999144e+03 3.100400220919020122e-01 8.801173937416188753e-02
9.658012759999999616e+03 4.479211697713350038e-01 1.183426237153406002e-01
9.658415769999999611e+03 5.786115833325700120e-01 1.678327448989355430e-01
9.659020360000000437e+03 8.291824730551099476e-01 1.889480905120911047e-01
9.659423459999999977e+03 1.007976404573990070e+00 1.924309104137427173e-01
9.660028169999999591e+03 1.266528071077889894e+00 1.833328514272545007e-01
9.660431360000000495e+03 1.424644847797500002e+00 1.600257026658022941e-01
9.661036200000000463e+03 1.630173211735260086e+00 1.401922652510157741e-01
9.661439469999999346e+03 1.743148853307509905e+00 1.080827343508353189e-01
9.662044439999999668e+03 1.875580469238850023e+00 8.839156748616042170e-02
9.662447799999999916e+03 1.943722251652800104e+00 6.550539379713965493e-02
9.663052900000000591e+03 2.024039130111969786e+00 5.480257072054638828e-02
9.663456340000000637e+03 2.067806968415970115e+00 4.847717291308925591e-02
9.664061569999999847e+03 2.133725955470210156e+00 5.089982927535786905e-02
9.664465099999999438e+03 2.183024657676400082e+00 5.837343480691667419e-02
9.665070460000000821e+03 2.265992550836600117e+00 6.218783950933235577e-02
9.665474079999999958e+03 2.323997729215410146e+00 6.194591581120228313e-02
9.666079560000000129e+03 2.406430874320310220e+00 5.947756246800877528e-02
9.666483270000000630e+03 2.458820962927469989e+00 5.511971563791580320e-02
9.667088879999999335e+03 2.531334711561119999e+00 5.038771073955410768e-02
9.667492669999999634e+03 2.572943925739370030e+00 4.163041774610391071e-02
9.668098420000000260e+03 2.625500767737470209e+00 3.422961127551484017e-02
9.668502290000000357e+03 2.650237106628479999e+00 2.067366289170570123e-02
9.668906199999999444e+03 2.662603598115529824e+00 2.334382507000156077e-04
9.669512129999999161e+03 2.649989107034909974e+00 -1.885249601348233314e-02
9.669916119999999864e+03 2.618809954071399826e+00 -4.670048189423257889e-02
9.670522179999999935e+03 2.542644912245170197e+00 -6.063543096969309376e-02
9.670926260000000184e+03 2.479655904136039979e+00 -7.060246331341825388e-02
9.671532450000000608e+03 2.380724732071839878e+00 -6.875553590630820167e-02
9.671936610000000655e+03 2.321938564208549938e+00 -5.617458325951332071e-02
9.672542929999999615e+03 2.251707161354239872e+00 -4.580930371996062150e-02
9.672947179999999207e+03 2.216573687251290004e+00 -3.186714775003158390e-02
9.673553630000000339e+03 2.178163105557310075e+00 -2.398808197806506434e-02
9.673957969999999477e+03 2.161015097056319778e+00 -1.418666973689059960e-02
9.674564539999999397e+03 2.144982310235620027e+00 -9.170634954224545290e-03
9.674968969999999899e+03 2.139287949655880094e+00 -4.352829195701819233e-03
9.675575670000000173e+03 2.134257631695660073e+00 -2.447074462730750889e-03
9.675980180000000473e+03 2.132916062364250021e+00 -6.348741105317810005e-04
9.676587020000000848e+03 2.132025352981580024e+00 -9.654264091702380790e-04
9.676991620000000694e+03 2.129928276388279862e+00 -4.217773232349761141e-03
9.677598579999999856e+03 2.121604751696259950e+00 -7.143736036554099514e-03
9.678003269999999247e+03 2.112819564837640218e+00 -1.099068269547464997e-02
9.678407989999999700e+03 2.100881831252369825e+00 -1.428963585252990970e-02
9.679015129999999772e+03 2.079372213734770103e+00 -1.597730630779397101e-02
9.679419939999999769e+03 2.063573251020319965e+00 -1.721766706271328495e-02
9.680027210000000196e+03 2.039222835681540058e+00 -1.636533937251164611e-02
9.680432099999999991e+03 2.025369645765790150e+00 -1.324205032018810346e-02
9.681039510000000519e+03 2.008156697752080166e+00 -1.101129606309467907e-02
9.681444489999999860e+03 1.999402784067749961e+00 -7.473343062353934863e-03
9.682052019999999175e+03 1.990279496720769981e+00 -5.327364271550322390e-03
9.682457089999999880e+03 1.986433157260419913e+00 -2.607217079863952472e-03
9.683064749999999549e+03 1.983531640588179989e+00 -1.033267510195632309e-03
9.683469909999999800e+03 1.983286067052369983e+00 1.144409207412825291e-03
9.684077699999999822e+03 1.985367544125939965e+00 2.542080425388428423e-03
9.684482939999999871e+03 1.988320800472060057e+00 4.590953826581522026e-03
9.685090860000000248e+03 1.995092539714180102e+00 5.917409878186560140e-03
9.685496189999999842e+03 2.001083022360639951e+00 7.598908294549321270e-03
9.685901550000000498e+03 2.008383058586639791e+00 9.225036369112961376e-03
9.686509659999999712e+03 2.021421076812579987e+00 1.016647159369491252e-02
9.686915100000000166e+03 2.030878375918450107e+00 1.136058496629898697e-02
9.687523339999999735e+03 2.046653859039639922e+00 1.209748871569317138e-02
9.687928869999999733e+03 2.057801094876499981e+00 1.317016543274315311e-02
9.688537239999999656e+03 2.076037047103699962e+00 1.390482059376388531e-02
9.688942859999999200e+03 2.088869802895859884e+00 1.451660238909163042e-02
9.689551359999999477e+03 2.108511357494879945e+00 1.479745410477201553e-02
9.689957060000000638e+03 2.121990169526970060e+00 1.521899221647134669e-02
9.690565689999999449e+03 2.142601931942989868e+00 1.512448991990919707e-02
9.690971480000000156e+03 2.155867195789760160e+00 1.435570670935570024e-02
9.691580239999999321e+03 2.174721236440619876e+00 1.380615687073366571e-02
9.691986119999999573e+03 2.186729660982860146e+00 1.329112398820231009e-02
9.692595009999999093e+03 2.204406936442739884e+00 1.257609859033243481e-02
9.693000980000000709e+03 2.214778643628179999e+00 1.102667604079610175e-02
9.693406979999999749e+03 2.224006193148980071e+00 9.198063606636584094e-03
9.694016050000000178e+03 2.235086952786249803e+00 7.873457857500249998e-03
9.694422140000000581e+03 2.241278460358059998e+00 6.195454585731627675e-03
9.695031339999999545e+03 2.248512616811960019e+00 4.881310964533817215e-03
9.695437519999999495e+03 2.251690812568989841e+00 2.921379209539371954e-03
9.696046850000000632e+03 2.254429857145979987e+00 1.795915996323318910e-03
9.696453110000000379e+03 2.255026295428760097e+00 3.039720623233933632e-04
9.697062570000000051e+03 2.254342264561420173e+00 -5.073020077601356898e-04
9.697468919999999343e+03 2.253076932880819783e+00 -1.661108252974006876e-03
9.698078509999999369e+03 2.249744487335399779e+00 -2.486502329182212982e-03
9.698484950000000026e+03 2.246584172446159933e+00 -5.068273827640717120e-03
9.700314350000000559e+03 2.222415993806980072e+00 -6.524924015631220799e-03
9.701534340000000157e+03 2.199276837996380074e+00 -8.109706149623883975e-03
9.702754639999999199e+03 2.175821201414870121e+00 -6.900985539747294707e-03
9.704178729999999632e+03 2.156005939349979972e+00 -4.940716816913866792e-03
9.705399709999999686e+03 2.144252951609940006e+00 -3.136043074872436193e-03
9.706824590000000171e+03 2.135215484912800221e+00 -1.533904008062272201e-03
9.708046259999999165e+03 2.133036169526250081e+00 8.129861339791716410e-04
9.709471929999999702e+03 2.138031459721350114e+00 2.927987518764819247e-03
9.710898030000000290e+03 2.149695624618499945e+00 4.195802735153474766e-03
9.712324559999999110e+03 2.162866380445850112e+00 3.955233907765534455e-03
9.713751519999999800e+03 2.172987218040809854e+00 2.437526016459097295e-03
9.715178900000000795e+03 2.176378172553619983e+00 4.056957675064822217e-04
9.716606719999999768e+03 2.173397143879970184e+00 -1.090960574080203057e-03
9.718239030000000639e+03 2.166470719533859945e+00 -1.305040548584751343e-03
9.719667760000000271e+03 2.162006310214210192e+00 -7.697586844652689123e-04
9.721096929999999702e+03 2.159291816147599796e+00 -2.623192701834791123e-04
9.722730779999999868e+03 2.157823538191419921e+00 2.864171095211448309e-04
9.724365200000000186e+03 2.158880353616380088e+00 1.068140872202288016e-03
9.725795770000000630e+03 2.162850524221529902e+00 1.996727821836602901e-03
9.727431239999999889e+03 2.170341039365089930e+00 2.764216678275988655e-03
9.729067269999999553e+03 2.180751559410770035e+00 3.569345612924576788e-03
9.730703859999999622e+03 2.194200781663730115e+00 4.028145033998109352e-03
9.732341019999999844e+03 2.208012764002110107e+00 3.646693978922252184e-03
9.734183489999999438e+03 2.220177809702470029e+00 2.635183413664928410e-03
9.735821840000000520e+03 2.226044483039459898e+00 1.184417050197156653e-03
9.737460759999999937e+03 2.226413851689009960e+00 -5.531589700160802550e-04
9.739305210000000443e+03 2.218998948060260101e+00 -2.288827884101522683e-03
9.740945320000000720e+03 2.205702504147870169e+00 -4.034242432797927221e-03
9.742791129999999612e+03 2.184534029830170088e+00 -5.149140993291336302e-03
9.744637640000000829e+03 2.159897019660649953e+00 -5.483215606010772430e-03
9.746484879999999976e+03 2.135923047121860208e+00 -4.585305365172171604e-03
9.748332819999999629e+03 2.118762925557729826e+00 -3.186197554010604741e-03
9.750181490000000849e+03 2.106457233508889804e+00 -2.373046191846314625e-03
9.752030870000000505e+03 2.096079051101249924e+00 -2.055697904311180619e-03
9.753880960000000414e+03 2.086416931374449835e+00 -1.996001679093545571e-03
9.755731780000000072e+03 2.076530062118409958e+00 -1.968334180259035532e-03
9.757789080000000467e+03 2.066017691998260020e+00 -1.527045731676980383e-03
9.759641410000000178e+03 2.060020586584660141e+00 -2.787622635242367189e-04
9.761700389999999970e+03 2.060531225691660140e+00 1.204568695051650394e-03
9.763554239999999481e+03 2.067644115849499808e+00 2.538445212524668287e-03
9.765614910000000236e+03 2.079954142967180175e+00 3.069370104770101967e-03
9.767676470000000336e+03 2.093041993376330012e+00 3.094865640432503499e-03
9.769738929999999527e+03 2.105600584817690191e+00 3.010008577701628503e-03
9.771802270000000135e+03 2.117908570591790163e+00 3.041627427268116593e-03
9.773866500000000087e+03 2.130772668790779978e+00 3.161674132842770372e-03
9.775931619999999384e+03 2.144211401753190138e+00 3.034104806395991356e-03
9.777997629999999845e+03 2.155896256225700025e+00 2.233888557267473332e-03
9.780271280000000843e+03 2.162757912993610088e+00 9.660633019592857786e-04
9.782339159999999538e+03 2.162015743719349903e+00 -4.303081306134066606e-04
9.784614869999999428e+03 2.155177990290420009e+00 -1.182061455559748871e-03
9.786684639999999490e+03 2.147052507839669833e+00 -1.398642275777869579e-03
9.788962410000000091e+03 2.138080464009390003e+00 -1.188262164638922329e-03
9.791241270000000441e+03 2.131298366914140097e+00 -8.678766828464943650e-04
9.793521210000000792e+03 2.125618467625860042e+00 -7.676214707403515537e-04
9.795802229999999327e+03 2.119863482651699993e+00 -9.271513478630505128e-04
9.798084339999999429e+03 2.112533585637580202e+00 -1.255355916207439009e-03
9.800367539999999281e+03 2.103387346723109896e+00 -1.583232688272988038e-03
9.802651819999999134e+03 2.092666388898659857e+00 -1.752097259249625009e-03
9.804937190000000555e+03 2.081767437299999912e+00 -1.850226970325447116e-03
9.807431560000000900e+03 2.068992885511010016e+00 -2.050299625473271051e-03
9.809719209999999293e+03 2.055921200989660136e+00 -2.270609047915645665e-03
9.812216070000000400e+03 2.040751888003029979e+00 -2.489456498707966117e-03
9.814505999999999403e+03 2.025300117585839832e+00 -2.198770571451356785e-03
9.817005349999999453e+03 2.013260004366809852e+00 -1.324187698506396060e-03
9.819505999999999403e+03 2.006477686982799824e+00 -7.663275821499307698e-05
9.822007949999999255e+03 2.008527152245739966e+00 1.306420837121106786e-03
9.824511200000000827e+03 2.017381216468959959e+00 2.087777700450720291e-03
9.827015750000000480e+03 2.028276106955200220e+00 2.102496650259555542e-03
9.829521609999999782e+03 2.037307071449979912e+00 1.610799403081261075e-03
9.832028780000000552e+03 2.042643830279629924e+00 9.280634501087919484e-04
9.834746349999999438e+03 2.044222934782089940e+00 3.597949677942414797e-04
9.837256230000000869e+03 2.042852275395690143e+00 1.160790997452593825e-05
9.839976749999999811e+03 2.040317238251009968e+00 -2.080031570817491183e-04
9.842489369999999326e+03 2.036348197959830131e+00 8.508999741899430562e-05
9.845212840000000142e+03 2.037276518844799877e+00 6.698849394533964085e-04
9.847937860000000001e+03 2.040382332700839907e+00 7.284527284706271205e-04
9.850454630000000179e+03 2.041851167813129919e+00 4.133290037872728358e-04
9.853182609999999841e+03 2.041225773785449782e+00 3.508896252676651801e-04
9.855912130000000616e+03 2.041958989695439985e+00 2.976011463602107744e-04
9.858643200000000434e+03 2.040676275904730108e+00 -6.798047218877133893e-06
9.861586079999999129e+03 2.037486148430169841e+00 -2.295211402873211751e-04
9.864320359999999710e+03 2.033344362821599915e+00 -4.184492044947311982e-04
9.867056189999999333e+03 2.028086905348069902e+00 -8.695281750140382553e-04
9.870004199999999400e+03 2.017785735931020064e+00 -1.502179794655692999e-03
9.872743249999999534e+03 2.004391223352679940e+00 -1.836153976559222901e-03
9.875694729999999254e+03 1.989782112906210099e+00 -1.922820273634810772e-03
9.878436999999999898e+03 1.975256965178479929e+00 -1.978709363788411658e-03
9.881391960000000836e+03 1.959910706797689972e+00 -1.706754077946464601e-03
9.884348719999999958e+03 1.947893037488700019e+00 -1.178886976927499917e-03
9.887307290000000648e+03 1.939584268225629904e+00 -7.750701042508160868e-04
9.890267669999999271e+03 1.932953904900480024e+00 -2.975414687483627870e-04
9.893229859999999462e+03 1.931025305876580056e+00 1.247681680498598982e-04
9.896193859999999404e+03 1.930043644590399898e+00 3.622745829438173983e-04
9.899159680000000662e+03 1.931294975797680058e+00 6.336090235888065109e-04
9.902339350000000195e+03 1.934090208809500000e+00 6.802511473735099777e-04
9.905308919999999489e+03 1.935991962819940015e+00 4.620885105491822882e-04
9.908280319999999847e+03 1.935700039764330027e+00 1.980141198946409192e-04
9.911465969999999288e+03 1.933987157712389937e+00 5.737460100173347725e-05
9.914653720000000249e+03 1.931599799606170009e+00 -1.114569427953501223e-05
9.917630839999999807e+03 1.929066767317769937e+00 -2.187825037698885909e-05
9.920822640000000320e+03 1.926526602657459897e+00 1.980428767243819685e-05
9.924016540000000532e+03 1.924416616403630043e+00 3.670088730425070153e-05
9.927212530000000697e+03 1.922117314584500081e+00 -1.047968892458973469e-05
9.930410630000000310e+03 1.919322898371720099e+00 -6.009942810543490640e-05
9.933610829999999623e+03 1.916303004884200023e+00 -1.063016501342411448e-04
9.936813140000000203e+03 1.912836484785219948e+00 -1.629484611641459052e-04
9.940231260000000475e+03 1.908748576783900086e+00 -2.295267807339772216e-04
9.943437920000000304e+03 1.904280659266339937e+00 -3.176946187467400264e-04
9.946646699999999328e+03 1.899185258791729947e+00 -4.145061779351177358e-04
9.950071729999999661e+03 1.892940933570109951e+00 -5.126210132419480080e-04
9.953284869999999501e+03 1.886366692286880031e+00 -6.383421810281278939e-04
9.956714570000000094e+03 1.878226633999170003e+00 -8.016756924462179433e-04
9.960146679999999833e+03 1.868635393241830034e+00 -9.060579517418738309e-04
9.963581200000000536e+03 1.858863627705539923e+00 -9.047410685349622410e-04
9.967018140000000130e+03 1.849279209775960053e+00 -8.022652515442687355e-04
9.970457500000000437e+03 1.841085727152870000e+00 -5.613714839662184083e-04
9.973899289999999382e+03 1.835233588120880110e+00 -3.319727119475244658e-04
9.977343500000000859e+03 1.830598841679399902e+00 -2.677139521095261380e-04
9.980790139999999155e+03 1.825739660200299985e+00 -2.838051677012037107e-04
9.984239209999999730e+03 1.820847542304429911e+00 -2.255901387816521724e-04
9.987906510000000708e+03 1.816612241021819951e+00 -1.586776811839494422e-04
9.991360599999999977e+03 1.812790189078639980e+00 -1.097239498212300831e-04
9.995033240000000660e+03 1.809337016569170009e+00 -5.457331039631668930e-05
9.998492369999999937e+03 1.806398390356120043e+00 -3.945802884716792085e-05
1.000217036000000007e+04 1.803184138569680073e+00 -6.945454326651680417e-05
1.000585111999999936e+04 1.799555769584209930e+00 -1.004284838748902779e-04
1.000931789000000026e+04 1.796037777469940089e+00 -9.806858372326760843e-05
1.001300402000000031e+04 1.792442174025550061e+00 -4.109669913572305003e-05
1.001669291999999950e+04 1.789652496047839936e+00 -3.263167624485342240e-05
1.002038458999999966e+04 1.786193240004589899e+00 -8.745144872482961905e-05
1.002407904000000053e+04 1.782484122888660094e+00 -1.073826032327988595e-04
1.002799385000000075e+04 1.778465680165109974e+00 -1.351486796617349067e-04
1.003169403000000057e+04 1.774273073948779977e+00 -1.879600252511108907e-04
1.003539698999999928e+04 1.769599806179090073e+00 -2.408088038000157126e-04
1.003932082000000082e+04 1.764228774745790096e+00 -3.203053959206884904e-04
1.004302952999999980e+04 1.758177173393639992e+00 -4.184947786991125105e-04
1.004695946000000004e+04 1.751102578704869961e+00 -4.985517593665605898e-04
1.005067393000000084e+04 1.743658510638490089e+00 -5.373624175509166901e-04
1.005460995999999977e+04 1.735901543001880043e+00 -5.181787971571615676e-04
1.005854912999999942e+04 1.728352310954140103e+00 -4.431372483065563832e-04
1.006249145999999928e+04 1.721919247385480078e+00 -3.276261712874197103e-04
1.006643692999999985e+04 1.716417209720120018e+00 -2.502876402935897662e-04
1.007038557000000037e+04 1.711353849162420060e+00 -1.804499490277111868e-04
1.007433735999999953e+04 1.707089831202809993e+00 -2.482995229741667958e-04
1.007829233000000022e+04 1.700807033087279985e+00 -2.610626409276514486e-04
1.008225045999999929e+04 1.696306393976910076e+00 -2.052431376846860535e-04
1.008621176000000014e+04 1.691013644405050087e+00 -2.439326221246185939e-04
1.009039658000000054e+04 1.685520661176880042e+00 -2.326978883206730678e-04
1.009436441000000013e+04 1.680426187214649980e+00 -2.160538331280083268e-04
1.009855614000000060e+04 1.675231040657410020e+00 -1.701122151528956219e-04
1.010253052000000025e+04 1.670975857423339983e+00 -1.538855443458280511e-04
1.010672917000000052e+04 1.666072312849429915e+00 -1.649403555241688100e-04
1.011093137999999999e+04 1.661352015841170093e+00 -1.299501806278239918e-04
1.011491570999999931e+04 1.657341120229880005e+00 -1.052713211405411367e-04
1.011912485999999990e+04 1.653070233616380058e+00 -1.296191378645434916e-04
1.012333758999999918e+04 1.648365228881460087e+00 -1.422398348448485571e-04
1.012755390000000079e+04 1.643846382595500089e+00 -1.412745626364365621e-04
1.013177378999999928e+04 1.639151939449869921e+00 -1.672935401750697394e-04
1.013599726999999984e+04 1.634128955964339935e+00 -1.918226863169891826e-04
1.014044692000000032e+04 1.628689462699270063e+00 -2.175580905546931586e-04
1.014467777000000024e+04 1.623152904332459956e+00 -2.346697082033898248e-04
1.014891222999999991e+04 1.617658259098520013e+00 -2.517998988093308153e-04
1.015337344999999914e+04 1.611484984781859975e+00 -2.802859042900009167e-04
1.015761532000000079e+04 1.605420317931439911e+00 -2.764434970128162882e-04
1.016208434999999918e+04 1.599311676953730110e+00 -2.641504016149636130e-04
1.016633364000000074e+04 1.593478764995789998e+00 -2.400455613607823584e-04
1.017081049999999959e+04 1.587834593327980048e+00 -2.124997079916599268e-04
1.017529138000000057e+04 1.582254523107859967e+00 -2.378445423476451145e-04
1.017977628000000004e+04 1.576086917573289892e+00 -2.567296390492025270e-04
1.018404068000000007e+04 1.570417214953200080e+00 -2.523836331526079380e-04
1.018853346000000056e+04 1.564324928476980014e+00 -2.358197196413797851e-04
1.019303028000000086e+04 1.558679450087699925e+00 -2.671780817497629063e-04
1.019775628999999935e+04 1.551629260272249899e+00 -2.212628337732370945e-04
1.020226142000000073e+04 1.546929881614550029e+00 -1.671677799156560582e-04
1.020677059999999983e+04 1.541257303095920017e+00 -1.756096173635151734e-04
1.021128384999999980e+04 1.536376511690219937e+00 -1.279239917874319676e-04
1.021602714999999989e+04 1.531427283872540013e+00 -1.210055143692519012e-04
1.022054874999999993e+04 1.526682434107309971e+00 -1.145720580716377493e-04
1.022507443000000058e+04 1.522092401267439943e+00 -1.313312538842828395e-04
1.022983079999999973e+04 1.516753886511799987e+00 -1.517833320592492448e-04
1.023459167999999954e+04 1.511472534877960072e+00 -1.429592259790325086e-04
1.023913005999999950e+04 1.506562645403030087e+00 -2.251034539365600966e-04
1.024389976999999999e+04 1.499544261185409955e+00 -1.528135692511094549e-04
1.024867401000000064e+04 1.495890772580720007e+00 -5.174536422319142906e-05
1.025345278999999937e+04 1.491043465941660040e+00 -1.393327584712731877e-04
1.025823610999999983e+04 1.485489819542959999e+00 -1.809026816984930753e-04
1.026302398999999969e+04 1.479733759372229951e+00 -1.785870542952083470e-04
1.026781643000000076e+04 1.474219454318069999e+00 -1.767320400631716942e-04
1.027261341999999968e+04 1.468492863939129922e+00 -1.812923647179082436e-04
1.027741498999999931e+04 1.462868967998939951e+00 -1.948357017031794494e-04
1.028222113999999965e+04 1.456837584444270028e+00 -1.880963472906292341e-04
1.028726107000000047e+04 1.451074438495240093e+00 -1.629848970967539212e-04
1.029207660000000033e+04 1.445590923012560092e+00 -1.707500399749190218e-04
1.029689674000000014e+04 1.439909558168060100e+00 -1.731520003324639131e-04
1.030195133999999962e+04 1.434095447482250041e+00 -1.671937677822014196e-04
1.030678090999999949e+04 1.428536150886029921e+00 -1.336950246734136213e-04
1.031184540999999990e+04 1.423459417172719954e+00 -1.309251460391917235e-04
1.031691498999999931e+04 1.417705526720949960e+00 -1.622945039984542194e-04
1.032175886999999966e+04 1.412162030439080063e+00 -1.647368014840929775e-04
1.032683839000000080e+04 1.406342059951910084e+00 -1.613225140525193402e-04
1.033192300000000068e+04 1.400601299049279991e+00 -1.526304417296316942e-04
1.033701272000000063e+04 1.394969516817530009e+00 -1.290855465285705025e-04
1.034210755000000063e+04 1.389759062135490053e+00 -1.246185430965679941e-04
1.034720750000000044e+04 1.384219271015519892e+00 -1.132323232072750334e-04
1.035231257000000005e+04 1.379260523389709947e+00 -9.601254041172642428e-05
1.035742279000000053e+04 1.374107561974049929e+00 -1.089499177339072909e-04
1.036277078000000074e+04 1.368602691086050038e+00 -1.146759130126908234e-04
1.036789151999999922e+04 1.363303586902679942e+00 -1.276293167482993362e-04
1.037301742999999988e+04 1.357728053726960038e+00 -1.351941676733685641e-04
1.037838184999999976e+04 1.351991054358109956e+00 -1.419673624812684757e-04
1.038351831999999922e+04 1.346243452785780059e+00 -1.234633699147439983e-04
1.038889381999999932e+04 1.340933769487629990e+00 -1.677875002047482251e-04
1.039404089999999997e+04 1.334121332726369902e+00 -7.896471682040805574e-05
1.039942750999999953e+04 1.330912578306070015e+00 -1.788404442771689704e-05
1.040481979999999930e+04 1.325354243343229932e+00 -1.290168445218136458e-04
1.040998298000000068e+04 1.319677106810849931e+00 -1.362235245561709473e-04
1.041538644000000022e+04 1.313934847467419953e+00 -1.297897589962824366e-04
1.042079560999999921e+04 1.308149028413049919e+00 -1.276587157076154635e-04
1.042621051000000080e+04 1.302446682819899948e+00 -1.043502696359673644e-04
1.043163113999999950e+04 1.297219268915440038e+00 -1.221084487254293764e-04
1.043705752000000030e+04 1.291070179847310095e+00 -1.211932341809872680e-04
1.044248964999999953e+04 1.285853155656530022e+00 -8.529867663651834935e-05
1.044792754000000059e+04 1.280573479480060062e+00 -8.908508121996928605e-05
1.045337120999999934e+04 1.275252230347009963e+00 -9.322839362459672602e-05
1.045905772000000070e+04 1.269626163749739911e+00 -1.126721496122193907e-04
1.046451320999999916e+04 1.263803862353259921e+00 -1.182808140728882685e-04
1.046997450000000026e+04 1.258270884364349973e+00 -1.048722423333021015e-04
1.047567943000000014e+04 1.252527369720179973e+00 -1.068163199936950769e-04
1.048115259999999944e+04 1.246933300713549908e+00 -1.029500859634547200e-04
1.048686994000000050e+04 1.241274941218259986e+00 -9.399950494036708531e-05
1.049235503000000062e+04 1.235895406801249985e+00 -8.093419958514210899e-05
1.049808483999999953e+04 1.230555784167769895e+00 -8.160747517638033282e-05
1.050382101999999941e+04 1.224918818838709900e+00 -9.480585663050616506e-05
1.050932417999999961e+04 1.219461048054629959e+00 -9.146742053239354572e-05
1.051507287999999971e+04 1.213896585465179978e+00 -8.107484501759474607e-05
1.052082798999999977e+04 1.208462096766480087e+00 -9.537425252049294504e-05
1.052658950999999979e+04 1.202513338553500066e+00 -8.525821693570341238e-05
1.053235747000000083e+04 1.197329638717659961e+00 -7.693122801359198826e-05
1.053813185999999951e+04 1.191585586949510001e+00 -8.613680210709077922e-05
1.054391271000000052e+04 1.186149372289730053e+00 -6.844482992055295916e-05
1.054970002000000022e+04 1.180855184476679920e+00 -6.439490293983330218e-05
1.055549379000000044e+04 1.175512945091800043e+00 -7.272356966518655206e-05
1.056153587999999945e+04 1.169762059735629967e+00 -9.578448754881522024e-05
1.056734289999999964e+04 1.163790087367069903e+00 -1.268986350191457643e-04
1.057315644000000066e+04 1.157448491675999946e+00 -1.887672289087781398e-05
1.057921912999999950e+04 1.154103843704139987e+00 -6.166580671846470774e-06
1.058504598000000078e+04 1.148092789302600059e+00 -1.030045325142227590e-04
1.059087936000000082e+04 1.142377661942969969e+00 -8.395237103098837520e-05
1.059696277000000009e+04 1.136621514085750073e+00 -8.586897898427140103e-05
1.060305329999999958e+04 1.130606138511359937e+00 -7.618942498738955754e-05
1.060890691999999945e+04 1.125333373719360042e+00 -6.317122212459554066e-05
1.061501143000000047e+04 1.119656474686540060e+00 -6.034736482283915783e-05
1.062112310000000070e+04 1.114225355213460000e+00 -4.703917416788121599e-05
1.062699704999999994e+04 1.109118450754059904e+00 -6.183955891936042154e-05
1.063312278999999944e+04 1.103273736384879911e+00 -8.813901535061531448e-05
1.063925570999999945e+04 1.097202141194810077e+00 -6.368054670797558938e-05
1.064539585000000079e+04 1.092021579732270098e+00 -5.312559287263914949e-05
1.065154320000000007e+04 1.086229752183339947e+00 -6.280929828597300348e-05
1.065769778000000042e+04 1.080767168158569991e+00 -6.220466166876143725e-05
1.066385959999999977e+04 1.074978926473530105e+00 -4.722128198424884512e-05
1.067002867999999944e+04 1.069920493332610079e+00 -3.218465246098196642e-05
1.067620502999999917e+04 1.064538843941430057e+00 -4.963324275750735095e-05
1.068263616000000002e+04 1.058761831653189933e+00 -5.805133088078592244e-05
1.068882738000000063e+04 1.053126973235720021e+00 -5.162535343380028727e-05
1.069502591000000029e+04 1.047740119354479971e+00 -4.072069426490830898e-05
1.070123175000000083e+04 1.042397839461630005e+00 -6.544966125850722302e-05
1.070769361000000026e+04 1.036075521003029909e+00 -7.257362319045369337e-05
1.071391443000000072e+04 1.030515331451459904e+00 -7.161392195136882550e-05
1.072039190000000053e+04 1.024205919072550097e+00 -3.787356281845722565e-05
1.072662774999999965e+04 1.019600745154809918e+00 -1.507207791511657599e-05
1.073312086000000090e+04 1.013933598037060069e+00 -4.728196961887803045e-05
1.073937180000000080e+04 1.008388902440980006e+00 -4.355962911929733475e-05
1.074588062999999966e+04 1.002815226154720074e+00 -3.842030045947584328e-05
1.075239748999999938e+04 9.971900527517989499e-01 -4.157859197697014327e-05
1.075892240999999922e+04 9.915094894650490209e-01 -3.979809545236777851e-05
1.076520397000000048e+04 9.861398071270329746e-01 -3.405515690442991752e-05
1.077174471000000085e+04 9.806119515455610225e-01 -2.881660680526101697e-05
1.077829354000000058e+04 9.751700296582399563e-01 -2.571371364213332903e-05
1.078485047999999915e+04 9.697204675414039521e-01 -3.246779886455020077e-05
1.079141554999999971e+04 9.640648278366660273e-01 -3.031046140087799741e-05
1.079798875000000044e+04 9.586655373174609585e-01 -1.954951074555098402e-05
1.080457010000000082e+04 9.533159934723169915e-01 -1.860176397795145815e-05
1.081115961000000061e+04 9.479315758354499577e-01 -3.662708533037420253e-05
1.081775731000000087e+04 9.420316999498959953e-01 -4.371490493538364864e-05
1.082461744999999974e+04 9.362002117713229543e-01 -2.548901318612245090e-05
1.083123186999999962e+04 9.308405749813359886e-01 -1.963912451164434835e-05
1.083785453000000052e+04 9.253812607122250400e-01 -2.568174037220950049e-05
1.084448542000000089e+04 9.198272364879559460e-01 -2.664796622715231522e-05
1.085138009000000056e+04 9.141123651360130165e-01 -1.547193053500930504e-05
1.085802784000000065e+04 9.088862168091530469e-01 -1.703710122353494514e-05
1.086494004999999925e+04 9.031092274538390363e-01 -2.560829993894947701e-05
1.087160470999999961e+04 8.976064607896949710e-01 -1.729075139327534402e-05
1.087853450999999950e+04 8.920703049123860362e-01 -1.613666426779525561e-05
1.088521615000000020e+04 8.865892386431919459e-01 -2.465610599776330011e-05
1.089216361999999936e+04 8.807764657275549691e-01 -1.861088304374739009e-05
1.089886231000000043e+04 8.754676369769389677e-01 -1.436208050361790566e-05
1.090582750999999917e+04 8.697715691909470026e-01 -1.726349841312049555e-05
1.091280177000000003e+04 8.641494270571740133e-01 -2.718404008155078584e-05
1.091978511000000071e+04 8.581258134731220011e-01 -2.825703502302839628e-05
1.092651841000000059e+04 8.526714704844029491e-01 -9.672548338168961837e-06
1.093351961999999912e+04 8.472095475732760450e-01 -1.436007972504344261e-05
1.094052995999999985e+04 8.413866319286330553e-01 -2.075702292939757198e-05
1.094754944000000069e+04 8.357072407728549646e-01 -1.058733656881413835e-05
1.095457810000000063e+04 8.301920586992640461e-01 -2.659281594879573112e-05
1.096161592999999993e+04 8.239894189360770227e-01 -8.997128002405501297e-06
1.096866296999999940e+04 8.190188164148100025e-01 -3.374396767411077437e-06
1.097571923000000061e+04 8.129807046024549733e-01 -1.643711965993619416e-05
1.098278471999999965e+04 8.075789593042850267e-01 6.991434978655850123e-06
1.098985946999999942e+04 8.022742907312310212e-01 2.321936478656432886e-06
1.099694348999999966e+04 7.967091533485030075e-01 -3.728022632605240688e-06
1.100429969999999958e+04 7.909910403374249555e-01 -6.729080446011378284e-06
1.101140265999999974e+04 7.853130730476749477e-01 -4.557048889370738221e-06
1.101851496000000043e+04 7.798569524944499731e-01 1.953544940126675453e-06
1.102563659999999982e+04 7.743737122594059885e-01 -1.068712174470901128e-06
1.103303189999999995e+04 7.686009771523050205e-01 -6.787064138072433947e-06
1.104017264000000068e+04 7.629151422858669873e-01 1.325854591610196191e-06
1.104758777999999984e+04 7.573935515309530020e-01 1.052912583690208822e-05
1.105474769999999990e+04 7.519959865869939586e-01 5.323554858796488467e-06
1.106218275999999969e+04 7.462878334109009915e-01 -6.018762554841203651e-07
1.106936191999999937e+04 7.406799963033500189e-01 5.318571697384795554e-06
1.107681698999999935e+04 7.351520841484010527e-01 1.642756007306675166e-05
1.108401548000000003e+04 7.298972958114959830e-01 9.168065720854481435e-06
1.109149063000000024e+04 7.241139565724630245e-01 2.096723939409600541e-05
1.109897603999999956e+04 7.190421243452850275e-01 2.855979563984211897e-05
1.110620384000000013e+04 7.136906298569469786e-01 3.980831266449399880e-06
1.111370946000000004e+04 7.077863709895180211e-01 -2.011709414669587801e-06
1.112122538999999961e+04 7.020113944844930121e-01 1.501944028160646801e-06
1.112875165999999990e+04 6.962104830421279589e-01 -7.457788500442611333e-06
1.113628828000000067e+04 6.901146913053820553e-01 1.596714910542349839e-05
1.114356558000000041e+04 6.852943744958529537e-01 2.930365285899163693e-05
1.115112262000000010e+04 6.796304809066689989e-01 1.269842380605638995e-05
1.115869008000000031e+04 6.740377179438630240e-01 8.386586105955915840e-06
1.116626799000000028e+04 6.682107594502579850e-01 3.385896070443333646e-06
1.117385636999999952e+04 6.624308847591819926e-01 1.124358856305571479e-05
1.118145522999999957e+04 6.568574919690539637e-01 1.679143440682775908e-05
1.118906459999999970e+04 6.512525368002589632e-01 2.428414044532437995e-05
1.119668450999999914e+04 6.459214595486609811e-01 2.559371813820276084e-05
1.120431495999999970e+04 6.403464855764590125e-01 1.985353706164733585e-05
1.121222907999999916e+04 6.346034282838369789e-01 2.332614192039186770e-05
1.121988109000000077e+04 6.291348745659589570e-01 1.688140186957567214e-05
1.122754371999999967e+04 6.233499795772440288e-01 6.830171807441519482e-06
1.123521697999999924e+04 6.175175760831980165e-01 9.817964329215614298e-06
1.124317554000000018e+04 6.116140196859159994e-01 3.080929760083094750e-06
1.125087053999999989e+04 6.055270481459690268e-01 3.142455636600937084e-05
1.125857624000000033e+04 6.008033241646849598e-01 4.064017170362218347e-05
1.126656847000000016e+04 5.948345303440579768e-01 2.661608263099120547e-05
1.127429603999999927e+04 5.895978679740789818e-01 -6.108144682076209352e-06
1.128203439000000071e+04 5.826666694251769751e-01 1.502267469933301861e-05
1.129006049999999959e+04 5.779476870656690135e-01 5.004430090876196873e-05
1.129782085999999981e+04 5.722492314943270486e-01 2.363109008184396977e-05
1.130586981000000014e+04 5.665718153899570453e-01 3.500915321375391582e-05
1.131365226000000075e+04 5.612644058855069673e-01 3.313191752393766429e-05
1.132172415000000001e+04 5.555038351305550126e-01 1.733750154877376177e-05
1.132952880000000005e+04 5.496144229542530013e-01 2.397022878554386734e-05
1.133762371999999959e+04 5.440751969289869816e-01 3.446331904549547232e-05
1.134573040000000037e+04 5.383527507004890467e-01 2.968434452840665403e-05
