# Facility: NSLS-II
# Beamline: QAS
# Year: 2023
# Cycle: 1
# SAF: 309826
# PI: Ma
# Proposal: 311269
# Scan ID: 164521
# UID: bc57f65f-4136-40fe-9f83-0a33c848b87c
# Comment: 
# Start time: 02/28/2023  11:36:53
# Stop time: 02/28/2023  11:37:24
# Total time: 00:31
# Trajectory name: Mo-30s-20000.txt
# Element: Molybdenum ( 42)
# Edge: K
# E0: 20000
# Reference Foil Element: Mo
# Keithley Gains I0: 1E7 V/A It: 1E7 V/A Iref: 1E7 V/A PIPS: 1E7 V/A 
# Ion Chamber Gas Flow Rates: I0: 0.00 sccm He + 19.80 sccm N2 + 0.00 sccm Ar 
# Ion Chamber Gas Flow Rates: It&Iref: 19.70 sccm N2 + 0.00 sccm Ar
# Incident Beam Path Vertical: -27.50 mm
# Incident Slits Positions B: TOP: 4.99999375 mm Bottom: -5.0 mm Inboard: -5.0 mm Outboard: 5.0 mm
# Sample Stage Positions: Rotation: 30.0 deg Horizontal: 0.00 mm Vertical: -5.00 mm Beam Direction: 0.00 mm
# PerkinElmer Vertical Position: 500.00 mm
# Front End Mirror Horizontal Positions: Up: 14.00 mm Down: 14.00 mm
#
# energy  i0  it  ir  iff  aux1  aux2  aux3  aux4
19970.000000 7.030412e-90 6.603101e-90 5.175520e-90 6.240820e-92 -9.770669e-95 5.395524e-94 -1.660873e-94 -1.429426e-93
19971.000000 1.430111e-70 1.343144e-70 1.052756e-70 1.270999e-72 -2.018240e-75 1.090314e-74 -3.362547e-75 -2.902772e-74
19972.000000 1.156571e-53 1.086200e-53 8.513697e-54 1.029228e-55 -1.651415e-58 8.753283e-58 -2.697197e-58 -2.342198e-57
19973.000000 3.740171e-39 3.512461e-39 2.753146e-39 3.333163e-41 -5.353575e-44 2.806866e-43 -8.588612e-44 -7.550909e-43
19974.000000 4.880691e-27 4.583334e-27 3.592665e-27 4.356476e-29 -6.865371e-32 3.624162e-31 -1.088474e-31 -9.811270e-31
19975.000000 2.610455e-17 2.451282e-17 1.921573e-17 2.333843e-19 -3.470525e-22 1.908662e-21 -5.527926e-22 -5.215298e-21
19976.000000 5.896696e-10 5.536806e-10 4.340747e-10 5.277574e-12 -6.930471e-15 4.195735e-14 -1.163142e-14 -1.167354e-13
19977.000000 6.172118e-10 5.796009e-10 4.543273e-10 5.511608e-12 -8.651259e-15 4.570877e-14 -1.366123e-14 -1.239348e-13
19977.200000 2.325715e-53 2.185223e-53 1.713370e-53 2.020423e-55 -3.083277e-58 1.936803e-57 -6.798145e-58 -4.672489e-57
19977.400000 6.756848e-39 6.348375e-39 4.977360e-39 5.895288e-41 -8.659959e-44 5.559990e-43 -1.860011e-43 -1.365267e-42
19977.600000 7.924541e-27 7.445028e-27 5.836847e-27 6.944183e-29 -9.952742e-32 6.436507e-31 -2.060450e-31 -1.609252e-30
19977.800000 3.811458e-17 3.580557e-17 2.806911e-17 3.354294e-19 -4.796481e-22 3.050136e-21 -9.433798e-22 -7.768170e-21
19978.000000 7.749744e-10 7.279555e-10 5.706093e-10 6.849773e-12 -1.009588e-14 6.087123e-14 -1.855091e-14 -1.581294e-13
19978.200000 7.141515e-05 6.707359e-05 5.257139e-05 6.342625e-07 -1.002283e-09 5.465208e-09 -1.687364e-09 -1.452013e-08
19978.400000 3.675176e-02 3.451125e-02 2.705221e-02 3.285699e-04 -5.380080e-07 2.711834e-06 -8.226071e-07 -7.369910e-06
19978.600000 2.496979e-01 2.344182e-01 1.838395e-01 2.244472e-03 -8.722330e-07 1.629645e-05 -2.637075e-06 -4.789978e-05
19978.800000 2.797015e-01 2.625839e-01 2.058966e-01 2.416082e-03 -4.580480e-06 1.327606e-05 -1.529957e-05 -5.265031e-05
19979.000000 2.805904e-01 2.633884e-01 2.065244e-01 2.533841e-03 -5.701013e-06 1.279324e-05 -2.506935e-05 -5.987914e-05
19979.200000 2.797113e-01 2.626776e-01 2.060322e-01 2.534755e-03 -4.189142e-06 2.443729e-05 -1.916274e-05 -5.570238e-05
19979.400000 2.801010e-01 2.629109e-01 2.060393e-01 2.579167e-03 -2.265422e-05 2.906048e-05 -1.669001e-05 -4.679900e-05
19979.600000 2.799640e-01 2.628567e-01 2.060640e-01 2.523961e-03 -2.400988e-05 2.151871e-05 -1.970041e-05 -4.587470e-05
19979.800000 2.798588e-01 2.628305e-01 2.058142e-01 2.499489e-03 -1.919025e-05 1.339688e-05 -5.963847e-06 -4.980266e-05
19980.000000 2.802758e-01 2.631707e-01 2.061262e-01 2.570601e-03 -1.047067e-05 1.542397e-05 -1.586188e-05 -4.804158e-05
19980.200000 2.796823e-01 2.624913e-01 2.059154e-01 2.448606e-03 -1.023518e-05 1.773038e-05 -1.483280e-05 -4.391888e-05
19980.400000 2.801224e-01 2.626120e-01 2.059196e-01 2.474520e-03 -2.019256e-05 2.163061e-05 -1.043546e-05 -3.714931e-05
19980.600000 2.831539e-01 2.654708e-01 2.081394e-01 2.700810e-03 -2.364305e-05 2.710269e-05 -2.633482e-05 -3.348268e-05
19980.800000 2.801540e-01 2.631410e-01 2.060003e-01 2.468854e-03 -1.676299e-05 2.650011e-05 -1.828089e-06 -1.719453e-05
19981.000000 2.772693e-01 2.601070e-01 2.038868e-01 2.543597e-03 -2.386234e-05 2.492731e-05 -3.916715e-06 -3.799626e-05
19981.200000 2.813234e-01 2.641076e-01 2.067573e-01 2.710306e-03 -1.058252e-05 2.334731e-05 -2.289455e-05 -4.785631e-05
19981.400000 2.811028e-01 2.638472e-01 2.068568e-01 2.571462e-03 -9.983965e-06 9.419810e-06 -3.155100e-05 -5.226075e-05
19981.600000 2.826981e-01 2.654073e-01 2.078236e-01 2.517218e-03 -1.539648e-05 1.375569e-05 -2.045882e-05 -5.419701e-05
19981.800000 2.752474e-01 2.585331e-01 2.021426e-01 2.415952e-03 -1.202259e-05 7.966782e-06 -2.973165e-06 -3.712668e-05
19982.000000 2.814732e-01 2.643841e-01 2.065015e-01 2.505182e-03 -1.914305e-05 1.497687e-05 -1.188737e-05 -4.784885e-05
19982.200000 2.862391e-01 2.689906e-01 2.105045e-01 2.691849e-03 -2.813199e-05 2.015029e-05 -1.724994e-05 -4.161909e-05
19982.400000 2.686030e-01 2.520346e-01 1.977446e-01 2.607551e-03 -2.484372e-05 8.871346e-06 -1.161224e-05 -4.117805e-05
19982.600000 2.832250e-01 2.660019e-01 2.081889e-01 2.475246e-03 -2.105293e-05 6.102699e-06 -3.067883e-05 -5.829861e-05
19982.800000 2.808675e-01 2.637770e-01 2.062494e-01 2.457985e-03 -1.771345e-05 9.151040e-06 -2.086124e-05 -4.741593e-05
19983.000000 2.791979e-01 2.619901e-01 2.048442e-01 2.472645e-03 -1.744583e-05 1.242582e-05 -2.861579e-05 -5.098015e-05
19983.200000 2.796513e-01 2.622417e-01 2.052170e-01 2.496184e-03 -1.367011e-05 1.993839e-05 -2.245158e-05 -5.940275e-05
19983.400000 2.800809e-01 2.627892e-01 2.055554e-01 2.592968e-03 -1.419268e-05 2.434670e-05 -1.716752e-05 -6.320817e-05
19983.600000 2.799168e-01 2.628284e-01 2.055910e-01 2.471636e-03 -2.394479e-05 1.860930e-05 -2.290032e-05 -4.660247e-05
19983.800000 2.794268e-01 2.626414e-01 2.053327e-01 2.518571e-03 -2.420045e-05 2.384052e-05 -3.226435e-05 -4.498435e-05
19984.000000 2.800294e-01 2.628428e-01 2.055999e-01 2.491524e-03 -2.335533e-05 2.589743e-05 -3.610107e-05 -4.493366e-05
19984.200000 2.807318e-01 2.634332e-01 2.061101e-01 2.539245e-03 -1.595115e-05 2.989965e-05 -3.529008e-05 -4.470204e-05
19984.400000 2.763497e-01 2.593910e-01 2.028020e-01 2.397644e-03 -3.092115e-05 2.181724e-05 -3.489033e-05 -5.906712e-05
19984.600000 2.893939e-01 2.716359e-01 2.121617e-01 2.493017e-03 -3.360355e-05 1.003293e-05 -3.469732e-05 -7.499185e-05
19984.800000 2.580876e-01 2.422690e-01 1.893568e-01 2.413201e-03 -1.975088e-05 1.840503e-05 -3.053016e-05 -6.721231e-05
19985.000000 2.940815e-01 2.761976e-01 2.155484e-01 2.545581e-03 -1.371566e-05 2.847943e-05 -2.790569e-05 -7.686111e-05
19985.200000 2.844120e-01 2.669903e-01 2.085121e-01 2.587076e-03 -1.883845e-05 2.980105e-05 -2.782794e-05 -7.786064e-05
19985.400000 2.677344e-01 2.511691e-01 1.961886e-01 2.457174e-03 -2.575286e-05 1.936009e-05 -2.865988e-05 -7.957469e-05
19985.600000 2.803199e-01 2.629001e-01 2.052586e-01 2.418897e-03 -3.212891e-05 2.609617e-05 -2.879745e-05 -7.593103e-05
19985.800000 2.816802e-01 2.646628e-01 2.063803e-01 2.457889e-03 -3.001926e-05 4.041446e-05 -2.873123e-05 -5.965537e-05
19986.000000 2.886437e-01 2.709086e-01 2.114550e-01 2.667461e-03 -3.020769e-05 3.998411e-05 -3.538415e-05 -6.250066e-05
19986.200000 2.606140e-01 2.443879e-01 1.907778e-01 2.460307e-03 -1.656776e-05 3.467322e-05 -3.112630e-05 -5.893359e-05
19986.400000 2.837664e-01 2.662159e-01 2.074251e-01 2.587585e-03 -1.282303e-05 4.024693e-05 -2.219919e-05 -4.574882e-05
19986.600000 2.849083e-01 2.673717e-01 2.086356e-01 2.559931e-03 -1.472976e-05 3.397274e-05 -2.923151e-05 -5.271013e-05
19986.800000 2.779729e-01 2.605703e-01 2.037406e-01 2.824269e-03 -1.326714e-05 2.791928e-05 -2.714851e-05 -5.046706e-05
19987.000000 2.809463e-01 2.635363e-01 2.055456e-01 2.485983e-03 -1.305533e-05 3.726759e-05 -3.722741e-05 -5.099869e-05
19987.200000 2.787864e-01 2.618783e-01 2.039179e-01 2.403631e-03 -1.980512e-05 3.090407e-05 -4.219378e-05 -5.524349e-05
19987.400000 2.799433e-01 2.628548e-01 2.049136e-01 2.591123e-03 -1.909743e-05 2.637154e-05 -2.925322e-05 -5.660832e-05
19987.600000 2.801168e-01 2.628075e-01 2.049155e-01 2.600716e-03 -7.191555e-06 1.862667e-05 -2.686851e-05 -5.316875e-05
19987.800000 2.781368e-01 2.610837e-01 2.034015e-01 2.494382e-03 -1.527114e-05 1.099332e-05 -4.283730e-05 -5.232432e-05
19988.000000 2.841079e-01 2.668872e-01 2.081136e-01 2.528526e-03 -2.383109e-05 1.815887e-05 -4.737234e-05 -5.987768e-05
19988.200000 2.705988e-01 2.540574e-01 1.978243e-01 2.593323e-03 -2.901310e-05 2.876223e-05 -4.191087e-05 -6.192393e-05
19988.400000 2.846722e-01 2.669829e-01 2.084714e-01 2.802770e-03 -1.865222e-05 2.164435e-05 -2.774115e-05 -6.695075e-05
19988.600000 2.824535e-01 2.648829e-01 2.065430e-01 2.636681e-03 -2.672282e-05 3.129161e-05 -2.426453e-05 -5.111980e-05
19988.800000 2.766061e-01 2.598727e-01 2.024183e-01 2.587180e-03 -1.874120e-05 2.360788e-05 -3.317807e-05 -5.778794e-05
19989.000000 2.796821e-01 2.627777e-01 2.047938e-01 2.525545e-03 -2.311762e-05 1.547377e-05 -2.316096e-05 -5.890750e-05
19989.200000 2.793284e-01 2.622407e-01 2.044832e-01 2.607728e-03 -2.380002e-05 1.505071e-05 -3.904711e-05 -5.372356e-05
19989.400000 2.794963e-01 2.625249e-01 2.045527e-01 2.673097e-03 -2.302773e-05 1.629843e-05 -3.368234e-05 -5.543463e-05
19989.600000 2.764765e-01 2.596371e-01 2.019759e-01 2.581900e-03 -2.621850e-05 2.099773e-05 -3.979856e-05 -6.714755e-05
19989.800000 2.832571e-01 2.659847e-01 2.067367e-01 2.414088e-03 -1.725378e-05 2.422750e-05 -2.983547e-05 -5.506760e-05
19990.000000 2.770795e-01 2.599280e-01 2.023030e-01 2.651260e-03 -1.455136e-05 2.843594e-05 -2.375659e-05 -5.298988e-05
19990.200000 2.790815e-01 2.618068e-01 2.032266e-01 2.548330e-03 -1.061748e-05 1.397530e-05 -2.304587e-05 -4.755303e-05
19990.400000 2.818074e-01 2.644981e-01 2.057403e-01 2.620588e-03 -1.847631e-05 1.110083e-07 -1.956212e-05 -4.581996e-05
19990.600000 2.726393e-01 2.558023e-01 1.990257e-01 2.584905e-03 -2.073812e-05 9.555681e-06 -3.239337e-05 -5.413898e-05
19990.800000 2.832200e-01 2.658366e-01 2.065072e-01 2.659024e-03 -2.177604e-05 1.381365e-05 -2.247061e-05 -5.228373e-05
19991.000000 2.787370e-01 2.618407e-01 2.032830e-01 2.530979e-03 -2.446905e-05 3.798538e-06 -2.129962e-05 -6.609494e-05
19991.200000 2.793569e-01 2.620282e-01 2.036191e-01 2.498659e-03 -2.554763e-05 1.353097e-06 -1.871626e-05 -5.923581e-05
19991.400000 2.798693e-01 2.626325e-01 2.041410e-01 2.511478e-03 -2.749487e-05 9.271523e-06 -2.190970e-05 -5.951353e-05
19991.600000 2.779230e-01 2.611440e-01 2.027180e-01 2.486530e-03 -3.216095e-05 1.266793e-05 -2.345335e-05 -4.827700e-05
19991.800000 2.799474e-01 2.631219e-01 2.040851e-01 2.466072e-03 -2.391451e-05 9.035442e-06 -2.176162e-05 -3.712489e-05
19992.000000 2.799658e-01 2.630880e-01 2.039955e-01 2.615518e-03 -2.438688e-05 1.484916e-05 -2.645066e-05 -5.788017e-05
19992.200000 2.905814e-01 2.728124e-01 2.114701e-01 2.769344e-03 -2.343482e-05 1.831356e-05 -1.778597e-05 -4.986238e-05
19992.400000 2.656898e-01 2.494528e-01 1.935554e-01 2.489031e-03 -1.932034e-05 2.152600e-05 -1.670722e-05 -5.944876e-05
19992.600000 2.852576e-01 2.677601e-01 2.076690e-01 2.601345e-03 -2.594199e-05 2.470006e-05 -1.653098e-05 -5.891074e-05
19992.800000 2.758424e-01 2.590570e-01 2.010364e-01 2.359709e-03 -3.041399e-05 1.828054e-05 -1.942875e-05 -6.157494e-05
19993.000000 2.838237e-01 2.664364e-01 2.064187e-01 2.580600e-03 -4.011249e-05 1.383110e-05 -1.330066e-05 -6.332801e-05
19993.200000 2.753575e-01 2.581450e-01 1.998925e-01 2.457217e-03 -2.985750e-05 1.349264e-05 -1.259940e-05 -5.782014e-05
19993.400000 2.777068e-01 2.604871e-01 2.016787e-01 2.635651e-03 -3.470669e-05 1.623668e-05 -6.753283e-06 -5.361696e-05
19993.600000 2.816704e-01 2.644423e-01 2.048395e-01 2.488642e-03 -3.302086e-05 2.046040e-05 -4.947347e-06 -4.231202e-05
19993.800000 2.821193e-01 2.651260e-01 2.049503e-01 2.484544e-03 -4.650017e-05 3.676428e-06 -8.799895e-06 -4.725031e-05
19994.000000 2.752698e-01 2.585781e-01 2.002826e-01 2.418510e-03 -4.658826e-05 5.632722e-06 -2.122625e-05 -5.567912e-05
19994.200000 2.889450e-01 2.711046e-01 2.096478e-01 2.513853e-03 -4.351894e-05 1.730148e-05 -2.742731e-05 -5.031061e-05
19994.400000 2.673117e-01 2.507802e-01 1.937836e-01 2.504462e-03 -3.084439e-05 1.193691e-05 -1.743344e-05 -4.926529e-05
19994.600000 2.729274e-01 2.563885e-01 1.980088e-01 2.452648e-03 -2.472177e-05 1.179291e-05 -2.416091e-05 -5.950745e-05
19994.800000 2.843235e-01 2.670112e-01 2.064052e-01 2.387002e-03 -2.260937e-05 1.572518e-05 -1.233781e-05 -5.921943e-05
19995.000000 2.805619e-01 2.631509e-01 2.035395e-01 2.572956e-03 -1.812946e-05 1.521003e-05 -1.981606e-05 -5.641858e-05
19995.200000 2.791421e-01 2.620075e-01 2.028298e-01 2.627757e-03 -1.755688e-05 1.926455e-05 -2.678689e-05 -5.912032e-05
19995.400000 2.793537e-01 2.621435e-01 2.029399e-01 2.583685e-03 -2.626868e-05 1.997650e-05 -2.713357e-05 -7.170219e-05
19995.600000 2.779103e-01 2.611076e-01 2.011802e-01 2.516471e-03 -2.484905e-05 7.712601e-06 -1.311696e-05 -5.956324e-05
19995.800000 2.875107e-01 2.698319e-01 2.086996e-01 2.492392e-03 -2.415896e-05 1.210396e-05 -1.184621e-05 -5.697927e-05
19996.000000 2.748015e-01 2.574991e-01 1.992950e-01 2.599023e-03 -1.547875e-05 2.659897e-05 -5.905580e-06 -4.694870e-05
19996.200000 2.755174e-01 2.587485e-01 1.997773e-01 2.344852e-03 -1.381300e-05 2.903368e-05 -1.227805e-05 -5.873479e-05
19996.400000 2.798745e-01 2.627536e-01 2.029100e-01 2.650024e-03 -1.252360e-05 3.235749e-05 -1.110728e-05 -6.294706e-05
19996.600000 2.794392e-01 2.626135e-01 2.027656e-01 2.554949e-03 -1.818619e-05 2.321981e-05 -1.350896e-05 -6.494168e-05
19996.800000 2.828460e-01 2.654296e-01 2.045317e-01 2.608886e-03 -2.162170e-05 2.181975e-05 -1.684151e-05 -6.200782e-05
19997.000000 2.784586e-01 2.616854e-01 2.012313e-01 2.456201e-03 -2.859468e-05 2.169514e-05 -2.371649e-05 -7.844408e-05
19997.200000 2.678074e-01 2.517301e-01 1.934127e-01 2.289778e-03 -1.544928e-05 3.201795e-05 -3.039063e-05 -6.954829e-05
19997.400000 2.797377e-01 2.627311e-01 2.021675e-01 2.545583e-03 -1.840326e-05 3.962124e-05 -3.722898e-05 -7.971047e-05
19997.600000 2.792545e-01 2.621279e-01 2.014275e-01 2.606247e-03 -2.003282e-05 3.411727e-05 -2.300156e-05 -7.343668e-05
19997.800000 2.796994e-01 2.625500e-01 2.023292e-01 2.544050e-03 -7.614449e-06 2.779038e-05 -4.053530e-06 -7.152717e-05
19998.000000 2.785313e-01 2.615103e-01 2.010518e-01 2.529717e-03 -2.088181e-06 2.880467e-05 -2.149624e-05 -8.550273e-05
19998.200000 2.799136e-01 2.630260e-01 2.024741e-01 2.637475e-03 -8.449150e-06 2.173735e-05 -2.208373e-05 -7.222314e-05
19998.400000 2.700755e-01 2.536677e-01 1.945535e-01 2.622841e-03 -7.560186e-06 2.422580e-05 -2.119749e-05 -6.748244e-05
19998.600000 2.874005e-01 2.696352e-01 2.071421e-01 2.623046e-03 -1.054627e-05 3.203407e-05 -1.242226e-05 -8.370198e-05
19998.800000 2.768507e-01 2.603202e-01 1.996245e-01 2.700779e-03 -1.210414e-05 3.588816e-05 -1.125329e-05 -8.100647e-05
19999.000000 2.825693e-01 2.650181e-01 2.025327e-01 2.826240e-03 -4.751367e-06 3.507203e-05 -2.493685e-05 -8.288048e-05
19999.200000 2.821497e-01 2.652933e-01 2.024688e-01 2.746619e-03 -8.686456e-06 2.922134e-05 -1.474156e-05 -7.030627e-05
19999.400000 2.820221e-01 2.650113e-01 2.028246e-01 2.514639e-03 -8.576122e-06 2.673296e-05 -9.450991e-06 -7.093886e-05
19999.600000 2.735202e-01 2.569082e-01 1.969846e-01 2.288584e-03 -1.006855e-05 3.424328e-05 -2.239741e-05 -7.433027e-05
19999.800000 2.824128e-01 2.650242e-01 2.027569e-01 2.677011e-03 5.301763e-06 4.940640e-05 -1.064976e-05 -6.417620e-05
20000.000000 2.729611e-01 2.563760e-01 1.958281e-01 2.538384e-03 5.623834e-06 4.322017e-05 -1.551402e-05 -5.458197e-05
20000.200000 2.776806e-01 2.609548e-01 1.995542e-01 2.479037e-03 6.110421e-06 4.552629e-05 -2.179496e-05 -5.535210e-05
20000.400000 2.813511e-01 2.641580e-01 2.016185e-01 2.402475e-03 -7.270956e-06 4.983222e-05 -1.497987e-05 -5.952999e-05
20000.600000 2.769987e-01 2.600490e-01 1.984450e-01 2.727588e-03 -1.011505e-05 4.176049e-05 -2.406703e-05 -6.142002e-05
20000.800000 2.789787e-01 2.619649e-01 2.002483e-01 2.699853e-03 -1.684378e-05 4.391552e-05 -3.063764e-05 -7.528721e-05
20001.000000 2.832768e-01 2.660727e-01 2.027676e-01 2.564241e-03 -1.109143e-05 3.909449e-05 -2.830128e-05 -7.138911e-05
20001.200000 2.722855e-01 2.557524e-01 1.945705e-01 2.476645e-03 -3.113704e-06 3.677503e-05 -1.284123e-05 -5.769512e-05
20001.400000 2.843376e-01 2.673364e-01 2.033481e-01 2.588827e-03 -9.563820e-06 3.241523e-05 -2.508295e-05 -4.860016e-05
20001.600000 2.654884e-01 2.498326e-01 1.899420e-01 2.557073e-03 -1.430362e-05 2.499420e-05 -2.264576e-05 -5.101807e-05
20001.800000 2.829615e-01 2.659565e-01 2.020336e-01 2.657402e-03 -1.657424e-05 2.734518e-05 -2.744787e-05 -6.546202e-05
20002.000000 2.781193e-01 2.615119e-01 1.988235e-01 2.552507e-03 -1.728327e-05 3.944109e-05 -2.076913e-05 -6.288883e-05
20002.200000 2.784300e-01 2.615460e-01 1.985323e-01 2.473300e-03 -1.987473e-05 4.281880e-05 -1.572442e-05 -6.282924e-05
20002.400000 2.824325e-01 2.650445e-01 2.012451e-01 2.750523e-03 -1.997767e-05 3.780674e-05 -5.767258e-06 -5.696942e-05
20002.600000 2.674408e-01 2.507075e-01 1.902505e-01 2.213634e-03 -2.293869e-05 3.594365e-05 -7.052539e-06 -5.078228e-05
20002.800000 2.844125e-01 2.670438e-01 2.016506e-01 2.679626e-03 -2.198031e-05 3.036244e-05 -6.287990e-06 -4.789159e-05
20003.000000 2.806231e-01 2.632375e-01 1.991141e-01 2.511261e-03 -2.154904e-05 3.028590e-05 -1.169023e-05 -6.337225e-05
20003.200000 2.791185e-01 2.617791e-01 1.978384e-01 2.231873e-03 -1.683160e-05 3.318164e-05 2.758834e-06 -6.249296e-05
20003.400000 2.772478e-01 2.601596e-01 1.961219e-01 2.675631e-03 -2.232505e-05 2.863421e-05 -7.048342e-07 -5.723482e-05
20003.600000 2.787627e-01 2.614093e-01 1.974554e-01 2.690328e-03 -2.902502e-05 2.351140e-05 -2.112185e-06 -5.753325e-05
20003.800000 2.789857e-01 2.619767e-01 1.976433e-01 2.551502e-03 -2.501988e-05 2.463212e-05 -1.389387e-05 -5.830772e-05
20004.000000 2.784721e-01 2.613866e-01 1.967301e-01 2.711095e-03 -2.946078e-05 3.259279e-05 -1.147659e-05 -6.337951e-05
20004.200000 2.814315e-01 2.641046e-01 1.984856e-01 2.555644e-03 -3.310386e-05 3.202371e-05 -1.150394e-05 -7.315381e-05
20004.400000 2.737309e-01 2.572150e-01 1.931555e-01 2.395447e-03 -2.634836e-05 2.766971e-05 -2.029553e-05 -7.268295e-05
20004.600000 2.781445e-01 2.613052e-01 1.959311e-01 2.717415e-03 -2.651030e-05 3.275108e-05 -1.785290e-05 -7.342622e-05
20004.800000 2.789070e-01 2.618061e-01 1.965636e-01 2.550594e-03 -3.189453e-05 3.461654e-05 -2.305358e-05 -7.128288e-05
20005.000000 2.799017e-01 2.630762e-01 1.969612e-01 2.523449e-03 -2.572955e-05 2.786279e-05 -1.260794e-05 -6.438164e-05
20005.200000 2.784357e-01 2.614990e-01 1.956750e-01 2.375204e-03 -1.102540e-05 2.551363e-05 -1.698103e-05 -5.353399e-05
20005.400000 2.792494e-01 2.621859e-01 1.958175e-01 2.568830e-03 -1.957768e-05 2.838320e-05 -4.929972e-06 -4.905214e-05
20005.600000 2.773526e-01 2.606674e-01 1.941556e-01 2.571766e-03 -1.893893e-05 2.685319e-05 -9.398593e-06 -4.577821e-05
20005.800000 2.834680e-01 2.666394e-01 1.986349e-01 2.498393e-03 -1.937633e-05 3.362105e-05 -2.527724e-05 -4.344906e-05
20006.000000 2.550393e-01 2.393726e-01 1.779923e-01 2.437845e-03 -2.026713e-05 2.603365e-05 -1.582176e-05 -3.818952e-05
20006.200000 2.872553e-01 2.696125e-01 2.000563e-01 2.946909e-03 -1.468938e-05 3.186365e-05 -1.015861e-05 -5.860322e-05
20006.400000 2.804192e-01 2.637379e-01 1.953275e-01 2.595084e-03 -1.434386e-05 2.614926e-05 -1.396850e-05 -5.098735e-05
20006.600000 2.799076e-01 2.631743e-01 1.940655e-01 2.490002e-03 -1.372934e-05 4.002336e-05 -1.670512e-05 -5.494860e-05
20006.800000 2.671254e-01 2.508622e-01 1.847566e-01 2.634759e-03 -6.065906e-06 4.148357e-05 -1.622094e-05 -6.044119e-05
20007.000000 2.854829e-01 2.676717e-01 1.965706e-01 2.624473e-03 -1.821721e-05 3.018074e-05 -8.452773e-06 -7.072206e-05
20007.200000 2.919552e-01 2.737753e-01 2.015053e-01 2.556056e-03 -2.403657e-05 2.576926e-05 -1.161042e-05 -7.387405e-05
20007.400000 2.628302e-01 2.468715e-01 1.810481e-01 2.420732e-03 -1.194876e-05 1.632757e-05 -2.047249e-05 -6.295514e-05
20007.600000 2.771470e-01 2.606116e-01 1.902901e-01 2.557142e-03 -5.004083e-06 3.157717e-05 -1.227826e-05 -5.133191e-05
20007.800000 2.812189e-01 2.638040e-01 1.923640e-01 2.775215e-03 -9.201277e-06 3.724813e-05 -2.306515e-05 -5.578011e-05
20008.000000 2.878089e-01 2.703378e-01 1.960525e-01 2.489735e-03 -5.961565e-06 3.552481e-05 -2.502801e-05 -5.792607e-05
20008.200000 2.718431e-01 2.553230e-01 1.849059e-01 2.231302e-03 -1.726345e-05 3.348950e-05 -2.752783e-05 -6.035248e-05
20008.400000 2.856631e-01 2.682999e-01 1.937115e-01 2.728926e-03 -2.036536e-06 3.099012e-05 -2.316083e-05 -6.267722e-05
20008.600000 2.757560e-01 2.584329e-01 1.870562e-01 2.453588e-03 9.522646e-06 2.907062e-05 -2.249268e-05 -7.457102e-05
20008.800000 2.826401e-01 2.650683e-01 1.901869e-01 2.366351e-03 -2.705957e-07 3.867258e-05 -1.098178e-05 -6.194441e-05
20009.000000 2.764484e-01 2.595574e-01 1.860050e-01 2.580144e-03 -1.189598e-05 3.244254e-05 -2.298607e-05 -6.542435e-05
20009.200000 2.736164e-01 2.569827e-01 1.832196e-01 2.606961e-03 -1.023735e-05 3.207712e-05 -3.091410e-05 -7.017103e-05
20009.400000 2.821754e-01 2.649959e-01 1.879423e-01 2.697774e-03 -4.945491e-06 4.845754e-05 -2.259214e-05 -7.096579e-05
20009.600000 2.743976e-01 2.579130e-01 1.817187e-01 2.433280e-03 -2.425984e-06 5.302992e-05 -1.594161e-05 -6.347072e-05
20009.800000 2.816367e-01 2.642339e-01 1.857317e-01 2.528011e-03 -2.004785e-06 4.278153e-05 -2.449002e-05 -6.361654e-05
20010.000000 2.800507e-01 2.629678e-01 1.838584e-01 2.655891e-03 -6.791217e-06 4.556770e-05 -2.587804e-05 -5.832049e-05
20010.200000 2.723913e-01 2.559744e-01 1.769755e-01 2.681018e-03 -6.373867e-06 4.875881e-05 -9.957304e-06 -6.332224e-05
20010.400000 2.818956e-01 2.648183e-01 1.827538e-01 2.595887e-03 -1.135723e-05 5.049394e-05 -3.311605e-06 -5.707429e-05
20010.600000 2.784480e-01 2.612338e-01 1.794934e-01 2.263960e-03 -1.894064e-05 5.071755e-05 -5.937881e-06 -6.260627e-05
20010.800000 2.906761e-01 2.729780e-01 1.860505e-01 2.457071e-03 -2.209785e-05 4.935177e-05 -7.517938e-06 -6.364700e-05
20011.000000 2.542157e-01 2.387022e-01 1.618690e-01 2.822892e-03 -2.130329e-05 3.176423e-05 -1.347409e-05 -6.017202e-05
20011.200000 3.009992e-01 2.826726e-01 1.894650e-01 2.628058e-03 -2.938571e-05 4.505686e-05 -7.015265e-06 -7.301293e-05
20011.400000 2.480492e-01 2.330303e-01 1.550606e-01 2.119005e-03 -2.465694e-05 4.634005e-05 -1.430468e-05 -6.915265e-05
20011.600000 2.855233e-01 2.680377e-01 1.769742e-01 2.678709e-03 -2.706144e-05 4.703470e-05 -1.662677e-05 -7.924600e-05
20011.800000 2.793508e-01 2.624659e-01 1.711580e-01 2.537208e-03 -2.559868e-05 3.783014e-05 -7.369834e-06 -6.919215e-05
20012.000000 2.774558e-01 2.609836e-01 1.691506e-01 2.560653e-03 -2.668001e-05 2.690920e-05 -1.240950e-05 -6.174666e-05
20012.200000 2.774109e-01 2.609715e-01 1.671653e-01 2.559533e-03 -2.668980e-05 2.574388e-05 -6.732651e-06 -6.469740e-05
20012.400000 2.817498e-01 2.647643e-01 1.682306e-01 2.668096e-03 -2.770690e-05 3.258820e-05 -8.336567e-06 -7.084061e-05
20012.600000 2.761048e-01 2.592217e-01 1.631921e-01 2.686530e-03 -1.858727e-05 3.030989e-05 -1.340240e-05 -7.915335e-05
20012.800000 2.730807e-01 2.567765e-01 1.596661e-01 2.423261e-03 -1.891996e-05 2.862370e-05 -1.753362e-05 -6.635377e-05
20013.000000 2.718878e-01 2.553112e-01 1.579578e-01 2.226044e-03 -1.947504e-05 3.110959e-05 -2.613862e-05 -6.402500e-05
20013.200000 2.794676e-01 2.626474e-01 1.603673e-01 2.671834e-03 -1.856252e-05 4.018947e-05 -2.019296e-05 -8.723124e-05
20013.400000 2.792834e-01 2.625055e-01 1.587004e-01 2.757206e-03 -9.051839e-06 3.488432e-05 -8.149809e-06 -7.944125e-05
20013.600000 2.814502e-01 2.643574e-01 1.586199e-01 2.536580e-03 -1.443454e-05 3.489065e-05 -1.333301e-05 -7.080863e-05
20013.800000 2.698247e-01 2.536236e-01 1.501825e-01 2.379970e-03 -2.172478e-05 3.239939e-05 -1.447782e-05 -6.397421e-05
20014.000000 2.851886e-01 2.680545e-01 1.576197e-01 2.718067e-03 -2.076681e-05 3.712033e-05 -5.731050e-06 -7.082584e-05
20014.200000 2.615059e-01 2.453775e-01 1.430684e-01 2.605481e-03 -1.944921e-05 3.603797e-05 -9.011837e-06 -5.579799e-05
20014.400000 2.817765e-01 2.648825e-01 1.523669e-01 2.570806e-03 -2.153497e-05 4.752209e-05 -1.649849e-05 -4.721733e-05
20014.600000 2.803073e-01 2.633345e-01 1.501210e-01 2.574201e-03 -2.640248e-05 3.705394e-05 -1.756890e-05 -5.296655e-05
20014.800000 2.781311e-01 2.614354e-01 1.473492e-01 2.709526e-03 -3.241269e-05 3.885320e-05 -1.898509e-05 -5.375308e-05
20015.000000 2.659924e-01 2.503552e-01 1.397977e-01 2.415898e-03 -3.332238e-05 3.986452e-05 -7.042660e-06 -4.584907e-05
20015.200000 2.821383e-01 2.651334e-01 1.464705e-01 2.704042e-03 -2.210217e-05 3.746982e-05 -7.791956e-06 -4.441367e-05
20015.400000 2.784970e-01 2.615072e-01 1.432238e-01 2.720069e-03 -1.390462e-05 5.061303e-05 -8.131373e-06 -3.446873e-05
20015.600000 2.799747e-01 2.632286e-01 1.430997e-01 2.533088e-03 -1.968987e-05 4.764033e-05 -2.150200e-06 -3.976158e-05
20015.800000 2.686471e-01 2.523906e-01 1.355829e-01 2.343710e-03 -1.009616e-05 4.785412e-05 2.025856e-06 -5.178999e-05
20016.000000 2.815068e-01 2.644606e-01 1.405668e-01 2.760258e-03 -1.341411e-05 3.689801e-05 -1.272140e-05 -5.047370e-05
20016.200000 2.776684e-01 2.608997e-01 1.374266e-01 2.623905e-03 -1.498576e-05 3.313090e-05 -2.945232e-05 -4.890887e-05
20016.400000 2.776729e-01 2.610236e-01 1.358185e-01 2.537789e-03 -9.669586e-06 3.573789e-05 -1.831707e-05 -4.295642e-05
20016.600000 2.784817e-01 2.620703e-01 1.352732e-01 2.539483e-03 -4.284766e-06 3.805885e-05 -1.215856e-05 -3.256387e-05
20016.800000 2.771819e-01 2.602928e-01 1.330032e-01 2.744809e-03 -8.244871e-06 5.013958e-05 -4.239588e-06 -3.863356e-05
20017.000000 2.777747e-01 2.612633e-01 1.322720e-01 2.677552e-03 -1.577170e-05 4.477112e-05 -2.144981e-05 -4.670685e-05
20017.200000 2.773276e-01 2.606679e-01 1.306643e-01 2.575858e-03 -9.103536e-06 4.295047e-05 -1.160829e-05 -3.577781e-05
20017.400000 2.791662e-01 2.624139e-01 1.300505e-01 2.598126e-03 -7.856603e-06 4.452587e-05 -1.705856e-05 -3.171963e-05
20017.600000 2.774566e-01 2.605957e-01 1.280867e-01 2.474361e-03 -1.116047e-05 3.956503e-05 -9.492632e-06 -3.520914e-05
20017.800000 2.758798e-01 2.592293e-01 1.263000e-01 2.605115e-03 -1.223264e-05 2.659106e-05 -8.366137e-06 -2.759959e-05
20018.000000 2.896423e-01 2.721427e-01 1.307155e-01 2.557749e-03 -5.813792e-06 2.517443e-05 -2.080301e-05 -4.756703e-05
20018.200000 2.465813e-01 2.320190e-01 1.106281e-01 2.389911e-03 -2.441590e-06 3.026431e-05 -2.223439e-05 -5.066316e-05
20018.400000 2.869390e-01 2.692895e-01 1.276942e-01 2.624812e-03 -1.804013e-05 1.925144e-05 -7.361342e-06 -4.742309e-05
20018.600000 2.859008e-01 2.689736e-01 1.257637e-01 2.713574e-03 -2.099031e-05 2.145119e-05 -1.809513e-05 -3.650352e-05
20018.800000 2.820445e-01 2.652675e-01 1.229266e-01 2.705009e-03 -3.204063e-05 1.945270e-05 -1.238407e-05 -3.410137e-05
20019.000000 2.606159e-01 2.448175e-01 1.117811e-01 2.489649e-03 -2.210272e-05 3.167433e-05 -7.329439e-06 -3.549640e-05
20019.200000 2.830774e-01 2.663443e-01 1.208187e-01 2.575162e-03 -2.500170e-05 3.310292e-05 -7.904730e-06 -4.145639e-05
20019.400000 2.792401e-01 2.628727e-01 1.189937e-01 2.885658e-03 -2.881839e-05 3.101862e-05 -8.304692e-06 -3.883619e-05
20019.600000 2.720560e-01 2.560553e-01 1.143554e-01 2.487837e-03 -2.574180e-05 2.856758e-05 3.984764e-06 -2.843259e-05
20019.800000 2.864743e-01 2.695642e-01 1.185359e-01 2.808207e-03 -1.072525e-05 3.207840e-05 -1.015457e-06 -2.573247e-05
20020.000000 2.766718e-01 2.601255e-01 1.136334e-01 2.665962e-03 -9.252427e-06 2.566038e-05 -3.574157e-07 -4.258877e-05
20020.200000 2.826753e-01 2.656282e-01 1.149478e-01 2.683685e-03 -1.331082e-05 2.458186e-05 6.882747e-06 -4.773035e-05
20020.400000 2.719184e-01 2.557313e-01 1.090729e-01 2.476415e-03 -1.425158e-05 2.536562e-05 4.225482e-06 -4.378180e-05
20020.600000 2.838428e-01 2.667617e-01 1.132776e-01 2.700122e-03 -1.928182e-05 2.756580e-05 -6.637868e-06 -3.638570e-05
20020.800000 2.676869e-01 2.522099e-01 1.056013e-01 2.652642e-03 -1.328019e-05 2.347129e-05 -2.337923e-05 -3.366654e-05
20021.000000 2.780460e-01 2.616227e-01 1.084679e-01 2.528016e-03 -1.554515e-05 3.165204e-05 -6.298807e-06 -4.121011e-05
20021.200000 2.806697e-01 2.644141e-01 1.085055e-01 2.497282e-03 -1.442553e-05 2.617872e-05 1.017545e-05 -4.488734e-05
20021.400000 2.791819e-01 2.625226e-01 1.067518e-01 2.530852e-03 -1.261965e-06 2.985600e-05 -3.132871e-06 -3.338646e-05
20021.600000 2.598226e-01 2.447946e-01 9.857372e-02 2.498729e-03 -1.154138e-05 2.700031e-05 -2.899729e-06 -2.975156e-05
20021.800000 2.824236e-01 2.658326e-01 1.060581e-01 2.709107e-03 -9.606410e-06 2.762532e-05 -5.370956e-06 -2.246257e-05
20022.000000 2.779161e-01 2.611617e-01 1.027835e-01 2.280049e-03 -4.644825e-06 3.054191e-05 -9.203642e-06 -2.704912e-05
20022.200000 2.810078e-01 2.642574e-01 1.021868e-01 2.427040e-03 -6.592344e-06 2.674030e-05 -7.837782e-06 -2.931725e-05
20022.400000 2.780771e-01 2.615731e-01 1.003645e-01 2.738512e-03 -7.645785e-06 3.544993e-05 -1.271087e-05 -2.820352e-05
20022.600000 2.787682e-01 2.621170e-01 9.982258e-02 2.565954e-03 -5.787094e-07 2.937320e-05 -1.931897e-05 -2.675362e-05
20022.800000 2.777835e-01 2.610255e-01 9.798481e-02 2.413379e-03 -4.202569e-06 2.206880e-05 -2.201814e-05 -3.178871e-05
20023.000000 2.783343e-01 2.617065e-01 9.661081e-02 2.695293e-03 -4.878146e-06 3.490203e-05 -3.839095e-06 -3.061870e-05
20023.200000 2.781762e-01 2.616623e-01 9.556581e-02 2.946100e-03 4.861489e-06 4.259882e-05 -8.477630e-06 -3.526370e-05
20023.400000 2.782638e-01 2.617130e-01 9.493062e-02 2.656916e-03 -3.439930e-08 3.101775e-05 -3.078601e-06 -2.387958e-05
20023.600000 2.817560e-01 2.645260e-01 9.426750e-02 2.691643e-03 -3.210850e-06 2.265039e-05 -1.142826e-05 -3.284089e-05
20023.800000 2.788013e-01 2.618165e-01 9.172469e-02 2.826685e-03 -5.664091e-06 2.144326e-05 -2.692889e-06 -4.193162e-05
20024.000000 2.812969e-01 2.644839e-01 9.165817e-02 2.907948e-03 -1.437409e-05 2.542198e-05 -1.382214e-06 -5.292741e-05
20024.200000 2.829401e-01 2.659512e-01 9.095971e-02 2.689097e-03 -5.170187e-06 3.357971e-05 -8.113614e-06 -5.802282e-05
20024.400000 2.661213e-01 2.504790e-01 8.397321e-02 2.292069e-03 -9.286716e-06 3.289277e-05 -2.066513e-05 -4.545989e-05
20024.600000 2.740755e-01 2.574733e-01 8.554230e-02 2.557631e-03 -6.994237e-06 2.047516e-05 6.661566e-06 -4.261985e-05
20024.800000 2.835030e-01 2.664977e-01 8.708590e-02 2.557268e-03 1.743113e-06 2.769261e-05 -2.288164e-06 -3.894516e-05
20025.000000 2.623071e-01 2.466945e-01 7.988888e-02 2.498790e-03 -8.351232e-07 2.009320e-05 4.121886e-06 -3.108357e-05
20025.200000 2.919762e-01 2.746809e-01 8.775394e-02 2.846637e-03 -1.208722e-05 3.488428e-05 -9.860942e-06 -4.782160e-05
20025.400000 2.777470e-01 2.613636e-01 8.206047e-02 2.614957e-03 -1.314942e-05 3.124953e-05 -7.316645e-06 -4.059560e-05
20025.600000 2.773896e-01 2.611047e-01 8.136488e-02 2.637993e-03 -8.879623e-06 3.436885e-05 -1.283930e-05 -5.202206e-05
20025.800000 2.709171e-01 2.548520e-01 7.813034e-02 2.657706e-03 -5.647491e-06 4.279935e-05 -1.515900e-05 -5.624933e-05
20026.000000 2.823083e-01 2.652917e-01 8.050760e-02 2.826876e-03 -1.128281e-05 4.785522e-05 -1.202644e-05 -4.932343e-05
20026.200000 2.772870e-01 2.605020e-01 7.802087e-02 2.702966e-03 -8.719114e-06 4.611494e-05 -4.718679e-06 -3.615299e-05
20026.400000 2.775640e-01 2.610740e-01 7.708663e-02 2.691246e-03 -9.910370e-07 3.804372e-05 -1.813330e-05 -3.869657e-05
20026.600000 2.774334e-01 2.611378e-01 7.611713e-02 2.342796e-03 -6.511371e-06 3.543639e-05 -9.593247e-06 -4.176559e-05
20026.800000 2.763337e-01 2.599605e-01 7.504482e-02 2.565019e-03 6.492150e-07 3.639826e-05 1.089581e-06 -3.979102e-05
20027.000000 2.779977e-01 2.617769e-01 7.477696e-02 2.603483e-03 -2.752801e-06 3.314832e-05 -3.261623e-06 -4.534172e-05
20027.200000 2.794795e-01 2.632510e-01 7.468059e-02 2.636355e-03 -8.195143e-06 2.322837e-05 -1.795674e-05 -5.253158e-05
20027.400000 2.797912e-01 2.630286e-01 7.365008e-02 2.582063e-03 -1.932851e-05 1.862380e-05 -1.867008e-05 -4.212951e-05
20027.600000 2.714878e-01 2.553176e-01 7.105171e-02 2.724642e-03 -7.289272e-06 2.026687e-05 -6.609629e-06 -3.689403e-05
20027.800000 2.788362e-01 2.622619e-01 7.208381e-02 2.428648e-03 -1.388266e-05 2.376414e-05 -1.285613e-05 -4.158193e-05
20028.000000 2.744202e-01 2.582860e-01 7.036294e-02 2.540080e-03 -9.634839e-06 2.503204e-05 -1.735186e-05 -4.555378e-05
20028.200000 2.791195e-01 2.627009e-01 7.114702e-02 2.611058e-03 -1.178252e-05 2.278938e-05 -1.057183e-05 -5.271605e-05
20028.400000 2.752965e-01 2.589159e-01 6.977674e-02 2.620388e-03 -6.694115e-06 2.700837e-05 -1.539880e-05 -4.962517e-05
20028.600000 2.767002e-01 2.601437e-01 6.992178e-02 2.743674e-03 -3.139531e-06 2.088353e-05 -1.126353e-05 -3.773089e-05
20028.800000 2.764099e-01 2.599588e-01 6.935765e-02 2.537294e-03 -3.933479e-07 1.932352e-05 -6.747829e-06 -4.443301e-05
20029.000000 2.779502e-01 2.614844e-01 6.938919e-02 2.614672e-03 6.172334e-08 1.424808e-05 1.786076e-06 -3.493737e-05
20029.200000 2.784864e-01 2.620642e-01 6.925363e-02 2.805132e-03 -6.124647e-06 1.392285e-05 1.909830e-06 -4.528911e-05
20029.400000 2.760505e-01 2.597089e-01 6.836733e-02 2.620712e-03 -1.063760e-05 1.468649e-05 4.399406e-06 -5.343002e-05
20029.600000 2.811476e-01 2.648435e-01 6.916311e-02 2.608983e-03 -9.549527e-06 1.112109e-05 1.560718e-05 -4.299000e-05
20029.800000 2.757034e-01 2.591991e-01 6.771800e-02 2.571668e-03 -1.319983e-05 1.202958e-05 8.374022e-06 -5.729315e-05
20030.000000 2.491772e-01 2.342393e-01 6.061854e-02 2.504389e-03 -7.242781e-06 1.698635e-05 2.021863e-06 -5.141689e-05
20030.200000 2.911679e-01 2.738731e-01 7.152706e-02 2.618720e-03 -8.755064e-06 2.391486e-05 -9.588073e-07 -5.309784e-05
20030.400000 2.777559e-01 2.613562e-01 6.823469e-02 2.360160e-03 -1.356887e-05 2.684676e-05 -2.134466e-05 -5.598675e-05
20030.600000 2.770609e-01 2.606431e-01 6.791243e-02 2.812349e-03 -1.574930e-05 2.000805e-05 -1.949431e-05 -5.253323e-05
20030.800000 2.767233e-01 2.602557e-01 6.786183e-02 2.742758e-03 -1.373662e-05 2.034868e-05 -2.153150e-05 -5.712077e-05
20031.000000 2.764157e-01 2.596954e-01 6.789006e-02 2.640836e-03 -7.197249e-06 2.540127e-05 -9.077815e-07 -5.345018e-05
20031.200000 2.761685e-01 2.592234e-01 6.782722e-02 2.684382e-03 -8.209297e-06 1.978112e-05 -1.326670e-05 -4.764401e-05
20031.400000 2.795037e-01 2.629125e-01 6.874085e-02 2.534745e-03 -6.142376e-06 2.486675e-05 -4.023732e-06 -5.069972e-05
20031.600000 2.706491e-01 2.543799e-01 6.704105e-02 2.522540e-03 -1.356947e-05 3.359929e-05 -1.406466e-05 -5.501376e-05
20031.800000 2.829832e-01 2.662013e-01 6.988850e-02 2.689199e-03 -1.490962e-05 3.712735e-05 -1.792095e-05 -5.723493e-05
20032.000000 2.767779e-01 2.601256e-01 6.856374e-02 2.783808e-03 -1.392895e-05 3.789626e-05 -9.148352e-06 -4.962212e-05
20032.200000 2.788679e-01 2.618469e-01 6.929125e-02 2.691141e-03 -2.266535e-05 3.871614e-05 -1.126688e-05 -4.903579e-05
20032.400000 2.742711e-01 2.582047e-01 6.876913e-02 2.479673e-03 -1.425362e-05 2.905107e-05 -3.948778e-06 -3.607362e-05
20032.600000 2.770401e-01 2.604326e-01 6.912335e-02 2.723363e-03 -5.401423e-06 2.603866e-05 -1.440096e-05 -4.512923e-05
20032.800000 2.720533e-01 2.560677e-01 6.827027e-02 2.586895e-03 -5.343325e-06 2.408114e-05 -5.133479e-06 -3.970758e-05
20033.000000 2.771726e-01 2.605780e-01 6.967870e-02 2.579693e-03 -6.316799e-06 2.616031e-05 -6.462601e-06 -3.903952e-05
20033.700000 2.765125e-01 2.603217e-01 7.014353e-02 2.653034e-03 -1.147140e-05 2.386735e-05 -7.480134e-06 -3.895996e-05
20034.400000 2.768105e-01 2.604295e-01 7.061117e-02 2.637796e-03 -1.405436e-05 2.195012e-05 5.748954e-06 -3.889437e-05
20035.100000 2.765404e-01 2.602486e-01 7.076588e-02 2.717975e-03 -1.063211e-06 2.616134e-05 4.051128e-06 -4.575825e-05
20035.800000 2.766957e-01 2.603486e-01 7.077307e-02 2.577045e-03 4.573246e-07 1.801057e-05 -3.468623e-08 -4.267730e-05
20036.500000 2.760702e-01 2.596441e-01 7.048941e-02 2.602686e-03 -1.484631e-05 1.037849e-05 2.909821e-06 -4.814160e-05
20037.200000 2.770279e-01 2.606267e-01 7.042855e-02 2.591905e-03 -2.815701e-05 1.266244e-05 1.419907e-05 -4.589538e-05
20037.900000 2.758244e-01 2.594334e-01 6.991910e-02 2.738715e-03 -1.800772e-05 1.784509e-05 1.335086e-05 -5.059037e-05
20038.600000 2.766034e-01 2.600288e-01 6.978169e-02 2.584966e-03 -2.009506e-05 1.858648e-05 -5.628840e-06 -4.807340e-05
20039.300000 2.762761e-01 2.599091e-01 6.936500e-02 2.578232e-03 -1.373956e-05 1.889682e-05 -6.997071e-06 -4.241410e-05
20040.993695 2.762756e-01 2.596431e-01 6.881259e-02 2.600397e-03 -8.359697e-06 3.090178e-05 -4.463073e-06 -4.404852e-05
20041.999583 2.759325e-01 2.595899e-01 6.853478e-02 2.643331e-03 -5.602915e-06 3.160417e-05 2.366166e-06 -3.946842e-05
20043.017662 2.763164e-01 2.600269e-01 6.864783e-02 2.584615e-03 -6.684855e-06 2.787184e-05 -1.088532e-05 -3.859067e-05
20044.047933 2.760315e-01 2.596991e-01 6.846463e-02 2.641311e-03 -1.217827e-05 3.133171e-05 -1.106271e-05 -4.258851e-05
20045.090396 2.756695e-01 2.593043e-01 6.810936e-02 2.648684e-03 -1.586860e-05 3.662736e-05 -9.604297e-06 -4.474946e-05
20046.145051 2.758437e-01 2.593714e-01 6.785211e-02 2.632173e-03 -1.285544e-05 3.272467e-05 1.138817e-07 -4.503238e-05
20047.211898 2.758296e-01 2.593824e-01 6.734625e-02 2.699829e-03 -1.029041e-05 3.342590e-05 -3.556991e-06 -5.765214e-05
20048.290937 2.757107e-01 2.593007e-01 6.679257e-02 2.535135e-03 -6.530754e-06 4.064664e-05 -1.127948e-05 -5.702030e-05
20049.382167 2.759083e-01 2.596661e-01 6.621305e-02 2.517844e-03 -7.260472e-06 4.750955e-05 -1.217926e-05 -6.416082e-05
20050.485590 2.754083e-01 2.593444e-01 6.552710e-02 2.617910e-03 -7.756101e-06 4.247336e-05 -1.221947e-05 -5.446742e-05
20051.601204 2.753758e-01 2.591983e-01 6.477371e-02 2.590079e-03 -3.462262e-06 4.980617e-05 -1.232528e-05 -6.123971e-05
20052.729011 2.754103e-01 2.591162e-01 6.386826e-02 2.581763e-03 -7.748557e-06 5.051390e-05 -1.368531e-05 -6.371348e-05
20053.869009 2.751270e-01 2.588507e-01 6.301469e-02 2.595580e-03 -4.162534e-06 5.101759e-05 -1.751997e-05 -6.041337e-05
20055.021199 2.751741e-01 2.591262e-01 6.237071e-02 2.625820e-03 -3.967546e-06 4.189007e-05 -1.629448e-05 -6.191592e-05
20056.185582 2.752178e-01 2.591529e-01 6.166292e-02 2.624464e-03 -1.590938e-05 3.452359e-05 -1.855482e-05 -7.026722e-05
20057.362156 2.752703e-01 2.591802e-01 6.123399e-02 2.656855e-03 -1.789161e-05 3.436470e-05 -1.274823e-05 -6.967946e-05
20058.550922 2.750647e-01 2.589840e-01 6.136355e-02 2.623583e-03 -1.205091e-05 3.723211e-05 -1.049677e-05 -6.720266e-05
20059.751879 2.747067e-01 2.583236e-01 6.194134e-02 2.583458e-03 -1.746235e-05 3.683096e-05 -7.686950e-06 -5.321369e-05
20060.965029 2.750813e-01 2.587906e-01 6.292188e-02 2.605912e-03 -1.620187e-05 3.727966e-05 -1.756087e-05 -5.996621e-05
20062.190371 2.746601e-01 2.586128e-01 6.391236e-02 2.639693e-03 -2.493699e-05 2.970676e-05 -3.427593e-05 -5.771518e-05
20063.427904 2.748745e-01 2.586235e-01 6.541949e-02 2.621521e-03 -2.226766e-05 3.860409e-05 -2.519206e-05 -5.041247e-05
20064.677630 2.746618e-01 2.585135e-01 6.660408e-02 2.580543e-03 -2.482921e-05 4.368285e-05 -2.407018e-05 -4.940223e-05
20065.939547 2.745644e-01 2.583009e-01 6.756257e-02 2.673580e-03 -1.748286e-05 3.864306e-05 -2.599212e-05 -5.481072e-05
20067.213657 2.743332e-01 2.582001e-01 6.813672e-02 2.628456e-03 -1.460885e-05 3.173474e-05 -2.475828e-05 -5.196270e-05
20068.499958 2.743777e-01 2.583181e-01 6.862959e-02 2.576306e-03 -1.502411e-05 3.689244e-05 -2.649622e-05 -5.192238e-05
20069.798451 2.743768e-01 2.583137e-01 6.887767e-02 2.631119e-03 -1.418790e-05 3.870345e-05 -2.510517e-05 -4.431769e-05
20071.109136 2.741495e-01 2.582358e-01 6.880261e-02 2.634903e-03 -1.084164e-05 3.434880e-05 -3.043704e-05 -5.193794e-05
20072.432013 2.744652e-01 2.582175e-01 6.866408e-02 2.591505e-03 -1.233447e-05 3.024606e-05 -3.958098e-05 -5.390790e-05
20073.767082 2.740523e-01 2.578324e-01 6.813365e-02 2.582614e-03 -6.127082e-06 2.996223e-05 -3.693638e-05 -4.603827e-05
20075.114342 2.741845e-01 2.580302e-01 6.783610e-02 2.622996e-03 -1.877515e-05 3.378933e-05 -3.712035e-05 -4.268479e-05
20076.473795 2.740727e-01 2.579531e-01 6.738379e-02 2.597828e-03 -1.107567e-05 4.307318e-05 -3.900008e-05 -5.141550e-05
20077.845440 2.737911e-01 2.577882e-01 6.713618e-02 2.572354e-03 -1.718352e-05 3.296665e-05 -3.636238e-05 -4.838240e-05
20079.229276 2.737255e-01 2.575951e-01 6.702693e-02 2.581703e-03 -1.740356e-05 2.712700e-05 -3.187612e-05 -4.085388e-05
20080.625305 2.734903e-01 2.574279e-01 6.718625e-02 2.613635e-03 -1.994592e-05 3.389853e-05 -2.968990e-05 -4.594836e-05
20082.033525 2.735413e-01 2.574457e-01 6.736177e-02 2.624402e-03 -1.519226e-05 3.110268e-05 -2.451026e-05 -4.186238e-05
20083.453937 2.734098e-01 2.573137e-01 6.756658e-02 2.581812e-03 -1.293225e-05 2.826206e-05 -2.462686e-05 -4.968105e-05
20084.886541 2.731304e-01 2.570999e-01 6.791728e-02 2.632600e-03 -1.439031e-05 3.701913e-05 -3.479833e-05 -4.173280e-05
20086.331337 2.731053e-01 2.570666e-01 6.828053e-02 2.608302e-03 -1.501090e-05 3.930595e-05 -3.073007e-05 -4.835524e-05
20087.788325 2.732941e-01 2.571293e-01 6.849546e-02 2.617014e-03 -8.786495e-06 3.255121e-05 -2.858620e-05 -5.525645e-05
20089.257505 2.728898e-01 2.568181e-01 6.851764e-02 2.646279e-03 -8.845244e-06 3.865759e-05 -2.898004e-05 -5.835531e-05
20090.738877 2.729942e-01 2.569071e-01 6.852329e-02 2.596379e-03 -1.218556e-05 3.469032e-05 -2.822014e-05 -5.681655e-05
20092.232440 2.728983e-01 2.567504e-01 6.810347e-02 2.640145e-03 -7.568865e-06 3.919746e-05 -1.951285e-05 -5.104495e-05
20093.738196 2.727689e-01 2.566113e-01 6.728827e-02 2.609619e-03 -1.138700e-05 3.294799e-05 -2.249047e-05 -5.125604e-05
20095.256143 2.729158e-01 2.566531e-01 6.658561e-02 2.584132e-03 -8.584060e-06 4.041411e-05 -1.236476e-05 -5.423733e-05
20096.786283 2.726609e-01 2.564498e-01 6.577058e-02 2.626215e-03 -5.431020e-06 3.964146e-05 -1.219322e-05 -4.925624e-05
20098.328614 2.723536e-01 2.563333e-01 6.510949e-02 2.663035e-03 -1.165045e-07 3.311757e-05 -1.972266e-05 -5.478700e-05
20099.883137 2.721837e-01 2.562348e-01 6.456492e-02 2.583532e-03 4.236331e-06 2.422220e-05 -1.489986e-05 -5.453964e-05
20101.449852 2.724374e-01 2.562550e-01 6.432129e-02 2.570842e-03 1.921037e-06 2.723013e-05 -2.152190e-05 -5.702877e-05
20103.028759 2.723790e-01 2.562333e-01 6.447786e-02 2.622581e-03 8.023604e-06 3.287799e-05 -2.152387e-05 -5.337467e-05
20104.619858 2.721894e-01 2.561143e-01 6.503456e-02 2.579383e-03 6.659046e-06 3.332165e-05 -1.450470e-05 -6.118684e-05
20106.223149 2.720956e-01 2.559069e-01 6.590647e-02 2.632005e-03 6.963515e-06 3.158023e-05 -1.770875e-05 -5.890614e-05
20107.838632 2.720841e-01 2.560068e-01 6.684764e-02 2.656559e-03 5.673473e-06 4.434365e-05 -3.341036e-05 -5.169670e-05
20109.466307 2.719319e-01 2.560809e-01 6.751970e-02 2.642047e-03 -6.890251e-07 3.785988e-05 -2.111844e-05 -5.817096e-05
20111.106173 2.717142e-01 2.556352e-01 6.808328e-02 2.596891e-03 1.171046e-06 3.582076e-05 -1.465361e-05 -5.163906e-05
20112.758232 2.717156e-01 2.556026e-01 6.862936e-02 2.561986e-03 4.951706e-06 4.371145e-05 -7.485114e-06 -5.721076e-05
20114.422482 2.715818e-01 2.554689e-01 6.880003e-02 2.541067e-03 -1.945660e-06 3.766125e-05 -1.555382e-05 -5.826714e-05
20116.098924 2.714664e-01 2.554476e-01 6.855796e-02 2.616231e-03 -6.007915e-06 3.534866e-05 -2.450293e-05 -6.382102e-05
20117.787558 2.714121e-01 2.553456e-01 6.848916e-02 2.536731e-03 -6.101388e-06 3.537899e-05 -2.192658e-05 -6.015985e-05
20119.488385 2.713636e-01 2.552745e-01 6.834967e-02 2.575182e-03 -9.156494e-07 4.383470e-05 -1.555803e-05 -5.632515e-05
20121.201403 2.710699e-01 2.551592e-01 6.811230e-02 2.565834e-03 4.553646e-06 4.131714e-05 -2.250872e-05 -5.048715e-05
20122.926613 2.708426e-01 2.548963e-01 6.799996e-02 2.603771e-03 1.004734e-05 2.496833e-05 -2.954422e-05 -5.118269e-05
20124.664014 2.709714e-01 2.550363e-01 6.781301e-02 2.575046e-03 5.044070e-06 2.625478e-05 -3.242366e-05 -5.462132e-05
20126.413608 2.707235e-01 2.548908e-01 6.766541e-02 2.615107e-03 7.201629e-06 2.706917e-05 -3.188967e-05 -5.020747e-05
20128.175394 2.705732e-01 2.546739e-01 6.765059e-02 2.611463e-03 1.177051e-05 3.254098e-05 -3.061240e-05 -5.177008e-05
20129.949371 2.707466e-01 2.546984e-01 6.760257e-02 2.610755e-03 1.283492e-05 3.665541e-05 -3.206680e-05 -4.115468e-05
20131.735541 2.706429e-01 2.547576e-01 6.730289e-02 2.586897e-03 4.913724e-06 3.195391e-05 -1.894166e-05 -4.427522e-05
20133.533902 2.702495e-01 2.544065e-01 6.698602e-02 2.542669e-03 6.822126e-06 2.290960e-05 -2.279619e-05 -5.010752e-05
20135.344455 2.703758e-01 2.544586e-01 6.647961e-02 2.588119e-03 6.741716e-06 3.476180e-05 -1.394118e-05 -5.057806e-05
20137.167201 2.701854e-01 2.542512e-01 6.605647e-02 2.528069e-03 2.826561e-06 3.997809e-05 -1.074762e-05 -5.418873e-05
20139.002138 2.700627e-01 2.541745e-01 6.559064e-02 2.538432e-03 5.870547e-06 4.792377e-05 -1.036019e-05 -6.367590e-05
20140.849267 2.699410e-01 2.541702e-01 6.531521e-02 2.632114e-03 8.645259e-06 4.597968e-05 -9.572114e-06 -5.337901e-05
20142.708588 2.699700e-01 2.541496e-01 6.515706e-02 2.574830e-03 8.501277e-06 3.768618e-05 -1.387621e-05 -4.349409e-05
20144.580100 2.696960e-01 2.539101e-01 6.527256e-02 2.567170e-03 7.058441e-06 3.686463e-05 -1.688373e-05 -5.235186e-05
20146.463805 2.695259e-01 2.537711e-01 6.553321e-02 2.585193e-03 4.448014e-06 3.705268e-05 -2.384842e-05 -5.676983e-05
20148.359702 2.695434e-01 2.536723e-01 6.599698e-02 2.607975e-03 2.897546e-06 4.091127e-05 -3.054466e-05 -4.676214e-05
20150.267790 2.693028e-01 2.535478e-01 6.644631e-02 2.589423e-03 -9.336164e-08 3.223538e-05 -3.195769e-05 -4.230144e-05
20152.188071 2.692307e-01 2.534618e-01 6.708892e-02 2.564424e-03 -3.048381e-06 3.085586e-05 -2.266137e-05 -5.414387e-05
20154.120543 2.691587e-01 2.533766e-01 6.784663e-02 2.590168e-03 3.145507e-07 3.799346e-05 -2.148217e-05 -5.536166e-05
20156.065207 2.690648e-01 2.533392e-01 6.852524e-02 2.564621e-03 4.313576e-06 3.289456e-05 -1.943669e-05 -5.865954e-05
20158.022064 2.689081e-01 2.530967e-01 6.906575e-02 2.569462e-03 -6.204522e-06 4.038228e-05 -1.502190e-05 -5.098307e-05
20159.991112 2.686343e-01 2.528959e-01 6.955910e-02 2.569418e-03 -1.177302e-05 3.506015e-05 -5.489398e-06 -4.807824e-05
20161.972352 2.686146e-01 2.528940e-01 6.987745e-02 2.556415e-03 -3.476937e-06 3.470077e-05 -2.396999e-05 -4.865155e-05
20163.965784 2.684430e-01 2.526224e-01 7.004470e-02 2.574061e-03 -8.785609e-06 3.478022e-05 -2.774676e-05 -5.671722e-05
20165.971407 2.683991e-01 2.526673e-01 7.023332e-02 2.614997e-03 -1.092440e-05 3.599107e-05 -2.891541e-05 -4.583912e-05
20167.989223 2.683131e-01 2.525240e-01 7.033265e-02 2.627576e-03 -1.072678e-05 2.624095e-05 -3.303274e-05 -3.816857e-05
20170.019231 2.682391e-01 2.523824e-01 7.025206e-02 2.624394e-03 -1.973488e-05 3.498627e-05 -3.448711e-05 -3.782838e-05
20172.061430 2.681221e-01 2.523208e-01 7.030688e-02 2.636622e-03 -6.955435e-06 3.558940e-05 -2.796872e-05 -3.207480e-05
20174.115822 2.680165e-01 2.522819e-01 7.012192e-02 2.595558e-03 -7.136832e-06 2.842940e-05 -2.042979e-05 -3.621830e-05
20176.182405 2.678772e-01 2.521987e-01 6.980803e-02 2.607748e-03 -1.497427e-05 3.192093e-05 -3.093942e-05 -3.869871e-05
20178.261180 2.677481e-01 2.519911e-01 6.930520e-02 2.591747e-03 -2.532499e-05 4.090409e-05 -4.134073e-05 -5.170675e-05
20180.352148 2.676718e-01 2.518436e-01 6.906826e-02 2.581368e-03 -1.660767e-05 3.662913e-05 -4.352358e-05 -6.241552e-05
20182.455307 2.674808e-01 2.518520e-01 6.876492e-02 2.611484e-03 -1.628471e-05 3.819533e-05 -3.685415e-05 -5.525245e-05
20184.570658 2.674255e-01 2.518223e-01 6.840647e-02 2.596172e-03 -1.569527e-05 3.825110e-05 -3.666046e-05 -4.602385e-05
20186.698201 2.673434e-01 2.517326e-01 6.833829e-02 2.604189e-03 -2.141715e-05 4.370270e-05 -3.261316e-05 -3.936216e-05
20188.837935 2.671009e-01 2.515587e-01 6.819004e-02 2.576364e-03 -1.807707e-05 4.582099e-05 -2.402407e-05 -4.240115e-05
20190.989862 2.669484e-01 2.512759e-01 6.825225e-02 2.548532e-03 -1.051259e-05 4.620647e-05 -2.593873e-05 -4.305928e-05
20193.153981 2.668420e-01 2.512720e-01 6.830607e-02 2.578891e-03 -9.728599e-06 4.132764e-05 -2.916121e-05 -4.404292e-05
20195.330291 2.667706e-01 2.511774e-01 6.811499e-02 2.574973e-03 -1.467774e-05 3.289410e-05 -2.089723e-05 -3.994575e-05
20197.518794 2.666593e-01 2.509638e-01 6.747346e-02 2.588575e-03 -1.379937e-05 2.749068e-05 -1.850144e-05 -4.095687e-05
20199.719488 2.664695e-01 2.509047e-01 6.672354e-02 2.573541e-03 -1.305118e-05 3.102027e-05 -1.957136e-05 -4.094681e-05
20201.932374 2.663428e-01 2.508072e-01 6.593604e-02 2.551572e-03 -1.506171e-05 2.517860e-05 -2.145466e-05 -4.281621e-05
20204.157453 2.662126e-01 2.505638e-01 6.511877e-02 2.583947e-03 -1.237534e-05 3.557266e-05 -2.682237e-05 -4.294359e-05
20206.394723 2.661086e-01 2.506496e-01 6.456925e-02 2.593205e-03 -1.376740e-05 3.936218e-05 -1.839130e-05 -2.603188e-05
20208.644185 2.660369e-01 2.503854e-01 6.435409e-02 2.616265e-03 -4.893492e-06 3.483215e-05 -1.092003e-05 -2.873823e-05
20210.905838 2.658757e-01 2.501797e-01 6.444343e-02 2.630261e-03 -4.301651e-06 3.549454e-05 -1.890311e-05 -3.624915e-05
20213.179684 2.656381e-01 2.501382e-01 6.504261e-02 2.556436e-03 -1.213204e-05 3.313807e-05 -2.456248e-05 -3.071762e-05
20215.465722 2.654616e-01 2.501134e-01 6.579676e-02 2.555008e-03 -6.167177e-06 3.099249e-05 -1.393687e-05 -2.916830e-05
20217.763952 2.650853e-01 2.497815e-01 6.689177e-02 2.542600e-03 -1.460320e-06 3.254307e-05 -8.529645e-06 -3.769669e-05
20220.074373 2.648008e-01 2.494170e-01 6.818045e-02 2.548142e-03 5.911510e-06 3.093344e-05 -1.998130e-05 -3.047204e-05
20222.396987 2.649168e-01 2.494535e-01 6.963471e-02 2.579083e-03 6.719877e-06 2.545222e-05 -2.956252e-05 -3.592720e-05
20224.731792 2.647732e-01 2.492769e-01 7.089588e-02 2.557603e-03 2.594256e-06 1.864820e-05 -3.470489e-05 -3.498647e-05
20227.078789 2.647271e-01 2.492430e-01 7.202635e-02 2.597549e-03 2.815608e-06 1.715235e-05 -3.549279e-05 -4.331836e-05
20229.437978 2.646809e-01 2.493884e-01 7.277122e-02 2.594692e-03 -4.260879e-06 1.790883e-05 -2.798320e-05 -4.126095e-05
20231.809359 2.645659e-01 2.492394e-01 7.285330e-02 2.598542e-03 -9.767275e-06 1.925730e-05 -2.906528e-05 -3.776060e-05
20234.192932 2.643020e-01 2.490448e-01 7.268115e-02 2.618400e-03 -9.916560e-06 1.794770e-05 -3.056235e-05 -3.650162e-05
20236.588697 2.642599e-01 2.489187e-01 7.222726e-02 2.557901e-03 -1.934515e-05 1.983204e-05 -3.280715e-05 -4.073919e-05
20238.996654 2.641228e-01 2.487775e-01 7.170699e-02 2.607760e-03 -1.941079e-05 2.239317e-05 -3.391657e-05 -3.974905e-05
20241.416803 2.638953e-01 2.486695e-01 7.140932e-02 2.544521e-03 -2.414999e-05 2.508281e-05 -3.395581e-05 -4.321485e-05
20243.849143 2.638942e-01 2.485437e-01 7.117464e-02 2.575759e-03 -2.603707e-05 2.786266e-05 -2.558813e-05 -3.748276e-05
20246.293676 2.636078e-01 2.484074e-01 7.091577e-02 2.581847e-03 -2.711791e-05 2.468745e-05 -2.260327e-05 -3.891016e-05
20248.750400 2.633721e-01 2.481655e-01 7.076940e-02 2.586382e-03 -1.453826e-05 2.883053e-05 -2.570195e-05 -4.353285e-05
20251.219317 2.634448e-01 2.480364e-01 7.056977e-02 2.538041e-03 -7.890013e-06 4.249692e-05 -2.671394e-05 -3.703600e-05
20253.700425 2.632968e-01 2.478863e-01 7.003430e-02 2.567515e-03 -1.715195e-05 4.680518e-05 -2.417942e-05 -3.305499e-05
20256.193725 2.630700e-01 2.479070e-01 6.943952e-02 2.612445e-03 -1.214865e-05 3.336229e-05 -2.257770e-05 -3.353662e-05
20258.699217 2.626823e-01 2.475713e-01 6.882091e-02 2.582644e-03 -1.185002e-05 3.498046e-05 -2.378157e-05 -3.345261e-05
20261.216901 2.624793e-01 2.473742e-01 6.815340e-02 2.597234e-03 -7.280320e-06 3.768130e-05 -3.243764e-05 -2.888177e-05
20263.746777 2.621304e-01 2.471466e-01 6.741958e-02 2.526506e-03 -5.163041e-06 3.981040e-05 -4.051997e-05 -3.809783e-05
20266.288845 2.621970e-01 2.471053e-01 6.710318e-02 2.580216e-03 -1.299225e-06 3.414117e-05 -4.291174e-05 -3.339958e-05
20268.843105 2.622373e-01 2.470731e-01 6.676385e-02 2.601667e-03 4.863627e-06 2.176652e-05 -4.625994e-05 -3.344218e-05
20271.409556 2.619831e-01 2.467775e-01 6.661749e-02 2.620900e-03 6.467295e-08 1.227886e-05 -4.396164e-05 -3.869901e-05
20273.988200 2.617886e-01 2.467115e-01 6.644636e-02 2.594549e-03 -9.493153e-06 7.613296e-06 -4.175704e-05 -4.318989e-05
20276.579035 2.617695e-01 2.465268e-01 6.637915e-02 2.553418e-03 -6.919162e-06 7.040443e-06 -5.038644e-05 -4.269263e-05
20279.182062 2.618245e-01 2.466350e-01 6.648705e-02 2.510834e-03 -1.341949e-05 1.369836e-05 -4.856306e-05 -3.678389e-05
20281.797282 2.615175e-01 2.464504e-01 6.647840e-02 2.570236e-03 -8.569144e-06 2.735851e-05 -3.894199e-05 -4.063803e-05
20284.424693 2.614392e-01 2.462306e-01 6.648334e-02 2.530495e-03 -2.451250e-06 3.087152e-05 -4.278760e-05 -4.638669e-05
20287.064296 2.612725e-01 2.461536e-01 6.659797e-02 2.562955e-03 -1.303561e-06 2.524210e-05 -3.785303e-05 -4.628066e-05
20289.716091 2.609935e-01 2.458888e-01 6.699236e-02 2.552864e-03 -1.951751e-06 1.657719e-05 -3.642350e-05 -2.975506e-05
20292.380078 2.609284e-01 2.458865e-01 6.741414e-02 2.516967e-03 -6.924737e-06 1.470919e-05 -4.136970e-05 -4.007582e-05
20295.056256 2.607929e-01 2.457180e-01 6.787916e-02 2.502972e-03 4.262123e-06 1.313455e-05 -3.274035e-05 -4.552975e-05
20297.744627 2.604899e-01 2.455200e-01 6.853572e-02 2.504565e-03 7.485456e-06 2.014364e-05 -4.295928e-05 -4.587493e-05
20300.445190 2.601526e-01 2.451091e-01 6.917195e-02 2.559646e-03 8.550758e-06 2.955003e-05 -4.015237e-05 -5.549736e-05
20303.157944 2.602675e-01 2.452152e-01 6.985595e-02 2.600524e-03 3.464803e-06 3.435115e-05 -3.972605e-05 -3.760500e-05
20305.882891 2.601294e-01 2.449013e-01 7.034660e-02 2.536773e-03 -2.993535e-06 3.889210e-05 -3.127359e-05 -2.779765e-05
20308.620029 2.599478e-01 2.448880e-01 7.082804e-02 2.555936e-03 -4.013967e-06 3.724156e-05 -3.490512e-05 -2.384614e-05
20311.369359 2.597817e-01 2.446767e-01 7.128448e-02 2.539502e-03 -1.114885e-05 2.387060e-05 -4.515059e-05 -3.112825e-05
20314.130881 2.595658e-01 2.445570e-01 7.161175e-02 2.539167e-03 -3.205934e-06 2.381550e-05 -3.374174e-05 -3.449815e-05
20316.904595 2.594862e-01 2.444743e-01 7.187213e-02 2.524082e-03 -3.605016e-06 2.521595e-05 -4.082706e-05 -2.398368e-05
20319.690501 2.593757e-01 2.443435e-01 7.200665e-02 2.558803e-03 -3.220155e-06 2.809883e-05 -3.138511e-05 -2.446039e-05
20322.488599 2.591145e-01 2.442930e-01 7.164900e-02 2.511654e-03 -6.554294e-06 4.083825e-05 -3.019615e-05 -1.785896e-05
20325.298889 2.588942e-01 2.440846e-01 7.121506e-02 2.493206e-03 1.323514e-06 3.245598e-05 -2.427300e-05 -2.460708e-05
20328.121371 2.587138e-01 2.438291e-01 7.063991e-02 2.499886e-03 6.231058e-07 3.224336e-05 -4.084124e-05 -2.420734e-05
20330.956044 2.586001e-01 2.437607e-01 7.017144e-02 2.448230e-03 5.089259e-06 2.974497e-05 -3.386945e-05 -1.750469e-05
20333.802910 2.586299e-01 2.434794e-01 6.949286e-02 2.497176e-03 9.513404e-06 2.966465e-05 -3.818453e-05 -2.280243e-05
20336.661967 2.583929e-01 2.434392e-01 6.909648e-02 2.500638e-03 6.701450e-06 3.341072e-05 -4.915123e-05 -2.781319e-05
20339.533217 2.581245e-01 2.431914e-01 6.851585e-02 2.538990e-03 1.407111e-05 2.596537e-05 -5.875607e-05 -3.147486e-05
20342.416658 2.581028e-01 2.430746e-01 6.816953e-02 2.506870e-03 1.233995e-05 3.167154e-05 -4.581019e-05 -2.565286e-05
20345.312291 2.577753e-01 2.429528e-01 6.775690e-02 2.486251e-03 9.438411e-06 4.399834e-05 -3.776578e-05 -2.371930e-05
20348.220116 2.575104e-01 2.426557e-01 6.748938e-02 2.463723e-03 5.683411e-06 4.468315e-05 -4.779740e-05 -2.471069e-05
20351.140133 2.574509e-01 2.426117e-01 6.732794e-02 2.493844e-03 6.196883e-06 4.023398e-05 -4.940354e-05 -3.037824e-05
20354.072342 2.574194e-01 2.425655e-01 6.717014e-02 2.484939e-03 -1.104015e-07 3.354395e-05 -5.575977e-05 -2.662495e-05
20357.016743 2.569357e-01 2.422734e-01 6.711226e-02 2.495646e-03 6.641796e-06 3.488268e-05 -4.539707e-05 -1.492629e-05
20359.973335 2.567719e-01 2.420276e-01 6.718502e-02 2.486472e-03 4.199633e-06 2.694886e-05 -4.262250e-05 -1.924580e-05
20362.942120 2.566290e-01 2.418616e-01 6.723885e-02 2.526769e-03 2.014746e-06 2.993796e-05 -4.954637e-05 -2.823746e-05
20365.923096 2.565635e-01 2.418262e-01 6.759316e-02 2.523050e-03 2.386854e-06 1.908069e-05 -4.479889e-05 -2.951828e-05
20368.916265 2.564126e-01 2.416631e-01 6.773687e-02 2.527518e-03 8.687552e-06 2.483207e-05 -5.256262e-05 -3.336248e-05
20371.921625 2.562684e-01 2.414975e-01 6.791283e-02 2.463789e-03 7.631112e-06 2.327650e-05 -4.503124e-05 -3.650356e-05
20374.939177 2.561478e-01 2.414985e-01 6.803219e-02 2.490046e-03 -3.106642e-06 2.006304e-05 -3.217792e-05 -3.865818e-05
20377.968921 2.558866e-01 2.412810e-01 6.810948e-02 2.424041e-03 -1.208888e-05 2.101203e-05 -2.745901e-05 -3.444985e-05
20381.010858 2.557227e-01 2.409702e-01 6.826343e-02 2.500482e-03 -7.978665e-06 3.218213e-05 -2.584353e-05 -3.412863e-05
20384.064985 2.555894e-01 2.407534e-01 6.851965e-02 2.449332e-03 9.350777e-06 2.807514e-05 -2.765040e-05 -2.573564e-05
20387.131305 2.552904e-01 2.404691e-01 6.882347e-02 2.446240e-03 9.666376e-06 3.329217e-05 -3.120064e-05 -3.015626e-05
20390.209817 2.551377e-01 2.404917e-01 6.920217e-02 2.513573e-03 3.030699e-06 3.015806e-05 -2.649114e-05 -2.726523e-05
20393.300521 2.550176e-01 2.403028e-01 6.962763e-02 2.470742e-03 -8.932137e-06 2.842698e-05 -2.790189e-05 -2.664997e-05
20396.403416 2.546807e-01 2.399782e-01 6.981392e-02 2.475486e-03 -2.751538e-06 2.321414e-05 -2.636252e-05 -1.984286e-05
20399.518504 2.544252e-01 2.398017e-01 6.968554e-02 2.475463e-03 -1.108647e-06 2.620190e-05 -3.947150e-05 -2.755829e-05
20402.645783 2.541831e-01 2.396766e-01 6.960770e-02 2.481899e-03 3.720817e-06 2.390756e-05 -4.216551e-05 -3.011174e-05
20405.785255 2.541187e-01 2.396297e-01 6.965119e-02 2.446656e-03 2.652519e-06 2.300822e-05 -2.814940e-05 -2.842057e-05
20408.936918 2.539625e-01 2.394324e-01 6.968779e-02 2.453569e-03 6.911066e-06 2.322332e-05 -3.174221e-05 -3.009927e-05
20412.100773 2.538658e-01 2.394213e-01 6.971625e-02 2.472025e-03 1.214470e-06 3.015470e-05 -3.299357e-05 -2.977821e-05
20415.276820 2.537425e-01 2.390680e-01 6.980479e-02 2.441047e-03 6.271205e-06 2.903296e-05 -2.859212e-05 -3.819826e-05
20418.465059 2.537088e-01 2.391015e-01 6.974766e-02 2.493165e-03 1.201888e-05 2.108372e-05 -1.414399e-05 -2.839647e-05
20421.665490 2.532777e-01 2.389299e-01 6.961837e-02 2.497373e-03 4.210117e-06 1.699552e-05 -1.361215e-05 -2.968259e-05
20424.878112 2.531716e-01 2.385644e-01 6.944287e-02 2.452362e-03 1.801614e-06 2.367857e-05 -2.451768e-05 -3.075211e-05
20428.102927 2.529838e-01 2.385056e-01 6.915760e-02 2.385182e-03 5.079853e-06 1.902144e-05 -2.452424e-05 -3.276870e-05
20431.339934 2.526514e-01 2.382402e-01 6.887120e-02 2.416275e-03 9.355184e-06 2.244343e-05 -1.551706e-05 -3.031579e-05
20434.589132 2.523019e-01 2.378999e-01 6.871911e-02 2.419921e-03 5.721183e-07 2.252961e-05 -1.313946e-05 -2.029517e-05
20437.850523 2.520205e-01 2.375145e-01 6.865044e-02 2.472858e-03 -5.535935e-06 2.396149e-05 -1.468715e-05 -1.971378e-05
20441.124105 2.519529e-01 2.375195e-01 6.880402e-02 2.485797e-03 2.458962e-06 3.366278e-05 -2.285151e-05 -2.743375e-05
20444.409879 2.519184e-01 2.375174e-01 6.888373e-02 2.457254e-03 -4.986592e-06 2.310708e-05 -2.884859e-05 -3.049386e-05
20447.707845 2.518531e-01 2.374286e-01 6.890577e-02 2.459482e-03 -9.771335e-06 1.598181e-05 -3.163008e-05 -1.743404e-05
20451.018003 2.515316e-01 2.372960e-01 6.884744e-02 2.440229e-03 4.815443e-06 1.997343e-05 -3.615059e-05 -2.309107e-05
20454.340353 2.515276e-01 2.372374e-01 6.872743e-02 2.440342e-03 -3.014261e-07 2.017281e-05 -3.500637e-05 -2.585666e-05
20457.674895 2.512908e-01 2.369000e-01 6.849451e-02 2.451521e-03 -1.536113e-05 1.819338e-05 -3.512360e-05 -1.985564e-05
20461.021629 2.510662e-01 2.367217e-01 6.833226e-02 2.466436e-03 -1.181312e-05 2.235004e-05 -3.121114e-05 -2.646222e-05
20464.380554 2.508483e-01 2.364775e-01 6.800652e-02 2.445904e-03 -6.257758e-06 2.136336e-05 -1.562277e-05 -3.814622e-05
20467.751672 2.507130e-01 2.362771e-01 6.791136e-02 2.447543e-03 -8.327989e-06 1.959209e-05 -1.743711e-05 -4.122690e-05
20471.134982 2.506155e-01 2.363197e-01 6.782751e-02 2.442741e-03 -9.129165e-07 2.299194e-05 -2.122730e-05 -2.694139e-05
20474.530483 2.504184e-01 2.360540e-01 6.792680e-02 2.441290e-03 -2.183789e-06 2.138921e-05 -1.126812e-05 -2.594657e-05
20477.938176 2.503110e-01 2.358501e-01 6.809001e-02 2.476000e-03 -1.063898e-05 1.220942e-05 -5.825397e-06 -3.078826e-05
20481.358061 2.499924e-01 2.358265e-01 6.812840e-02 2.425301e-03 -1.002553e-05 1.001744e-05 -9.109900e-06 -1.957297e-05
20484.790139 2.497441e-01 2.355445e-01 6.825325e-02 2.433208e-03 -1.323688e-06 7.554784e-06 -2.696430e-05 -2.294911e-05
20488.234408 2.494818e-01 2.353407e-01 6.827545e-02 2.455983e-03 -8.342062e-06 8.101916e-06 -2.463301e-05 -1.707070e-05
20491.690868 2.491678e-01 2.350653e-01 6.855238e-02 2.485135e-03 -7.311300e-06 1.210547e-05 -2.266103e-05 -1.890603e-05
20495.159521 2.491261e-01 2.350124e-01 6.878328e-02 2.503760e-03 -3.122310e-06 1.293536e-05 -2.145391e-05 -2.519122e-05
20498.640366 2.490459e-01 2.350456e-01 6.907882e-02 2.400884e-03 -1.245474e-05 9.045697e-06 -2.369574e-05 -2.360531e-05
20502.133403 2.489323e-01 2.346487e-01 6.920000e-02 2.436172e-03 -1.364586e-05 1.073686e-05 -3.384308e-05 -2.604221e-05
20505.638631 2.486246e-01 2.343325e-01 6.904696e-02 2.460078e-03 -9.263577e-06 2.116684e-05 -3.403086e-05 -3.468060e-05
20509.156052 2.483642e-01 2.344128e-01 6.904919e-02 2.495445e-03 -7.817261e-06 1.351653e-05 -3.337931e-05 -3.314952e-05
20512.685664 2.482949e-01 2.341662e-01 6.898045e-02 2.420760e-03 -7.372421e-06 1.269922e-05 -3.279443e-05 -2.795110e-05
20516.227468 2.478522e-01 2.339554e-01 6.894791e-02 2.433258e-03 -8.861146e-06 7.145040e-06 -2.764747e-05 -2.921698e-05
20519.781465 2.475816e-01 2.336375e-01 6.884385e-02 2.393420e-03 -4.276142e-06 2.410353e-06 -2.327172e-05 -2.532321e-05
20523.347653 2.473075e-01 2.331642e-01 6.863732e-02 2.410172e-03 -3.394020e-06 5.101358e-06 -2.346922e-05 -2.062427e-05
20526.926033 2.472687e-01 2.331373e-01 6.858361e-02 2.441294e-03 -5.588015e-06 3.186558e-06 -2.927824e-05 -2.055781e-05
20530.516605 2.472191e-01 2.329087e-01 6.873550e-02 2.430231e-03 -8.847628e-06 1.789861e-05 -3.876265e-05 -2.314811e-05
20534.119369 2.470453e-01 2.329136e-01 6.879958e-02 2.442219e-03 -4.888768e-06 1.982554e-05 -3.334028e-05 -2.003922e-05
20537.734324 2.468131e-01 2.328179e-01 6.886016e-02 2.423565e-03 -1.697083e-06 2.389577e-05 -2.022706e-05 -2.776503e-05
20541.361472 2.465111e-01 2.325561e-01 6.891711e-02 2.410741e-03 -1.108529e-06 2.375103e-05 -2.625721e-05 -2.656712e-05
20545.000811 2.463883e-01 2.323809e-01 6.896286e-02 2.400853e-03 -4.553180e-06 2.060434e-05 -1.859668e-05 -3.472166e-05
20548.652343 2.462285e-01 2.322903e-01 6.889677e-02 2.422173e-03 -5.414707e-06 1.511954e-05 -1.384668e-05 -3.469443e-05
20552.316066 2.459355e-01 2.321669e-01 6.883251e-02 2.392638e-03 -6.292772e-06 2.325601e-05 -2.622263e-05 -3.815407e-05
20555.991982 2.456812e-01 2.318265e-01 6.877220e-02 2.435641e-03 -8.634691e-06 2.042060e-05 -3.803320e-05 -3.485153e-05
20559.680089 2.453912e-01 2.316164e-01 6.859690e-02 2.409843e-03 -1.062858e-05 2.169569e-05 -2.385353e-05 -2.824415e-05
20563.380388 2.450955e-01 2.312689e-01 6.844430e-02 2.385751e-03 -6.423762e-06 3.318426e-05 -1.967004e-05 -3.110764e-05
20567.092879 2.444559e-01 2.308159e-01 6.837434e-02 2.415879e-03 -1.161041e-06 2.182134e-05 -1.582364e-05 -2.805173e-05
20570.817562 2.435621e-01 2.300573e-01 6.826708e-02 2.390000e-03 3.120980e-06 1.495770e-05 -2.143436e-05 -3.828386e-05
20574.554437 2.383350e-01 2.248964e-01 6.686401e-02 2.314464e-03 1.186906e-05 1.765212e-05 -2.350543e-05 -4.069223e-05
20578.303503 2.345938e-01 2.212545e-01 6.582635e-02 2.319233e-03 1.215268e-05 2.384514e-05 -1.923446e-05 -4.094609e-05
20582.064762 2.388727e-01 2.253216e-01 6.707709e-02 2.308603e-03 8.717897e-06 2.544646e-05 -1.591763e-05 -3.911781e-05
20585.838213 2.419590e-01 2.282200e-01 6.788161e-02 2.335999e-03 1.058300e-05 2.999874e-05 -1.696089e-05 -3.670523e-05
20589.623855 2.436302e-01 2.297684e-01 6.823963e-02 2.366822e-03 1.200157e-05 3.322196e-05 -1.839253e-05 -3.921524e-05
20593.421689 2.438769e-01 2.300258e-01 6.823945e-02 2.362956e-03 1.473260e-05 2.742622e-05 -2.975765e-05 -3.484882e-05
20597.231716 2.438225e-01 2.300392e-01 6.787434e-02 2.338984e-03 1.372689e-05 2.654058e-05 -3.107756e-05 -3.864640e-05
20601.053934 2.435762e-01 2.298813e-01 6.768443e-02 2.361097e-03 2.109355e-05 2.351948e-05 -2.776648e-05 -3.808826e-05
20604.888344 2.433101e-01 2.296400e-01 6.756863e-02 2.412270e-03 1.901682e-05 3.203808e-05 -2.559953e-05 -3.807267e-05
20608.734946 2.431209e-01 2.293305e-01 6.757162e-02 2.352838e-03 1.623063e-05 2.846451e-05 -2.247580e-05 -3.392317e-05
20612.593740 2.430750e-01 2.293853e-01 6.771523e-02 2.358046e-03 9.915942e-06 1.696858e-05 -1.879906e-05 -3.032267e-05
20616.464726 2.427989e-01 2.290953e-01 6.792574e-02 2.436719e-03 -1.964830e-06 2.160315e-05 -2.172341e-05 -2.939943e-05
20620.347903 2.424447e-01 2.286585e-01 6.824922e-02 2.426846e-03 -1.024101e-05 1.447400e-05 -7.659354e-06 -2.607118e-05
20624.243273 2.422048e-01 2.285503e-01 6.843020e-02 2.403329e-03 -9.217936e-06 1.598069e-05 -2.692293e-05 -2.816323e-05
20628.150835 2.417571e-01 2.282746e-01 6.869645e-02 2.383511e-03 -8.719595e-08 1.121108e-05 -2.410715e-05 -3.028928e-05
20632.070588 2.415914e-01 2.279775e-01 6.871319e-02 2.376953e-03 8.074774e-07 7.045064e-06 -2.593450e-05 -3.801114e-05
20636.002533 2.409717e-01 2.274673e-01 6.863720e-02 2.377224e-03 -5.188516e-06 1.601149e-05 -3.040031e-05 -2.939666e-05
20639.946671 2.392158e-01 2.256001e-01 6.806821e-02 2.338509e-03 -7.621574e-06 2.036887e-05 -1.953957e-05 -4.168151e-05
20643.903000 2.322179e-01 2.191758e-01 6.623667e-02 2.269324e-03 -9.869214e-06 1.579320e-05 -9.578599e-06 -4.106065e-05
20647.871521 2.328233e-01 2.198226e-01 6.652589e-02 2.312654e-03 -1.167778e-05 2.176559e-05 -5.899118e-06 -2.866265e-05
20651.852234 2.371744e-01 2.238626e-01 6.791602e-02 2.357435e-03 -1.146686e-05 3.089064e-05 -1.207741e-05 -3.562153e-05
20655.845139 2.395147e-01 2.260999e-01 6.858636e-02 2.359142e-03 -7.623836e-06 3.002897e-05 -1.288168e-05 -3.560197e-05
20659.850236 2.404133e-01 2.267705e-01 6.895386e-02 2.340693e-03 -1.024943e-05 2.678312e-05 -1.170146e-05 -2.883597e-05
20663.867524 2.400737e-01 2.266183e-01 6.887962e-02 2.377968e-03 -1.905255e-05 2.690794e-05 -1.682929e-05 -2.345923e-05
20667.897005 2.402551e-01 2.266648e-01 6.887888e-02 2.399129e-03 -1.713127e-05 2.092429e-05 -1.142978e-05 -1.933116e-05
20671.938678 2.399563e-01 2.265060e-01 6.858222e-02 2.377644e-03 -1.990583e-05 1.199261e-05 -1.837112e-05 -2.666803e-05
20675.992542 2.396617e-01 2.262276e-01 6.835383e-02 2.375134e-03 -3.179280e-05 1.895847e-05 -1.011497e-05 -3.654883e-05
20680.058598 2.395576e-01 2.261584e-01 6.831272e-02 2.363213e-03 -2.457419e-05 2.511720e-05 -3.641931e-06 -3.506323e-05
20684.136847 2.392268e-01 2.259128e-01 6.813118e-02 2.376366e-03 -5.680759e-06 2.878863e-05 -5.139192e-06 -3.483185e-05
20688.227287 2.389950e-01 2.256097e-01 6.821522e-02 2.375476e-03 -4.333132e-06 3.778570e-05 -5.992753e-07 -3.029567e-05
20692.329919 2.387490e-01 2.253400e-01 6.813317e-02 2.367175e-03 4.551024e-06 3.728783e-05 -1.403820e-05 -2.456983e-05
20696.444743 2.386780e-01 2.252927e-01 6.815647e-02 2.364554e-03 5.655798e-06 2.871506e-05 -1.096468e-05 -2.891603e-05
20700.571759 2.384747e-01 2.252152e-01 6.816665e-02 2.341515e-03 7.163570e-06 2.821590e-05 -1.333980e-06 -3.207826e-05
20704.710967 2.382359e-01 2.249312e-01 6.816247e-02 2.352659e-03 -3.423363e-06 2.882927e-05 3.467650e-06 -4.090267e-05
20708.862366 2.377727e-01 2.246190e-01 6.803327e-02 2.397741e-03 -1.625256e-05 2.696538e-05 -5.719384e-06 -3.512978e-05
20713.025958 2.376700e-01 2.244563e-01 6.790443e-02 2.372045e-03 -1.467023e-05 3.401213e-05 1.218166e-06 -3.495955e-05
20717.201742 2.375190e-01 2.242573e-01 6.791497e-02 2.367602e-03 -1.225287e-05 2.358188e-05 4.461012e-06 -3.962701e-05
20721.389717 2.372697e-01 2.239713e-01 6.776562e-02 2.314978e-03 -4.165258e-06 1.326344e-05 -1.082958e-06 -3.775831e-05
20725.589884 2.369369e-01 2.236898e-01 6.770487e-02 2.374244e-03 -9.408697e-06 2.032915e-05 -2.438224e-06 -4.124090e-05
20729.802244 2.367022e-01 2.234921e-01 6.761870e-02 2.332640e-03 -1.101018e-05 2.174853e-05 5.184056e-06 -4.546187e-05
20734.026795 2.365497e-01 2.232356e-01 6.776023e-02 2.334372e-03 -1.017789e-05 2.992579e-05 -6.026512e-07 -3.615017e-05
20738.263538 2.364209e-01 2.230691e-01 6.789445e-02 2.303496e-03 -1.244719e-05 2.373021e-05 1.071239e-05 -2.592879e-05
20742.512473 2.361738e-01 2.229275e-01 6.789421e-02 2.299137e-03 -1.399779e-05 1.305200e-05 -1.744648e-06 -3.823292e-05
20746.773600 2.358839e-01 2.227303e-01 6.792489e-02 2.343835e-03 -1.568299e-05 1.073936e-05 -8.523834e-06 -3.500312e-05
20751.046919 2.356239e-01 2.224861e-01 6.795396e-02 2.307028e-03 -1.211254e-05 1.048028e-05 3.343308e-06 -3.762055e-05
20755.332429 2.353868e-01 2.221939e-01 6.808155e-02 2.319801e-03 -8.617311e-06 2.340775e-05 -2.024036e-06 -4.104653e-05
20759.630132 2.351839e-01 2.219522e-01 6.820736e-02 2.343051e-03 -1.772758e-05 2.272587e-05 -1.296747e-05 -3.923647e-05
20763.940026 2.349548e-01 2.217571e-01 6.829540e-02 2.390728e-03 -1.494133e-05 1.959015e-05 -1.924967e-05 -3.142368e-05
20768.262113 2.347784e-01 2.216940e-01 6.828322e-02 2.399090e-03 -1.259210e-05 2.171156e-05 -9.899546e-06 -3.193953e-05
20772.596391 2.345896e-01 2.215142e-01 6.838036e-02 2.396654e-03 -8.080958e-06 2.016607e-05 -1.471819e-05 -3.609433e-05
20776.942861 2.344298e-01 2.213191e-01 6.839008e-02 2.342449e-03 -1.271653e-05 1.542700e-05 -2.394556e-05 -3.247738e-05
20781.301524 2.341129e-01 2.211924e-01 6.839858e-02 2.349410e-03 -9.099606e-06 1.926279e-05 -1.861229e-05 -3.034428e-05
20785.672378 2.339981e-01 2.209737e-01 6.858195e-02 2.347810e-03 -4.713170e-06 2.476640e-05 -1.510985e-05 -4.081970e-05
20790.055424 2.335464e-01 2.207369e-01 6.861192e-02 2.361661e-03 -5.881323e-06 2.677135e-05 -1.521635e-05 -3.742385e-05
20794.450662 2.334678e-01 2.203839e-01 6.856819e-02 2.298186e-03 -3.234475e-06 1.990624e-05 -5.697892e-06 -3.497792e-05
20798.858091 2.332811e-01 2.201067e-01 6.854913e-02 2.290663e-03 3.912296e-06 1.863984e-05 -1.048131e-06 -3.295008e-05
20803.277713 2.330352e-01 2.200178e-01 6.838143e-02 2.296289e-03 9.247373e-06 2.593632e-05 -1.247699e-05 -3.796976e-05
20807.709527 2.330037e-01 2.199352e-01 6.820216e-02 2.304372e-03 2.053300e-06 2.855578e-05 -1.580679e-05 -3.779162e-05
20812.153532 2.325973e-01 2.196629e-01 6.812908e-02 2.321422e-03 9.836833e-09 3.084618e-05 -2.079514e-05 -4.152934e-05
20816.609730 2.323273e-01 2.194666e-01 6.789829e-02 2.333748e-03 -3.647105e-06 4.281667e-05 -1.583652e-05 -4.332150e-05
20821.078119 2.320993e-01 2.192300e-01 6.766401e-02 2.288306e-03 1.783758e-06 3.853864e-05 -2.728097e-05 -4.750040e-05
20825.558700 2.318921e-01 2.190739e-01 6.770157e-02 2.258862e-03 6.393162e-06 3.838308e-05 -2.632864e-05 -4.867884e-05
20830.051473 2.317443e-01 2.189602e-01 6.764172e-02 2.281247e-03 1.328044e-05 4.198824e-05 -2.644323e-05 -4.162066e-05
20834.556438 2.316088e-01 2.187258e-01 6.774361e-02 2.266269e-03 1.103215e-05 4.404027e-05 -2.079508e-05 -3.150890e-05
20839.073595 2.312282e-01 2.184306e-01 6.778206e-02 2.310038e-03 5.668869e-06 4.861587e-05 -1.671991e-05 -3.383148e-05
20843.602944 2.308970e-01 2.180944e-01 6.773305e-02 2.301827e-03 -8.614597e-07 4.478471e-05 -1.167085e-05 -2.670752e-05
20848.144485 2.309145e-01 2.180268e-01 6.774995e-02 2.288694e-03 2.794759e-06 4.223089e-05 -1.796813e-05 -3.554344e-05
20852.698218 2.304592e-01 2.176862e-01 6.749595e-02 2.347919e-03 -3.369219e-06 4.348625e-05 -2.104383e-05 -3.274929e-05
20857.264142 2.300677e-01 2.172988e-01 6.741912e-02 2.342275e-03 7.453142e-06 4.223432e-05 -1.464260e-05 -2.629504e-05
20861.842259 2.292884e-01 2.165846e-01 6.730839e-02 2.289393e-03 3.012530e-06 4.206721e-05 -1.501186e-05 -3.303402e-05
20866.432567 2.292441e-01 2.165665e-01 6.740793e-02 2.279520e-03 1.218954e-06 3.258047e-05 -2.423159e-05 -3.066342e-05
20871.035068 2.293738e-01 2.165526e-01 6.744660e-02 2.254178e-03 4.363243e-06 4.586085e-05 -2.112696e-05 -2.446323e-05
20875.649760 2.291581e-01 2.164860e-01 6.759396e-02 2.247726e-03 8.980862e-06 4.805124e-05 -1.853744e-05 -2.078233e-05
20880.276644 2.291023e-01 2.164056e-01 6.761993e-02 2.322490e-03 1.444536e-05 6.128643e-05 -2.418177e-05 -1.875719e-05
20884.915720 2.289422e-01 2.161893e-01 6.768426e-02 2.265421e-03 1.529468e-05 4.836468e-05 -1.956571e-05 -2.626109e-05
20889.566988 2.280809e-01 2.154939e-01 6.759838e-02 2.239691e-03 1.007708e-05 3.975716e-05 -2.144164e-05 -2.819058e-05
20894.230448 2.278576e-01 2.152612e-01 6.770076e-02 2.230936e-03 -8.571588e-07 4.142521e-05 -2.456650e-05 -3.150334e-05
20898.906100 2.280078e-01 2.152993e-01 6.792088e-02 2.243831e-03 2.717614e-06 5.033115e-05 -2.079638e-05 -3.619045e-05
20903.593943 2.279449e-01 2.154017e-01 6.792766e-02 2.249205e-03 -3.903973e-06 6.132386e-05 -1.351342e-05 -3.168237e-05
20908.293979 2.278419e-01 2.153161e-01 6.798690e-02 2.280372e-03 4.469530e-06 5.634420e-05 -1.119595e-05 -2.666886e-05
20913.006206 2.275817e-01 2.151729e-01 6.808393e-02 2.281997e-03 2.614352e-06 5.942124e-05 -1.877315e-05 -3.123567e-05
20917.730626 2.273436e-01 2.150246e-01 6.813842e-02 2.256941e-03 -2.879442e-06 5.615787e-05 -2.298246e-05 -3.467607e-05
20922.467237 2.271880e-01 2.147380e-01 6.807145e-02 2.261238e-03 7.297897e-06 5.785444e-05 -2.454789e-05 -4.359436e-05
20927.216040 2.268452e-01 2.144433e-01 6.797996e-02 2.226958e-03 2.705995e-06 4.292378e-05 -2.529188e-05 -4.454491e-05
20931.977036 2.265970e-01 2.141763e-01 6.794369e-02 2.280719e-03 -6.890060e-06 3.264950e-05 -2.393133e-05 -2.671838e-05
20936.750223 2.262215e-01 2.139511e-01 6.776874e-02 2.268054e-03 4.495455e-06 2.939293e-05 -2.088930e-05 -3.387389e-05
20941.535602 2.261408e-01 2.138379e-01 6.767663e-02 2.266668e-03 3.163649e-06 2.882505e-05 -1.886177e-05 -3.950277e-05
20946.333172 2.259278e-01 2.134217e-01 6.749754e-02 2.196691e-03 -1.300790e-06 3.004387e-05 -1.133125e-05 -3.561732e-05
20951.142935 2.255843e-01 2.131113e-01 6.740217e-02 2.225147e-03 -1.744734e-06 2.068228e-05 -1.582530e-06 -4.385321e-05
20955.964890 2.254300e-01 2.129940e-01 6.756541e-02 2.202768e-03 1.555381e-06 2.727635e-05 2.550554e-06 -4.104143e-05
20960.799037 2.251309e-01 2.127945e-01 6.752436e-02 2.256635e-03 5.905360e-06 2.552854e-05 3.771147e-06 -3.887668e-05
20965.645375 2.249718e-01 2.127635e-01 6.755022e-02 2.222004e-03 1.814889e-06 2.276878e-05 7.236630e-06 -4.325750e-05
20970.503905 2.247336e-01 2.124734e-01 6.751854e-02 2.242006e-03 3.815790e-06 4.540356e-05 1.408753e-05 -4.791186e-05
20975.374628 2.245616e-01 2.121487e-01 6.749935e-02 2.256857e-03 1.659899e-06 3.981592e-05 7.638878e-06 -5.099127e-05
20980.257542 2.244134e-01 2.120531e-01 6.741711e-02 2.220780e-03 -2.791119e-06 3.808675e-05 4.727063e-06 -4.542578e-05
20985.152648 2.240690e-01 2.117423e-01 6.743585e-02 2.232445e-03 -2.390990e-06 3.012227e-05 -4.197777e-06 -4.683043e-05
20990.059946 2.237856e-01 2.114487e-01 6.732430e-02 2.239632e-03 -8.858002e-06 1.737760e-05 -1.521579e-05 -4.691312e-05
20994.979436 2.234605e-01 2.112803e-01 6.727076e-02 2.236958e-03 -1.253894e-05 1.915445e-05 -1.111986e-05 -4.717000e-05
20999.911118 2.230540e-01 2.109180e-01 6.712588e-02 2.206296e-03 -1.843493e-05 2.392186e-05 -1.162741e-05 -5.955212e-05
21004.854992 2.230257e-01 2.108202e-01 6.723272e-02 2.197340e-03 -1.643147e-05 2.237116e-05 -6.487816e-06 -5.424701e-05
21009.811057 2.226934e-01 2.104161e-01 6.719340e-02 2.242407e-03 -6.589562e-06 2.295058e-05 -8.588683e-07 -6.148654e-05
21014.779315 2.226332e-01 2.103654e-01 6.730755e-02 2.248355e-03 -1.132901e-06 2.436563e-05 6.702154e-06 -7.592902e-05
21019.759765 2.224306e-01 2.101436e-01 6.725595e-02 2.250364e-03 4.614480e-06 2.958817e-05 1.054931e-05 -8.911354e-05
21024.752406 2.221593e-01 2.100100e-01 6.730970e-02 2.245978e-03 -2.065663e-06 2.938897e-05 -9.503211e-06 -8.983137e-05
21029.757239 2.219545e-01 2.099178e-01 6.732727e-02 2.240370e-03 2.638752e-06 2.965074e-05 -1.383339e-05 -6.542885e-05
21034.774265 2.215858e-01 2.094996e-01 6.726560e-02 2.230309e-03 6.703858e-07 3.821028e-05 -2.105040e-05 -4.827783e-05
21039.803482 2.214343e-01 2.093134e-01 6.729991e-02 2.161025e-03 7.445408e-07 4.285817e-05 -1.834099e-05 -4.510414e-05
21044.844891 2.211695e-01 2.090343e-01 6.730010e-02 2.165695e-03 1.537282e-06 3.770591e-05 -1.304388e-06 -4.845676e-05
21049.898492 2.205955e-01 2.085880e-01 6.728793e-02 2.221134e-03 -2.159721e-06 4.528974e-05 1.266075e-06 -4.667165e-05
21054.964284 2.202763e-01 2.083330e-01 6.730587e-02 2.219267e-03 -4.902336e-06 4.383930e-05 2.765423e-06 -5.936552e-05
21060.042269 2.202149e-01 2.082582e-01 6.738957e-02 2.228180e-03 2.558271e-07 3.469059e-05 -6.462521e-06 -5.277190e-05
21065.132446 2.200099e-01 2.079910e-01 6.741004e-02 2.264580e-03 2.270597e-08 3.367717e-05 -6.703717e-06 -4.503182e-05
21070.234815 2.198858e-01 2.078817e-01 6.746733e-02 2.174370e-03 -1.249982e-07 3.584585e-05 -4.851089e-06 -4.574733e-05
21075.349375 2.195883e-01 2.076419e-01 6.731659e-02 2.166295e-03 -8.674226e-06 3.137544e-05 -7.463430e-06 -9.120240e-05
21080.476127 2.191841e-01 2.072361e-01 6.728108e-02 2.203681e-03 -1.993927e-05 2.818950e-05 -3.982777e-06 -9.452472e-05
21085.615072 2.191716e-01 2.072348e-01 6.725367e-02 2.193646e-03 -1.796468e-05 4.215260e-05 -8.833427e-06 -8.373264e-05
21090.766208 2.191075e-01 2.070532e-01 6.716727e-02 2.171439e-03 -1.576909e-05 3.830058e-05 -4.231295e-06 -8.248660e-05
21095.929536 2.187553e-01 2.067984e-01 6.707955e-02 2.117709e-03 -1.505585e-05 3.940394e-05 -3.070433e-06 -8.279917e-05
21101.105056 2.182022e-01 2.062643e-01 6.688542e-02 2.154875e-03 -1.299584e-05 4.339536e-05 6.914846e-06 -8.260360e-05
21106.292768 2.179285e-01 2.060825e-01 6.688126e-02 2.174199e-03 -6.254248e-06 4.837793e-05 5.923198e-06 -5.304616e-05
21111.492672 2.177889e-01 2.060396e-01 6.687301e-02 2.196211e-03 -6.937523e-06 3.767706e-05 -2.497491e-06 -3.364052e-05
21116.704768 2.175892e-01 2.058543e-01 6.693337e-02 2.169605e-03 -8.220986e-06 4.389051e-05 -5.067369e-06 -3.334909e-05
21121.929055 2.174021e-01 2.056544e-01 6.689388e-02 2.169409e-03 2.775742e-08 3.846016e-05 -2.994955e-06 -2.400239e-05
21127.165535 2.172580e-01 2.054746e-01 6.693135e-02 2.170484e-03 5.233168e-06 3.562800e-05 2.302168e-06 -2.483647e-05
21132.414206 2.169450e-01 2.052612e-01 6.696991e-02 2.177485e-03 8.642920e-06 3.522582e-05 8.461893e-06 -3.393455e-05
21137.675070 2.166647e-01 2.050077e-01 6.691104e-02 2.198095e-03 7.905295e-06 3.055277e-05 -3.998749e-06 -2.788374e-05
21142.948125 2.163436e-01 2.046936e-01 6.688918e-02 2.162901e-03 8.576254e-06 2.801239e-05 -2.827186e-06 -2.313155e-05
21148.233372 1.747068e-01 1.653001e-01 5.404684e-02 1.739328e-03 8.613950e-06 2.730860e-05 -8.767940e-07 -1.893998e-05
21153.530811 1.478482e-02 1.398622e-02 4.578334e-03 1.461767e-04 2.890032e-07 2.453455e-06 2.939958e-07 -1.694178e-06
