# Facility: NSLS-II
# Beamline: QAS
# Year: 2023
# Cycle: 1
# SAF: 309826
# PI: Ma
# Proposal: 311269
# Scan ID: 164537
# UID: dd8a86b6-c0eb-4f63-95ff-f87f313c2c14
# Comment: new crystal unfocused
# Start time: 02/28/2023  13:35:56
# Stop time: 02/28/2023  13:36:28
# Total time: 00:32
# Trajectory name: Pd-30s-24350.txt
# Element: Palladium ( 46)
# Edge: K
# E0: 24350
# Reference Foil Element: Pd
# Keithley Gains I0: 1E7 V/A It: 1E7 V/A Iref: 1E8 V/A PIPS: 1E7 V/A 
# Ion Chamber Gas Flow Rates: I0: 0.00 sccm He + 9.80 sccm N2 + 89.80 sccm Ar 
# Ion Chamber Gas Flow Rates: It&Iref: 9.80 sccm N2 + 90.10 sccm Ar
# Incident Beam Path Vertical: -27.40 mm
# Incident Slits Positions B: TOP: 0.9999937499999998 mm Bottom: -1.0 mm Inboard: -2.0 mm Outboard: 2.0 mm
# Sample Stage Positions: Rotation: 30.0 deg Horizontal: 0.00 mm Vertical: -5.00 mm Beam Direction: 0.00 mm
# PerkinElmer Vertical Position: 500.00 mm
# Front End Mirror Horizontal Positions: Up: 14.00 mm Down: 14.00 mm
#
# energy  i0  it  ir  iff  aux1  aux2  aux3  aux4
24174.199353 7.824063e-01 6.836417e-01 4.318327e+00 1.234331e-04 -9.380574e-06 1.188180e-05 -8.638668e-07 -1.641396e-05
24179.199353 1.549275e+00 1.353608e+00 8.554890e+00 2.399846e-04 -1.833790e-05 2.489824e-05 -8.664576e-06 -3.923602e-05
24184.199353 1.561148e+00 1.364326e+00 8.632927e+00 2.590012e-04 -1.456774e-05 4.226421e-05 -7.278896e-06 -3.156502e-05
24189.199353 1.559878e+00 1.363365e+00 8.633014e+00 2.665583e-04 -1.358181e-05 3.345448e-05 -5.465957e-06 -2.585933e-05
24194.199353 1.557515e+00 1.361299e+00 8.631204e+00 2.634643e-04 -1.595997e-05 2.350516e-05 -7.268343e-06 -2.379125e-05
24199.199353 1.552719e+00 1.357327e+00 8.626734e+00 2.920088e-04 -1.202508e-05 2.196722e-05 -7.001723e-06 -3.143410e-05
24204.199353 1.552431e+00 1.356960e+00 8.626901e+00 2.544080e-04 -1.234030e-05 2.897813e-05 7.216961e-07 -3.456751e-05
24209.199353 1.552616e+00 1.357397e+00 8.626527e+00 2.669656e-04 -5.998308e-06 3.081642e-05 -2.248703e-06 -3.865447e-05
24214.199353 1.551494e+00 1.356603e+00 8.624811e+00 2.836796e-04 -3.413714e-06 2.643642e-05 -9.938470e-06 -4.023015e-05
24219.199353 1.549971e+00 1.355283e+00 8.623859e+00 2.650150e-04 -1.385499e-05 2.864787e-05 -8.820438e-06 -4.638844e-05
24224.199353 1.548770e+00 1.354372e+00 8.623032e+00 2.670108e-04 -5.321244e-06 3.456912e-05 -2.785613e-06 -3.899890e-05
24229.199353 1.546233e+00 1.352221e+00 8.616648e+00 2.709598e-04 -6.303159e-06 3.579260e-05 4.048654e-06 -4.408571e-05
24234.199353 1.544877e+00 1.350624e+00 8.611826e+00 2.925973e-04 -1.273124e-05 3.296494e-05 -4.067047e-06 -3.579233e-05
24239.199353 1.542779e+00 1.349171e+00 8.607715e+00 2.663505e-04 -1.185755e-05 3.772813e-05 -4.034730e-06 -2.731108e-05
24244.199353 1.541269e+00 1.348022e+00 8.606695e+00 2.831977e-04 -6.729415e-06 3.022193e-05 -7.529646e-07 -2.999182e-05
24249.199353 1.539547e+00 1.346619e+00 8.603165e+00 2.562712e-04 -9.436992e-06 2.030410e-05 4.830310e-06 -3.204983e-05
24254.199353 1.538417e+00 1.345614e+00 8.597675e+00 2.351212e-04 -1.133953e-05 1.691126e-05 1.315498e-05 -3.130577e-05
24259.199353 1.535960e+00 1.343749e+00 8.591075e+00 2.828518e-04 -1.106452e-05 3.379201e-05 1.752358e-05 -1.371060e-05
24264.199353 1.533668e+00 1.341869e+00 8.581294e+00 2.627753e-04 -1.606589e-05 3.276366e-05 6.001185e-06 -1.310810e-05
24269.199353 1.532350e+00 1.340980e+00 8.575726e+00 2.699590e-04 -1.312434e-05 2.623937e-05 9.755689e-06 -2.461636e-05
24274.199353 1.530782e+00 1.339779e+00 8.569556e+00 2.753098e-04 -1.616506e-05 2.923733e-05 5.666954e-06 -3.617038e-05
24279.199353 1.528655e+00 1.337851e+00 8.559482e+00 2.606798e-04 -1.334281e-05 2.405830e-05 3.153916e-06 -3.260920e-05
24284.199353 1.526848e+00 1.336318e+00 8.547671e+00 2.532679e-04 -8.780768e-06 3.142490e-05 4.308263e-06 -2.651052e-05
24289.199353 1.525603e+00 1.335403e+00 8.535305e+00 2.776711e-04 2.223134e-06 3.482076e-05 7.970489e-07 -2.470175e-05
24294.199353 1.523819e+00 1.334103e+00 8.520593e+00 2.993364e-04 -2.464296e-06 4.315799e-05 1.898173e-06 -3.486816e-05
24299.199353 1.521661e+00 1.332242e+00 8.499238e+00 3.276303e-04 -7.607195e-06 3.296669e-05 6.102831e-06 -3.299065e-05
24304.199353 1.520415e+00 1.331245e+00 8.478978e+00 3.067921e-04 -4.127627e-06 2.421369e-05 7.054067e-06 -4.913562e-05
24309.199353 1.519019e+00 1.330029e+00 8.452928e+00 2.786320e-04 4.313667e-06 3.404764e-05 2.876714e-06 -7.399240e-05
24314.199353 1.517801e+00 1.328708e+00 8.420075e+00 2.799530e-04 5.402583e-06 3.212916e-05 -1.014018e-06 -7.175644e-05
24320.000000 1.515802e+00 1.327508e+00 8.371900e+00 2.410269e-04 -4.782889e-06 3.829254e-05 -4.909339e-07 -5.494224e-05
24321.000000 1.513211e+00 1.325183e+00 8.347336e+00 2.044105e-04 -4.190705e-06 4.054251e-05 2.673548e-06 -2.645749e-05
24322.000000 1.514755e+00 1.326579e+00 8.348774e+00 1.567253e-04 -6.091215e-06 4.243998e-05 1.153198e-05 -1.642081e-05
24323.000000 1.516499e+00 1.328220e+00 8.346379e+00 2.017980e-04 -5.871977e-06 3.578925e-05 7.363666e-06 -2.240840e-05
24324.000000 1.512980e+00 1.325274e+00 8.318415e+00 2.684028e-04 -1.061126e-06 2.355013e-05 4.768762e-06 -3.700906e-05
24325.000000 1.513140e+00 1.325564e+00 8.309880e+00 2.168624e-04 -6.941524e-06 3.266434e-05 1.453678e-05 -2.824793e-05
24326.000000 1.512881e+00 1.325135e+00 8.297441e+00 2.534758e-04 -2.367489e-06 4.459106e-05 2.170155e-05 -1.774409e-05
24327.000000 1.510652e+00 1.322320e+00 8.273166e+00 3.882636e-04 6.814756e-06 4.774827e-05 2.233971e-05 -1.801729e-05
24327.200000 1.513278e+00 1.324502e+00 8.282602e+00 1.629569e-04 4.213709e-06 5.098175e-05 2.518438e-05 -2.441759e-05
24327.400000 1.552161e+00 1.358905e+00 8.488581e+00 3.831725e-04 -5.987382e-06 5.142417e-05 2.043630e-05 -1.623253e-05
24327.600000 1.493721e+00 1.307844e+00 8.178134e+00 3.775029e-05 -3.741818e-06 3.893206e-05 2.132622e-05 -3.332045e-06
24327.800000 1.547466e+00 1.354732e+00 8.460710e+00 2.535962e-04 -5.689294e-06 3.401221e-05 1.603728e-05 -1.010305e-05
24328.000000 1.459457e+00 1.278098e+00 7.979177e+00 2.435337e-04 -3.669203e-06 3.064967e-05 5.939047e-06 -1.760198e-05
24328.200000 1.600140e+00 1.402066e+00 8.752681e+00 3.416720e-04 -2.858548e-06 3.430994e-05 6.532905e-06 -1.484358e-05
24328.400000 1.360990e+00 1.191439e+00 7.446662e+00 2.586083e-04 2.935484e-06 2.751970e-05 -1.609987e-06 -1.616924e-05
24328.600000 1.499070e+00 1.314509e+00 8.203660e+00 2.565766e-04 7.133009e-06 3.085064e-05 9.709532e-06 -2.151553e-05
24328.800000 1.531140e+00 1.343271e+00 8.358084e+00 5.235447e-04 3.126794e-06 3.808280e-05 8.268683e-06 -2.520823e-05
24329.000000 1.498195e+00 1.312514e+00 8.175944e+00 5.207423e-04 1.197416e-06 4.109435e-05 3.807667e-06 -4.095032e-05
24329.200000 1.527726e+00 1.337797e+00 8.326945e+00 2.241639e-04 -3.694815e-06 4.199749e-05 1.703597e-06 -4.468938e-05
24329.400000 1.521299e+00 1.332042e+00 8.289339e+00 3.221403e-04 -1.088338e-05 3.295526e-05 1.600544e-06 -4.239617e-05
24329.600000 1.548081e+00 1.355723e+00 8.444944e+00 2.656051e-04 -1.243750e-05 3.509510e-05 -7.544986e-06 -3.974627e-05
24329.800000 1.400956e+00 1.226599e+00 7.634274e+00 2.458658e-04 -7.343807e-06 3.161704e-05 1.789872e-05 -3.001760e-05
24330.000000 1.614229e+00 1.412794e+00 8.771141e+00 2.084511e-04 -1.191209e-05 3.785218e-05 1.937881e-05 -2.107890e-05
24330.200000 1.349784e+00 1.181931e+00 7.351552e+00 2.163085e-04 -5.297985e-06 5.183081e-05 4.216310e-06 -2.533539e-05
24330.400000 1.551325e+00 1.357876e+00 8.441828e+00 3.320904e-04 -1.145326e-05 5.280388e-05 -2.477308e-07 -3.573552e-05
24330.600000 1.510944e+00 1.324953e+00 8.220435e+00 4.231947e-04 -9.315386e-06 5.394465e-05 -9.891421e-06 -2.374163e-05
24330.800000 1.506771e+00 1.320041e+00 8.196734e+00 2.751431e-04 -2.011488e-05 5.166187e-05 1.507422e-06 -1.899652e-05
24331.000000 1.525665e+00 1.335613e+00 8.289761e+00 2.914101e-04 -1.467542e-05 6.062266e-05 1.110083e-05 -2.501657e-05
24331.200000 1.451253e+00 1.270386e+00 7.899498e+00 2.341014e-04 -1.015442e-05 4.713335e-05 -5.657514e-06 -3.001434e-05
24331.400000 1.552002e+00 1.359085e+00 8.429344e+00 1.144699e-04 -1.008941e-05 3.384639e-05 -6.108705e-06 -4.453160e-05
24331.600000 1.478241e+00 1.294852e+00 8.014669e+00 3.448476e-04 -4.265251e-06 4.651509e-05 2.326585e-05 -3.832261e-05
24331.800000 1.512212e+00 1.324438e+00 8.202204e+00 4.280903e-04 -1.346695e-05 4.865578e-05 2.779228e-05 -3.181171e-05
24332.000000 1.552070e+00 1.359579e+00 8.410464e+00 1.214229e-04 -1.119843e-05 4.003755e-05 2.215317e-05 -2.568467e-05
24332.200000 1.467766e+00 1.285888e+00 7.955617e+00 4.165505e-04 -1.070296e-05 3.485532e-05 -2.806583e-06 -2.658650e-05
24332.400000 1.528158e+00 1.339774e+00 8.278597e+00 2.473341e-04 -4.776561e-06 3.533269e-05 -1.771980e-05 -3.028080e-05
24332.600000 1.594013e+00 1.395821e+00 8.633563e+00 3.461738e-04 1.555930e-06 4.722369e-05 -2.492949e-06 -3.290250e-05
24332.800000 1.510161e+00 1.319685e+00 8.165290e+00 9.294065e-05 -4.577092e-06 3.837920e-05 1.825488e-05 -1.768095e-05
24333.000000 1.405048e+00 1.231900e+00 7.617365e+00 1.691743e-04 5.981361e-06 4.608985e-05 1.558221e-05 -1.702207e-05
24333.200000 1.551013e+00 1.360246e+00 8.388599e+00 1.824894e-04 -4.731107e-06 4.369791e-05 3.740962e-06 -3.369528e-05
24333.400000 1.535117e+00 1.345098e+00 8.287663e+00 -6.476381e-05 -7.590139e-06 2.948929e-05 -1.376223e-05 -3.437865e-05
24333.600000 1.483070e+00 1.299447e+00 8.010999e+00 4.158677e-04 -1.280578e-06 3.068135e-05 -4.878868e-06 -3.444541e-05
24333.800000 1.508541e+00 1.321564e+00 8.145129e+00 4.064590e-04 -2.428704e-06 3.772358e-05 1.059159e-05 -4.025287e-05
24334.000000 1.518621e+00 1.329492e+00 8.192559e+00 2.381703e-04 -8.638594e-06 2.829095e-05 1.670034e-05 -3.442245e-05
24334.200000 1.518203e+00 1.330470e+00 8.184320e+00 3.368878e-04 2.240842e-06 2.327825e-05 1.035087e-06 -3.652225e-05
24334.400000 1.517114e+00 1.329011e+00 8.169527e+00 2.481541e-04 1.473347e-06 2.071597e-05 8.409589e-06 -4.079393e-05
24334.600000 1.502705e+00 1.316052e+00 8.092610e+00 2.256334e-04 -2.118156e-07 2.502700e-05 7.513843e-06 -5.112328e-05
24334.800000 1.526151e+00 1.337315e+00 8.213409e+00 2.758776e-04 8.391195e-07 2.254882e-05 3.968623e-06 -4.780541e-05
24335.000000 1.500322e+00 1.314718e+00 8.066097e+00 3.056087e-04 8.807016e-07 2.859411e-05 1.263483e-05 -4.326189e-05
24335.200000 1.461969e+00 1.279905e+00 7.858534e+00 5.589412e-05 1.955833e-05 1.526613e-05 2.613072e-05 -3.732300e-05
24335.400000 1.533041e+00 1.342393e+00 8.238162e+00 1.130431e-04 1.372451e-05 7.511373e-06 2.254229e-05 -4.029163e-05
24335.600000 1.529962e+00 1.340651e+00 8.202508e+00 6.294050e-04 7.777726e-06 1.444345e-05 2.756070e-05 -3.149788e-05
24335.800000 1.479744e+00 1.298423e+00 7.935384e+00 3.987334e-04 1.107109e-05 2.699222e-05 -1.829720e-06 -3.442108e-05
24336.000000 1.616703e+00 1.416726e+00 8.663966e+00 2.829493e-04 1.654884e-05 3.167053e-05 2.229000e-05 -3.490746e-05
24336.200000 1.421375e+00 1.245028e+00 7.607839e+00 -8.225648e-05 -5.155899e-09 3.230088e-05 1.048593e-05 -3.759879e-05
24336.400000 1.541843e+00 1.350635e+00 8.262075e+00 1.398580e-04 3.599697e-06 2.808414e-05 7.275924e-06 -3.136872e-05
24336.600000 1.515170e+00 1.327302e+00 8.105238e+00 3.273147e-04 8.219805e-06 2.375696e-05 1.679865e-05 -2.665983e-05
24336.800000 1.502376e+00 1.315650e+00 8.030109e+00 2.524139e-04 1.312887e-05 3.410864e-05 2.049798e-05 -2.835993e-05
24337.000000 1.521414e+00 1.331364e+00 8.122950e+00 2.165249e-04 9.179764e-06 3.663970e-05 1.840059e-05 -2.434355e-05
24337.200000 1.515335e+00 1.326796e+00 8.084407e+00 3.340080e-04 8.126027e-06 3.258469e-05 1.167220e-05 -2.828847e-05
24337.400000 1.515072e+00 1.327652e+00 8.073813e+00 3.737904e-04 -5.612100e-07 2.357882e-05 -1.072454e-05 -3.268696e-05
24337.600000 1.495125e+00 1.310312e+00 7.955015e+00 4.154195e-04 5.196473e-07 3.628805e-05 2.038957e-05 -2.135852e-05
24337.800000 1.504741e+00 1.318457e+00 8.003480e+00 3.251393e-04 2.011181e-06 3.462901e-05 6.515578e-06 -2.621556e-05
24338.000000 1.523132e+00 1.333955e+00 8.099155e+00 2.236320e-04 -9.929554e-08 4.032712e-05 1.715310e-05 -3.003173e-05
24338.200000 1.539296e+00 1.348045e+00 8.181178e+00 2.227251e-04 -4.511512e-06 4.206032e-05 1.648516e-05 -3.524603e-05
24338.400000 1.481714e+00 1.298262e+00 7.863442e+00 3.604324e-04 -2.773576e-06 3.797568e-05 1.428458e-05 -3.214836e-05
24338.600000 1.525763e+00 1.336716e+00 8.100274e+00 3.261069e-04 -6.290426e-06 2.882766e-05 2.219671e-05 -3.213059e-05
24338.800000 1.489303e+00 1.305699e+00 7.893151e+00 2.811089e-04 7.419260e-06 2.824502e-05 1.964980e-05 -3.365614e-05
24339.000000 1.522996e+00 1.333782e+00 8.059070e+00 2.400484e-04 6.187398e-06 3.648769e-05 1.646550e-05 -5.265421e-05
24339.200000 1.509074e+00 1.321111e+00 7.974690e+00 1.516055e-04 5.735003e-06 3.633701e-05 1.991552e-05 -5.982806e-05
24339.400000 1.496778e+00 1.309369e+00 7.911727e+00 4.200797e-04 7.983175e-06 3.135231e-05 2.447346e-05 -5.424163e-05
24339.600000 1.514722e+00 1.325851e+00 7.991604e+00 4.596179e-04 1.553558e-05 2.489488e-05 2.146614e-05 -3.356745e-05
24339.800000 1.525965e+00 1.337053e+00 8.050793e+00 2.180332e-04 1.803918e-05 1.441761e-05 8.549096e-06 -3.992397e-05
24340.000000 1.496185e+00 1.311379e+00 7.884460e+00 2.524115e-04 1.961708e-05 2.107281e-05 2.132182e-05 -3.787274e-05
24340.200000 1.507790e+00 1.321630e+00 7.937179e+00 2.081703e-04 1.783079e-05 2.581349e-05 3.511760e-05 -4.050664e-05
24340.400000 1.518927e+00 1.330233e+00 7.988818e+00 3.579687e-04 8.106406e-06 2.079222e-05 1.696360e-05 -4.216026e-05
24340.600000 1.520383e+00 1.332152e+00 7.982616e+00 2.338909e-04 8.358923e-06 1.582684e-05 1.764533e-05 -3.295929e-05
24340.800000 1.507533e+00 1.320745e+00 7.903460e+00 2.066065e-04 7.262817e-06 1.522438e-05 6.741793e-07 -4.264445e-05
24341.000000 1.513091e+00 1.325555e+00 7.931956e+00 1.321934e-04 5.845681e-06 2.261757e-05 1.646793e-05 -3.248976e-05
24341.200000 1.481800e+00 1.298828e+00 7.753303e+00 2.819185e-04 5.819274e-06 2.472503e-05 4.391510e-06 -3.985640e-05
24341.400000 1.516373e+00 1.328495e+00 7.928042e+00 2.843319e-04 5.343505e-07 2.458312e-05 1.227407e-05 -4.184362e-05
24341.600000 1.527841e+00 1.337683e+00 7.973703e+00 3.410589e-04 9.615320e-06 4.056527e-05 2.646025e-05 -3.856733e-05
24341.800000 1.520917e+00 1.332861e+00 7.925453e+00 3.739785e-04 6.464099e-06 3.496665e-05 2.900624e-05 -2.455237e-05
24342.000000 1.502355e+00 1.315869e+00 7.805988e+00 3.458890e-04 3.473256e-06 3.365477e-05 2.958210e-06 -3.426609e-05
24342.200000 1.515839e+00 1.327812e+00 7.870872e+00 1.764538e-04 6.252289e-06 3.146097e-05 4.204338e-06 -3.707664e-05
24342.400000 1.511443e+00 1.324120e+00 7.832078e+00 5.331487e-04 -2.193212e-06 2.063368e-05 1.900199e-05 -4.385787e-05
24342.600000 1.508482e+00 1.321329e+00 7.808157e+00 1.969454e-04 2.649234e-06 2.961392e-05 2.494817e-05 -3.512312e-05
24342.800000 1.471186e+00 1.288750e+00 7.611941e+00 -1.937926e-05 -5.468961e-07 2.155570e-05 2.214124e-05 -3.148878e-05
24343.000000 1.535609e+00 1.345177e+00 7.925635e+00 1.574008e-04 -2.264976e-06 2.055793e-05 9.844453e-06 -3.911537e-05
24343.200000 1.507243e+00 1.320609e+00 7.766742e+00 3.160079e-04 2.414558e-06 3.088473e-05 2.656803e-05 -3.921064e-05
24343.400000 1.512139e+00 1.325609e+00 7.777371e+00 2.430480e-04 -4.362573e-06 4.758992e-05 1.505292e-05 -4.009708e-05
24343.600000 1.497143e+00 1.312189e+00 7.679204e+00 1.998628e-04 -7.945086e-06 4.391761e-05 3.001575e-05 -3.398935e-05
24343.800000 1.524529e+00 1.336030e+00 7.804476e+00 2.817633e-04 -2.457083e-06 3.030382e-05 3.034928e-06 -4.190934e-05
24344.000000 1.498683e+00 1.314742e+00 7.657709e+00 2.764917e-04 -2.143568e-06 2.249406e-05 -3.849518e-06 -3.044481e-05
24344.200000 1.510344e+00 1.323932e+00 7.706745e+00 3.137614e-04 -8.694971e-08 3.320728e-05 -9.551949e-06 -4.283567e-05
24344.400000 1.493279e+00 1.308736e+00 7.597838e+00 2.874021e-04 -6.425612e-06 2.067891e-05 -6.006785e-06 -4.205086e-05
24344.600000 1.540109e+00 1.349562e+00 7.822672e+00 2.830816e-04 -4.664309e-06 1.897269e-05 -2.071933e-05 -4.372231e-05
24344.800000 1.507316e+00 1.320882e+00 7.643307e+00 4.517075e-04 -7.925871e-06 2.093373e-05 -1.646886e-05 -3.238072e-05
24345.000000 1.522434e+00 1.334486e+00 7.696304e+00 4.338262e-04 3.436891e-06 2.330957e-05 -1.245265e-05 -3.332016e-05
24345.200000 1.509740e+00 1.322748e+00 7.603144e+00 4.066168e-04 3.244527e-06 2.520314e-05 3.765381e-06 -2.909220e-05
24345.400000 1.508565e+00 1.321605e+00 7.580269e+00 1.186544e-04 -8.085201e-06 2.519507e-05 1.788779e-06 -2.810149e-05
24345.600000 1.509083e+00 1.320906e+00 7.554686e+00 1.437772e-04 -1.306020e-05 2.560112e-05 1.279606e-06 -3.245051e-05
24345.800000 1.501129e+00 1.314670e+00 7.500657e+00 3.132353e-04 -2.005809e-05 2.513957e-05 6.173148e-06 -2.796945e-05
24346.000000 1.509981e+00 1.322435e+00 7.526902e+00 3.561543e-04 -1.666843e-05 1.795012e-05 -4.564689e-06 -3.909493e-05
24346.200000 1.502491e+00 1.316283e+00 7.461872e+00 1.278232e-05 -1.135594e-05 2.149631e-05 5.263372e-06 -3.477684e-05
24346.400000 1.524948e+00 1.336036e+00 7.543935e+00 1.391880e-04 -7.773434e-06 3.231279e-05 4.024495e-06 -2.836528e-05
24346.600000 1.480027e+00 1.298103e+00 7.307800e+00 1.055662e-04 -7.533698e-06 3.208901e-05 1.359918e-05 -2.813588e-05
24346.800000 1.523488e+00 1.335442e+00 7.503495e+00 5.091465e-04 -7.124292e-06 3.571050e-05 1.480200e-05 -3.673242e-05
24347.000000 1.498583e+00 1.312913e+00 7.345387e+00 4.033649e-04 -1.054673e-05 2.655230e-05 -3.284590e-06 -3.598997e-05
24347.200000 1.518857e+00 1.330745e+00 7.408404e+00 2.578456e-04 -1.364875e-05 2.442134e-05 -3.619965e-06 -3.963446e-05
24347.400000 1.509992e+00 1.322049e+00 7.336840e+00 4.084203e-04 -1.336937e-05 3.088311e-05 2.640557e-06 -3.943112e-05
24347.600000 1.510248e+00 1.322181e+00 7.311244e+00 1.680321e-04 -1.670577e-05 4.145408e-05 -5.045058e-06 -3.359844e-05
24347.800000 1.500234e+00 1.314780e+00 7.230271e+00 2.571039e-04 -2.209369e-05 3.130551e-05 1.123182e-05 -3.567946e-05
24348.000000 1.510893e+00 1.324588e+00 7.266791e+00 3.034106e-04 -1.316663e-05 3.153911e-05 1.229771e-05 -3.662970e-05
24348.200000 1.501490e+00 1.315649e+00 7.171651e+00 2.869322e-04 2.292962e-06 2.298624e-05 7.148995e-06 -2.748795e-05
24348.400000 1.504262e+00 1.318819e+00 7.146433e+00 4.058004e-04 -5.042939e-06 3.216675e-05 1.814651e-06 -4.943357e-05
24348.600000 1.509861e+00 1.322956e+00 7.136914e+00 2.896394e-04 3.323775e-06 3.211337e-05 -4.752713e-06 -5.422131e-05
24348.800000 1.530844e+00 1.341203e+00 7.192335e+00 3.458562e-04 2.942900e-06 2.669768e-05 3.953210e-06 -4.271615e-05
24349.000000 1.406013e+00 1.232394e+00 6.583989e+00 2.419409e-04 -5.826071e-06 1.589256e-05 2.376645e-06 -3.818570e-05
24349.200000 1.558759e+00 1.366207e+00 7.244011e+00 4.578761e-04 -6.636658e-06 3.532020e-05 3.612960e-06 -4.032404e-05
24349.400000 1.508622e+00 1.321331e+00 6.971615e+00 3.513950e-04 -9.516136e-07 2.142979e-05 1.015061e-05 -3.272381e-05
24349.600000 1.476917e+00 1.294339e+00 6.789888e+00 3.994486e-04 -9.601973e-07 1.493644e-05 1.245063e-05 -4.399290e-05
24349.800000 1.517729e+00 1.330673e+00 6.934858e+00 3.475059e-04 3.652149e-06 2.377489e-05 1.531886e-05 -4.936904e-05
24350.000000 1.502161e+00 1.316730e+00 6.796410e+00 1.175133e-04 -3.974190e-06 1.947988e-05 1.511092e-05 -4.497823e-05
24350.200000 1.509758e+00 1.322477e+00 6.764155e+00 3.140335e-04 7.891289e-06 2.174474e-05 1.820180e-05 -4.289355e-05
24350.400000 1.511449e+00 1.324866e+00 6.734628e+00 3.188911e-04 8.343257e-06 2.452412e-05 2.067304e-05 -5.100318e-05
24350.600000 1.510103e+00 1.323495e+00 6.664229e+00 2.710376e-04 5.809241e-06 2.056505e-05 3.092302e-05 -3.347649e-05
24350.800000 1.486287e+00 1.300670e+00 6.513534e+00 4.378033e-04 1.476232e-05 3.143159e-05 1.041833e-05 -4.827590e-05
24351.000000 1.506335e+00 1.319417e+00 6.546070e+00 9.404361e-05 2.757691e-06 2.027144e-05 1.651379e-05 -5.811420e-05
24351.200000 1.530643e+00 1.341716e+00 6.586067e+00 2.172854e-04 5.334577e-06 3.732692e-05 2.274873e-05 -6.027742e-05
24351.400000 1.482400e+00 1.297777e+00 6.325363e+00 4.772640e-04 1.163921e-05 3.416242e-05 2.393579e-05 -4.068087e-05
24351.600000 1.516212e+00 1.328542e+00 6.382836e+00 3.065498e-04 2.219204e-05 3.820277e-05 2.616840e-05 -2.418398e-05
24351.800000 1.504595e+00 1.319244e+00 6.286388e+00 3.674316e-04 1.859534e-05 5.101261e-05 1.992052e-05 -1.931562e-05
24352.000000 1.493115e+00 1.309119e+00 6.182186e+00 2.039723e-04 1.383731e-05 4.799931e-05 1.250513e-05 -1.860981e-05
24352.200000 1.513081e+00 1.326110e+00 6.195448e+00 2.996235e-04 1.430904e-05 3.944121e-05 1.270858e-05 -2.483526e-05
24352.400000 1.506985e+00 1.321518e+00 6.100898e+00 2.823264e-04 8.119611e-06 3.539046e-05 -5.214959e-06 -2.384028e-05
24352.600000 1.518061e+00 1.331054e+00 6.077259e+00 2.479184e-04 1.210715e-05 2.975556e-05 -7.739405e-06 -1.416754e-05
24352.800000 1.447845e+00 1.268840e+00 5.742772e+00 2.350893e-04 1.808940e-05 1.899927e-05 1.813569e-05 -1.974012e-05
24353.000000 1.525089e+00 1.337048e+00 5.981445e+00 5.104033e-04 1.946030e-05 2.985602e-05 2.047947e-05 -3.397960e-05
24353.200000 1.506072e+00 1.319804e+00 5.821837e+00 4.149814e-04 1.787873e-05 3.051229e-05 7.181070e-06 -4.769024e-05
24353.400000 1.505707e+00 1.319490e+00 5.761154e+00 2.826844e-04 7.440420e-06 3.948317e-05 3.013842e-06 -3.878208e-05
24353.600000 1.497548e+00 1.312949e+00 5.664778e+00 2.865862e-04 6.151295e-06 3.250669e-05 -4.814822e-06 -5.119856e-05
24353.800000 1.503193e+00 1.318487e+00 5.638321e+00 2.619354e-04 9.699831e-06 4.323521e-05 -5.204447e-06 -5.051984e-05
24354.000000 1.499443e+00 1.314788e+00 5.527498e+00 1.034542e-04 4.785056e-06 4.637944e-05 -6.170741e-06 -5.367899e-05
24354.200000 1.514207e+00 1.326947e+00 5.510112e+00 2.391444e-04 5.843696e-06 4.833048e-05 -8.695078e-06 -5.051465e-05
24354.400000 1.489477e+00 1.306494e+00 5.362557e+00 5.665667e-04 7.398086e-06 4.347095e-05 2.190307e-06 -4.671972e-05
24354.600000 1.525639e+00 1.337868e+00 5.428529e+00 2.372179e-04 1.189070e-05 4.614436e-05 -1.658415e-05 -5.060166e-05
24354.800000 1.474547e+00 1.291799e+00 5.193847e+00 1.150709e-04 1.788727e-05 4.419815e-05 -1.297715e-05 -4.967053e-05
24355.000000 1.537572e+00 1.347126e+00 5.342955e+00 2.393143e-04 1.261664e-05 2.683897e-05 -5.439791e-06 -4.226877e-05
24355.200000 1.504084e+00 1.318750e+00 5.168118e+00 3.784614e-04 1.313102e-05 3.440093e-05 -9.961695e-06 -4.684065e-05
24355.400000 1.498930e+00 1.313442e+00 5.078061e+00 2.673805e-04 1.375728e-05 3.724829e-05 -9.532412e-06 -4.351124e-05
24355.600000 1.512841e+00 1.325319e+00 5.055861e+00 3.271735e-04 2.376863e-05 3.920260e-05 -1.641496e-05 -3.533031e-05
24355.800000 1.525037e+00 1.336190e+00 5.027789e+00 2.925332e-04 1.593337e-05 4.063893e-05 -1.096514e-05 -2.924250e-05
24356.000000 1.450176e+00 1.270918e+00 4.727000e+00 2.491451e-04 1.144020e-05 3.992627e-05 8.219937e-06 -2.366214e-05
24356.200000 1.495311e+00 1.310021e+00 4.820341e+00 2.544375e-04 2.233021e-05 3.516483e-05 5.404284e-06 -4.187568e-05
24356.400000 1.506221e+00 1.320180e+00 4.788376e+00 3.600292e-04 2.104301e-05 3.808447e-05 2.360302e-05 -2.562405e-05
24356.600000 1.524048e+00 1.334882e+00 4.779404e+00 3.205002e-04 1.851693e-05 3.733150e-05 4.130691e-06 -2.567316e-05
24356.800000 1.462600e+00 1.282017e+00 4.536597e+00 3.699599e-04 4.737774e-06 3.591925e-05 1.180777e-05 -2.488222e-05
24357.000000 1.534434e+00 1.345063e+00 4.686696e+00 4.474091e-04 3.089257e-06 3.425385e-05 1.271495e-05 -2.521997e-05
24357.200000 1.456426e+00 1.277038e+00 4.389956e+00 2.885816e-04 1.097281e-05 3.768827e-05 2.144818e-05 -1.960241e-05
24357.400000 1.520195e+00 1.332545e+00 4.533541e+00 2.493263e-04 5.814752e-06 4.571800e-05 2.862518e-05 -3.049718e-05
24357.600000 1.469078e+00 1.287275e+00 4.317259e+00 3.598096e-04 1.752300e-05 4.633596e-05 1.510070e-05 -3.412271e-05
24357.800000 1.549630e+00 1.358426e+00 4.496917e+00 3.684376e-04 1.114351e-05 4.558826e-05 1.577980e-05 -3.684879e-05
24358.000000 1.429636e+00 1.253163e+00 4.098761e+00 5.126494e-04 8.745106e-06 4.336281e-05 2.757130e-05 -3.071045e-05
24358.200000 1.569493e+00 1.375090e+00 4.432811e+00 3.305369e-04 7.400537e-06 5.151261e-05 2.711423e-05 -2.989970e-05
24358.400000 1.503786e+00 1.317920e+00 4.184553e+00 3.335589e-04 1.509566e-05 5.873150e-05 2.283087e-05 -1.448357e-05
24358.600000 1.499621e+00 1.313740e+00 4.124296e+00 2.331895e-04 1.136884e-05 5.907742e-05 2.706124e-05 -1.639714e-05
24358.800000 1.490495e+00 1.305467e+00 4.046328e+00 3.233650e-04 1.270999e-05 5.280134e-05 3.851905e-05 -2.067487e-05
24359.000000 1.517789e+00 1.331260e+00 4.077109e+00 2.923788e-04 1.796070e-05 5.416444e-05 2.916068e-05 -1.695745e-05
24359.200000 1.446234e+00 1.268500e+00 3.830248e+00 2.514317e-04 2.249684e-05 5.291388e-05 3.619926e-05 -2.060108e-05
24359.400000 1.540815e+00 1.350658e+00 4.014210e+00 2.815238e-04 2.008059e-05 4.493838e-05 2.854498e-05 -2.265559e-05
24359.600000 1.461844e+00 1.281654e+00 3.764926e+00 2.167903e-04 2.473788e-06 3.270211e-05 3.830970e-05 -2.209807e-05
24359.800000 1.504453e+00 1.318619e+00 3.818062e+00 3.632384e-04 -6.123541e-06 3.143519e-05 2.721627e-05 -3.021924e-05
24360.000000 1.517432e+00 1.329769e+00 3.799632e+00 3.600072e-04 -4.322836e-06 3.709662e-05 1.900750e-05 -3.664270e-05
24360.200000 1.442028e+00 1.263771e+00 3.563061e+00 2.029142e-04 -4.308868e-06 5.067650e-05 1.595662e-05 -4.390836e-05
24360.400000 1.546264e+00 1.354865e+00 3.750019e+00 3.195291e-04 -5.927809e-06 5.399547e-05 1.653808e-05 -4.469805e-05
24360.600000 1.389708e+00 1.217592e+00 3.337509e+00 3.489263e-04 -3.948195e-06 5.006578e-05 1.464134e-05 -2.850794e-05
24360.800000 1.576202e+00 1.381767e+00 3.726934e+00 4.650136e-04 -3.669586e-06 5.669021e-05 2.221364e-05 -3.846492e-05
24361.000000 1.485132e+00 1.302337e+00 3.456365e+00 3.338381e-04 -7.682185e-07 3.646358e-05 4.483932e-05 -1.719761e-05
24361.200000 1.490694e+00 1.307224e+00 3.416110e+00 4.859583e-04 5.867003e-06 2.807075e-05 3.048128e-05 -2.598352e-05
24361.400000 1.509960e+00 1.323854e+00 3.405517e+00 3.430172e-04 5.304216e-06 2.696543e-05 2.578972e-05 -3.743112e-05
24361.600000 1.490727e+00 1.307659e+00 3.310213e+00 3.298317e-04 1.519510e-05 2.656147e-05 2.963048e-05 -3.437198e-05
24361.800000 1.517489e+00 1.330762e+00 3.320910e+00 3.646336e-04 7.618365e-06 3.216473e-05 3.795525e-05 -3.920277e-05
24362.000000 1.476718e+00 1.295857e+00 3.191521e+00 4.887820e-04 -7.222943e-07 2.183417e-05 2.584217e-05 -3.501905e-05
24362.200000 1.509491e+00 1.323137e+00 3.209372e+00 3.046385e-04 3.620045e-06 1.494023e-05 1.851712e-05 -3.418411e-05
24362.400000 1.494046e+00 1.308958e+00 3.137745e+00 3.647033e-04 1.290251e-06 1.880390e-05 8.967411e-06 -3.017214e-05
24362.600000 1.506808e+00 1.320882e+00 3.107067e+00 3.091249e-04 -2.032453e-06 3.953595e-05 1.243439e-05 -2.990649e-05
24362.800000 1.490292e+00 1.306263e+00 3.018824e+00 2.680288e-04 -1.299378e-05 3.369816e-05 2.280081e-05 -2.048198e-05
24363.000000 1.501205e+00 1.315838e+00 2.995329e+00 4.215756e-04 -1.822401e-05 1.983558e-05 1.529558e-05 -2.376761e-05
24363.200000 1.507200e+00 1.321738e+00 2.954985e+00 4.372730e-04 -8.157416e-06 2.453458e-05 8.782879e-06 -2.351208e-05
24363.400000 1.498656e+00 1.314475e+00 2.903659e+00 4.259568e-04 -2.032731e-06 2.755724e-05 2.348493e-05 -2.870911e-05
24363.600000 1.495622e+00 1.310783e+00 2.842263e+00 3.867400e-04 -1.689852e-06 2.317445e-05 1.978818e-05 -4.702590e-05
24363.800000 1.503387e+00 1.317142e+00 2.801507e+00 3.813486e-04 -6.781267e-06 3.290490e-05 3.367270e-05 -4.611204e-05
24364.000000 1.502971e+00 1.317207e+00 2.764521e+00 3.104340e-04 -3.672093e-06 3.243268e-05 1.647459e-05 -3.728505e-05
24364.200000 1.511400e+00 1.323552e+00 2.738696e+00 4.280950e-04 -5.886527e-06 1.662095e-05 3.762020e-05 -3.225674e-05
24364.400000 1.482013e+00 1.298029e+00 2.637721e+00 2.531448e-04 -4.022454e-06 1.738627e-05 4.118558e-05 -3.206806e-05
24364.600000 1.646862e+00 1.443176e+00 2.865739e+00 2.567314e-04 1.654327e-06 2.625082e-05 5.544337e-05 -3.080595e-05
24364.800000 1.114854e+00 9.771118e-01 1.919739e+00 1.935301e-04 -3.179018e-06 1.675519e-05 3.496006e-05 -2.014878e-05
24365.000000 1.644904e+00 1.441990e+00 2.786356e+00 4.782658e-04 -1.748309e-06 2.402459e-05 3.828929e-05 -4.215738e-05
24365.200000 1.502057e+00 1.316886e+00 2.498075e+00 3.328159e-04 -2.190223e-06 2.817571e-05 3.014872e-05 -2.236283e-05
24365.400000 1.498474e+00 1.313646e+00 2.459177e+00 3.433324e-04 1.319888e-05 2.330216e-05 3.184995e-05 -1.121607e-05
24365.600000 1.500814e+00 1.315327e+00 2.432114e+00 3.988211e-04 7.498020e-06 1.849960e-05 2.831355e-05 -2.305796e-05
24365.800000 1.512828e+00 1.326110e+00 2.413411e+00 3.433615e-04 7.134750e-06 1.962961e-05 2.831018e-05 -2.523888e-05
24366.000000 1.456104e+00 1.276004e+00 2.284269e+00 3.109690e-04 7.927974e-06 2.609619e-05 2.140039e-05 -2.386621e-05
24366.200000 1.506480e+00 1.320422e+00 2.332696e+00 3.487508e-04 3.606244e-06 2.602313e-05 2.049644e-05 -2.305582e-05
24366.400000 1.507257e+00 1.321153e+00 2.298702e+00 3.634881e-04 7.233666e-06 2.807416e-05 1.633668e-05 -2.221138e-05
24366.600000 1.489856e+00 1.305809e+00 2.239547e+00 4.449379e-04 1.029303e-05 2.558813e-05 3.848108e-06 -3.340418e-05
24366.800000 1.499577e+00 1.314651e+00 2.224990e+00 2.916979e-04 6.446620e-06 2.134084e-05 1.234933e-05 -3.635747e-05
24367.000000 1.502198e+00 1.317157e+00 2.202959e+00 3.355602e-04 1.472919e-05 3.007739e-05 2.135393e-05 -3.469386e-05
24367.200000 1.502300e+00 1.317212e+00 2.175615e+00 4.606199e-04 1.804413e-05 4.289000e-05 2.821162e-05 -3.565376e-05
24367.400000 1.489338e+00 1.306644e+00 2.136747e+00 4.398600e-04 2.409047e-05 3.487347e-05 5.021788e-06 -3.799848e-05
24367.600000 1.508435e+00 1.322618e+00 2.133537e+00 3.581976e-04 1.612558e-05 2.969661e-05 1.868259e-05 -4.396453e-05
24367.800000 1.482092e+00 1.299173e+00 2.069951e+00 4.305258e-04 6.837240e-06 1.936725e-05 2.774875e-05 -3.141867e-05
24368.000000 1.509605e+00 1.324167e+00 2.084969e+00 3.132618e-04 5.005807e-06 3.215254e-05 1.645217e-05 -2.552120e-05
24368.200000 1.495341e+00 1.310985e+00 2.041156e+00 4.228668e-04 7.733675e-06 2.501673e-05 1.208439e-05 -2.898143e-05
24368.400000 1.501228e+00 1.316385e+00 2.028361e+00 4.267057e-04 -1.712941e-06 2.919231e-05 5.175101e-07 -3.055493e-05
24368.600000 1.498301e+00 1.313739e+00 2.006308e+00 3.894291e-04 5.202457e-06 2.339478e-05 1.025892e-05 -2.841284e-05
24368.800000 1.498372e+00 1.313585e+00 1.988651e+00 3.534800e-04 -8.331356e-07 1.401820e-05 6.954964e-06 -2.673914e-05
24369.000000 1.498307e+00 1.313744e+00 1.962710e+00 3.097072e-04 -5.463194e-06 2.324870e-05 -1.595210e-07 -3.181663e-05
24369.200000 1.500857e+00 1.315670e+00 1.952378e+00 3.887294e-04 9.518249e-06 2.819420e-05 5.133875e-06 -3.095082e-05
24369.400000 1.498315e+00 1.313436e+00 1.931257e+00 3.802470e-04 2.049796e-05 3.053130e-05 1.164606e-05 -2.706529e-05
24369.600000 1.504021e+00 1.319442e+00 1.921312e+00 4.357578e-04 1.817977e-05 3.057707e-05 9.916289e-06 -2.082044e-05
24369.800000 1.491919e+00 1.308232e+00 1.896291e+00 4.061562e-04 1.750492e-05 3.185527e-05 2.077710e-05 -1.617941e-05
24370.000000 1.502069e+00 1.316455e+00 1.893775e+00 2.692732e-04 2.204285e-05 2.708412e-05 1.744058e-05 -1.856199e-05
24370.200000 1.494422e+00 1.310592e+00 1.870964e+00 3.053057e-04 2.301595e-05 3.284332e-05 1.227327e-05 -1.847366e-05
24370.400000 1.501199e+00 1.316270e+00 1.867979e+00 4.315596e-04 5.192256e-06 3.307215e-05 8.358042e-06 -1.983375e-05
24370.600000 1.502811e+00 1.317951e+00 1.858634e+00 4.198144e-04 5.382406e-06 3.188538e-05 1.886298e-05 -1.937996e-05
24370.800000 1.501559e+00 1.316642e+00 1.845186e+00 3.193394e-04 1.074166e-05 3.193610e-05 2.645727e-05 -2.908396e-05
24371.000000 1.484306e+00 1.300762e+00 1.807066e+00 2.187386e-04 8.096759e-06 2.758325e-05 3.867948e-05 -2.949504e-05
24371.200000 1.509324e+00 1.322713e+00 1.832867e+00 3.733538e-04 1.102343e-05 2.235702e-05 3.404158e-05 -3.112750e-05
24371.400000 1.490688e+00 1.306898e+00 1.800145e+00 3.579261e-04 2.037583e-05 6.917395e-06 3.740014e-05 -3.014897e-05
24371.600000 1.506347e+00 1.320287e+00 1.811128e+00 3.729793e-04 1.269969e-05 7.039867e-06 2.629286e-05 -4.174776e-05
24371.800000 1.490157e+00 1.306944e+00 1.787766e+00 4.367191e-04 1.797441e-05 9.763104e-06 1.767122e-05 -5.342396e-05
24372.000000 1.498823e+00 1.314384e+00 1.787435e+00 5.528610e-04 4.813368e-06 1.467339e-05 1.727690e-05 -4.979464e-05
24372.200000 1.495814e+00 1.311840e+00 1.779719e+00 3.239141e-04 -3.163554e-06 1.141108e-05 2.201644e-05 -3.692320e-05
24372.400000 1.498295e+00 1.313486e+00 1.774802e+00 4.308597e-04 -5.845644e-06 7.566127e-07 1.454074e-05 -3.991102e-05
24372.600000 1.501238e+00 1.316367e+00 1.772253e+00 4.381911e-04 -9.960844e-06 -3.839078e-06 7.020730e-06 -3.757628e-05
24372.800000 1.487286e+00 1.303491e+00 1.753386e+00 1.894678e-04 -6.028488e-06 -1.283158e-05 4.973365e-06 -3.547938e-05
24373.000000 1.509580e+00 1.323686e+00 1.774499e+00 2.634300e-04 -3.751276e-06 -5.310788e-06 4.173303e-06 -3.519526e-05
24373.200000 1.487189e+00 1.304337e+00 1.742531e+00 3.946322e-04 1.364633e-06 -8.071642e-06 -6.056871e-06 -5.330052e-05
24373.400000 1.506306e+00 1.321263e+00 1.764757e+00 4.207143e-04 3.759729e-06 -7.918430e-06 5.738287e-06 -5.217287e-05
24373.600000 1.488386e+00 1.304995e+00 1.744322e+00 3.832670e-04 5.959375e-06 5.604918e-06 3.677600e-06 -4.309447e-05
24373.800000 1.500498e+00 1.315437e+00 1.757352e+00 3.590838e-04 3.168957e-06 3.415623e-06 1.321626e-05 -4.856321e-05
24374.000000 1.495564e+00 1.311187e+00 1.745744e+00 4.898687e-04 -4.326994e-06 6.826639e-07 1.300897e-05 -4.118870e-05
24374.200000 1.524009e+00 1.337010e+00 1.780667e+00 3.488147e-04 -1.936068e-06 2.450644e-05 1.727132e-05 -3.171455e-05
24374.400000 1.468318e+00 1.287751e+00 1.714049e+00 2.973669e-04 -6.254300e-06 2.399438e-05 1.566660e-05 -3.566344e-05
24374.600000 1.505400e+00 1.319661e+00 1.760249e+00 5.010753e-04 -9.203480e-06 1.958060e-05 -8.987976e-06 -4.673779e-05
24374.800000 1.483947e+00 1.301168e+00 1.741073e+00 5.202255e-04 -3.490283e-06 9.699553e-06 9.755017e-07 -3.886861e-05
24375.000000 1.484508e+00 1.302247e+00 1.745983e+00 4.090238e-04 -5.687504e-06 2.227643e-05 2.303496e-05 -3.598553e-05
24375.200000 1.512942e+00 1.326789e+00 1.781557e+00 4.871984e-04 -1.072802e-05 2.363721e-05 2.405286e-05 -2.234898e-05
24375.400000 1.568460e+00 1.376239e+00 1.844877e+00 5.015463e-04 -5.795289e-06 2.133138e-05 -9.994455e-07 -1.137231e-05
24375.600000 1.407480e+00 1.232669e+00 1.661821e+00 2.623297e-04 -1.064122e-05 1.357571e-05 1.279512e-05 -9.398809e-06
24375.800000 1.517076e+00 1.329933e+00 1.793090e+00 3.475730e-04 -1.785985e-05 2.197533e-05 2.211989e-05 -1.739755e-05
24376.000000 1.498794e+00 1.313815e+00 1.775586e+00 3.102834e-04 -1.444725e-05 2.888000e-05 7.941544e-06 -1.990725e-05
24376.200000 1.495706e+00 1.311045e+00 1.775834e+00 3.907528e-04 -1.119030e-05 3.547333e-05 3.161577e-06 -8.117439e-06
24376.400000 1.500700e+00 1.315833e+00 1.786836e+00 3.273035e-04 -1.103792e-05 3.703121e-05 -6.110078e-06 -1.258695e-05
24376.600000 1.496016e+00 1.311737e+00 1.784397e+00 3.483206e-04 -1.421306e-05 3.625384e-05 1.196690e-05 -2.446312e-05
24376.800000 1.497402e+00 1.312451e+00 1.793565e+00 5.554138e-04 -1.458642e-05 4.418174e-05 2.626241e-05 -2.658536e-05
24377.000000 1.503081e+00 1.317619e+00 1.804085e+00 2.412404e-04 -1.219001e-05 4.467476e-05 3.906190e-05 -2.419695e-05
24377.200000 1.503855e+00 1.317519e+00 1.804953e+00 3.177079e-04 -9.580363e-06 5.296551e-05 4.162817e-05 -2.114676e-05
24377.400000 1.457667e+00 1.277398e+00 1.754202e+00 2.207572e-04 -9.708253e-06 4.010268e-05 2.382814e-05 -2.609469e-05
24377.600000 1.514278e+00 1.326899e+00 1.827676e+00 3.907835e-04 -1.804426e-05 3.140131e-05 1.850986e-05 -2.960505e-05
24377.800000 1.490771e+00 1.305870e+00 1.803834e+00 4.436235e-04 -1.253281e-05 2.558109e-05 8.646878e-06 -2.473736e-05
24378.000000 1.487903e+00 1.304497e+00 1.803453e+00 2.880744e-04 1.317758e-06 3.316216e-05 1.261355e-05 -1.289080e-05
24378.200000 1.504662e+00 1.319193e+00 1.829438e+00 2.780711e-04 -1.845218e-06 4.089406e-05 1.506056e-05 -1.195752e-05
24378.400000 1.490003e+00 1.306228e+00 1.814328e+00 4.014865e-04 -1.763958e-06 3.215805e-05 6.777080e-06 -1.820648e-05
24378.600000 1.517948e+00 1.330736e+00 1.856366e+00 2.661719e-04 1.256537e-06 2.325080e-05 9.546861e-06 -1.777121e-05
24378.800000 1.493064e+00 1.309870e+00 1.832193e+00 3.444107e-04 6.546139e-06 2.440802e-05 2.433194e-06 -2.761715e-05
24379.000000 1.493221e+00 1.309843e+00 1.834254e+00 4.645204e-04 2.796911e-06 2.332139e-05 1.865771e-05 -2.807157e-05
24379.200000 1.482550e+00 1.300438e+00 1.826724e+00 4.451053e-04 -3.220164e-06 2.540909e-05 8.837631e-06 -2.434353e-05
24379.400000 1.504673e+00 1.319675e+00 1.854686e+00 4.454123e-04 -1.002063e-05 1.984996e-05 2.331614e-05 -2.091872e-05
24379.600000 1.487078e+00 1.304330e+00 1.833850e+00 5.589565e-04 -6.230631e-06 2.061882e-05 1.223266e-05 -1.500500e-05
24379.800000 1.495775e+00 1.312473e+00 1.850009e+00 3.887923e-04 -1.279233e-05 2.464373e-05 7.389028e-06 -1.812820e-05
24380.000000 1.498058e+00 1.313597e+00 1.857671e+00 3.909342e-04 -8.428247e-06 3.164923e-05 -5.369104e-06 -3.605465e-05
24380.200000 1.501678e+00 1.316874e+00 1.866582e+00 3.776169e-04 -5.732098e-06 3.715366e-05 -1.171902e-05 -3.698542e-05
24380.400000 1.487304e+00 1.303879e+00 1.849441e+00 2.554658e-04 5.970597e-07 3.481678e-05 -5.427955e-06 -2.795180e-05
24380.600000 1.509458e+00 1.323376e+00 1.877067e+00 3.651187e-04 -1.161157e-05 2.391050e-05 7.516066e-06 -1.338417e-05
24380.800000 1.492318e+00 1.308603e+00 1.854762e+00 3.719562e-04 -1.290130e-05 1.647595e-05 5.153823e-06 -1.305451e-05
24381.000000 1.487286e+00 1.305160e+00 1.854963e+00 4.343042e-04 -1.578477e-06 1.950706e-05 1.491278e-05 -1.166123e-05
24381.200000 1.490761e+00 1.307255e+00 1.860152e+00 3.702331e-04 -1.415160e-05 3.260234e-05 1.163449e-05 -1.669536e-05
24381.400000 1.498353e+00 1.313973e+00 1.871915e+00 4.723581e-04 -1.614739e-05 2.749672e-05 2.013409e-05 -9.861792e-06
24381.600000 1.493040e+00 1.309023e+00 1.865329e+00 4.223026e-04 -9.971362e-06 2.534206e-05 1.058082e-05 -2.970864e-06
24381.800000 1.495244e+00 1.311091e+00 1.869399e+00 4.666683e-04 -6.412128e-06 1.171215e-05 5.839080e-06 -3.455366e-06
24382.000000 1.505112e+00 1.319804e+00 1.876958e+00 4.179594e-04 1.043734e-05 2.691322e-05 1.033817e-05 1.968359e-06
24382.200000 1.481255e+00 1.299244e+00 1.847665e+00 3.139146e-04 9.616129e-06 2.574733e-05 2.477881e-05 9.343090e-06
24382.400000 1.487012e+00 1.303853e+00 1.858334e+00 4.659198e-04 3.146012e-06 2.131191e-05 8.067488e-06 8.239404e-07
24382.600000 1.503222e+00 1.318554e+00 1.878345e+00 4.000576e-04 8.902598e-06 1.901929e-05 1.405671e-05 2.970754e-06
24382.800000 1.472092e+00 1.291014e+00 1.837808e+00 3.640624e-04 2.752777e-06 2.375066e-05 2.093972e-05 -6.416328e-08
24383.000000 1.493657e+00 1.309642e+00 1.862312e+00 3.432833e-04 2.437030e-06 2.459440e-05 1.160962e-05 -1.044760e-05
24383.700000 1.491938e+00 1.308332e+00 1.852416e+00 3.693879e-04 6.119682e-06 2.233685e-05 4.620473e-06 -1.133303e-05
24384.400000 1.493288e+00 1.309498e+00 1.841769e+00 3.562088e-04 1.036358e-05 7.690407e-06 2.234563e-05 6.624631e-06
24385.100000 1.494200e+00 1.310002e+00 1.829084e+00 4.241815e-04 1.243442e-05 1.047634e-05 2.237931e-05 9.414406e-06
24385.800000 1.492863e+00 1.309089e+00 1.809489e+00 4.340707e-04 3.010089e-06 -1.699849e-06 2.085158e-05 3.977584e-07
24386.500000 1.494636e+00 1.310444e+00 1.785966e+00 3.775750e-04 -1.478036e-06 -2.982692e-06 1.600464e-05 -1.075607e-05
24387.200000 1.490002e+00 1.306558e+00 1.758940e+00 3.867131e-04 4.495334e-06 1.084781e-05 2.131114e-05 -2.143389e-05
24387.900000 1.495671e+00 1.311843e+00 1.737844e+00 3.904876e-04 4.462405e-06 2.248909e-05 1.738416e-05 -1.662718e-05
24388.600000 1.493977e+00 1.310907e+00 1.704250e+00 4.500819e-04 6.859623e-06 3.241393e-05 2.347430e-05 -2.918479e-06
24389.300000 1.492179e+00 1.308773e+00 1.670937e+00 3.694198e-04 -3.239588e-07 2.385464e-05 2.563923e-05 5.718603e-06
24390.993695 1.492036e+00 1.308635e+00 1.590057e+00 4.190638e-04 -7.661578e-07 1.938585e-05 2.609546e-05 4.380873e-06
24391.999583 1.490540e+00 1.307365e+00 1.542793e+00 4.026691e-04 4.322259e-06 1.816378e-05 3.143033e-05 2.967337e-06
24393.017662 1.490674e+00 1.307737e+00 1.506733e+00 3.597823e-04 -3.273376e-06 1.313948e-05 2.214031e-05 -1.311814e-05
24394.047933 1.490148e+00 1.307333e+00 1.471693e+00 4.613805e-04 -4.639500e-06 2.256509e-05 1.407446e-05 -1.957820e-05
24395.090396 1.491738e+00 1.308679e+00 1.450787e+00 3.596422e-04 -5.851380e-06 1.326615e-05 1.196052e-05 -1.266245e-05
24396.145051 1.489742e+00 1.307404e+00 1.438341e+00 3.779553e-04 -1.091058e-05 1.455159e-05 5.748942e-06 -1.554975e-05
24397.211898 1.490243e+00 1.307434e+00 1.444455e+00 4.406744e-04 -9.199516e-06 2.448941e-06 1.536529e-05 -2.447669e-05
24398.290937 1.486592e+00 1.303848e+00 1.459876e+00 3.916679e-04 -1.930432e-06 2.885260e-06 2.571385e-05 -2.442844e-05
24399.382167 1.487414e+00 1.304422e+00 1.494204e+00 3.524622e-04 -6.226369e-06 5.843648e-06 1.788043e-05 -2.095241e-05
24400.485590 1.487818e+00 1.305182e+00 1.543212e+00 4.337775e-04 -1.373715e-05 4.876930e-06 1.715159e-05 -2.408867e-05
24401.601204 1.488551e+00 1.306125e+00 1.602193e+00 3.903600e-04 -1.190965e-05 -4.099142e-06 1.353581e-05 -2.656666e-05
24402.729011 1.488255e+00 1.305244e+00 1.660717e+00 3.962454e-04 -1.251055e-05 2.234825e-06 1.442690e-05 -2.021602e-05
24403.869009 1.488298e+00 1.305247e+00 1.717818e+00 4.050466e-04 -3.706132e-06 3.380131e-06 1.748509e-05 -2.591426e-05
24405.021199 1.488763e+00 1.305708e+00 1.771332e+00 3.495127e-04 1.982908e-06 -2.331772e-06 2.132116e-05 -9.833495e-06
24406.185582 1.487626e+00 1.305183e+00 1.809542e+00 4.291324e-04 -4.696683e-06 -6.755227e-06 2.178297e-05 2.063458e-06
24407.362156 1.485956e+00 1.303524e+00 1.833335e+00 3.260549e-04 -3.598402e-06 -4.586618e-06 2.966222e-05 -7.344795e-06
24408.550922 1.484772e+00 1.302444e+00 1.846010e+00 3.399172e-04 2.459973e-07 1.782840e-06 1.748052e-05 -8.594984e-06
24409.751879 1.485787e+00 1.303988e+00 1.851942e+00 3.621165e-04 5.915527e-06 2.347564e-06 1.153531e-05 -1.125892e-05
24410.965029 1.486007e+00 1.303828e+00 1.846080e+00 3.609969e-04 1.388167e-06 8.776354e-06 2.055594e-05 -1.537511e-05
24412.190371 1.483895e+00 1.302036e+00 1.829751e+00 2.895554e-04 4.272703e-06 1.369256e-05 2.175362e-05 -1.599778e-05
24413.427904 1.484400e+00 1.302259e+00 1.814358e+00 3.274624e-04 -2.125074e-06 2.046569e-05 1.706017e-05 -1.795118e-05
24414.677630 1.483257e+00 1.301547e+00 1.795623e+00 3.952461e-04 -8.780417e-06 1.408144e-05 9.240362e-06 -4.362823e-06
24415.939547 1.481640e+00 1.300300e+00 1.772733e+00 3.017704e-04 -1.876654e-07 1.284349e-05 1.503126e-05 -1.529524e-05
24417.213657 1.484156e+00 1.301947e+00 1.756812e+00 3.715841e-04 4.515317e-06 9.739075e-06 1.300104e-05 -1.808505e-05
24418.499958 1.479792e+00 1.297970e+00 1.733886e+00 3.490089e-04 6.764958e-06 9.715188e-06 1.620527e-05 -2.320603e-05
24419.798451 1.483250e+00 1.301129e+00 1.724887e+00 3.389780e-04 5.394263e-06 1.763289e-05 1.527552e-05 -2.779443e-05
24421.109136 1.481436e+00 1.299504e+00 1.710217e+00 3.747433e-04 1.058502e-05 1.453716e-05 1.990613e-05 -1.808809e-05
24422.432013 1.480941e+00 1.299086e+00 1.695332e+00 3.221344e-04 9.711929e-06 1.178236e-05 1.367577e-05 -1.318172e-05
24423.767082 1.478984e+00 1.297699e+00 1.678675e+00 2.898222e-04 6.380520e-06 1.007920e-05 1.166953e-05 -7.118936e-06
24425.114342 1.479720e+00 1.298829e+00 1.657209e+00 3.183135e-04 9.867932e-06 9.256847e-06 3.409764e-07 -1.812205e-05
24426.473795 1.479185e+00 1.298273e+00 1.629987e+00 2.832164e-04 7.383800e-06 6.794630e-06 1.075722e-05 -1.777186e-05
24427.845440 1.480059e+00 1.299191e+00 1.597780e+00 3.461863e-04 4.003401e-06 1.059940e-05 1.972150e-05 -1.669313e-05
24429.229276 1.478810e+00 1.297513e+00 1.562900e+00 4.311832e-04 9.528000e-06 4.290465e-06 1.538993e-05 -7.130411e-06
24430.625305 1.478697e+00 1.297616e+00 1.530533e+00 3.830089e-04 1.376192e-05 7.630316e-06 1.019568e-05 -6.651030e-06
24432.033525 1.476964e+00 1.296168e+00 1.497828e+00 3.655386e-04 1.329902e-05 1.426286e-05 9.789076e-06 -1.193693e-05
24433.453937 1.476558e+00 1.295869e+00 1.479255e+00 4.401972e-04 2.443376e-05 1.005942e-05 1.469460e-05 -1.721671e-05
24434.886541 1.474860e+00 1.294402e+00 1.467271e+00 4.210670e-04 1.524377e-05 8.723327e-08 1.957828e-05 -1.573880e-05
24436.331337 1.475572e+00 1.295023e+00 1.470350e+00 3.372510e-04 9.699902e-06 1.753373e-06 5.724477e-06 -1.378109e-05
24437.788325 1.475458e+00 1.294718e+00 1.484120e+00 3.822003e-04 7.613931e-06 -3.532946e-07 7.530142e-06 -1.831500e-05
24439.257505 1.474745e+00 1.294228e+00 1.508552e+00 3.411613e-04 8.672632e-06 9.965963e-06 1.349402e-05 -2.422798e-05
24440.738877 1.474009e+00 1.293249e+00 1.540809e+00 3.493999e-04 5.691447e-06 9.632966e-06 9.483671e-06 -1.882178e-05
24442.232440 1.473410e+00 1.293099e+00 1.576409e+00 4.143934e-04 8.600091e-06 2.922784e-06 9.562268e-06 -1.761435e-05
24443.738196 1.472446e+00 1.292455e+00 1.611985e+00 3.800880e-04 1.503620e-05 -4.292616e-06 3.067605e-07 -1.518554e-05
24445.256143 1.472387e+00 1.292627e+00 1.648189e+00 2.819944e-04 1.074760e-05 -7.658743e-07 1.791259e-06 -2.004146e-05
24446.786283 1.471962e+00 1.291844e+00 1.677414e+00 3.388654e-04 4.213073e-06 6.638753e-06 1.475161e-05 -1.464953e-05
24448.328614 1.470192e+00 1.290918e+00 1.699727e+00 3.613566e-04 2.598272e-06 1.123207e-05 5.381291e-06 -2.041320e-05
24449.883137 1.470890e+00 1.291395e+00 1.718536e+00 3.609174e-04 3.512182e-06 1.746500e-05 -5.735981e-06 -1.041154e-05
24451.449852 1.469808e+00 1.290374e+00 1.728411e+00 3.567209e-04 1.225236e-05 9.147505e-06 -2.066822e-07 -1.574170e-05
24453.028759 1.469008e+00 1.289349e+00 1.731109e+00 3.289722e-04 1.101128e-05 4.335778e-06 4.523334e-06 -1.427864e-05
24454.619858 1.470931e+00 1.291056e+00 1.731714e+00 2.976090e-04 1.235108e-05 2.090221e-05 9.726923e-06 -3.157403e-05
24456.223149 1.468897e+00 1.289918e+00 1.723536e+00 3.661432e-04 1.571906e-05 1.742270e-05 3.537197e-06 -2.520573e-05
24457.838632 1.469070e+00 1.289514e+00 1.717832e+00 3.940938e-04 1.274960e-05 1.539277e-05 5.950093e-06 -1.468316e-05
24459.466307 1.467725e+00 1.288561e+00 1.704923e+00 3.628112e-04 1.903334e-05 1.018918e-05 7.390915e-06 -1.405079e-05
24461.106173 1.465842e+00 1.287223e+00 1.691096e+00 3.904237e-04 2.258912e-05 1.398384e-06 1.146876e-05 -6.179751e-06
24462.758232 1.466840e+00 1.287961e+00 1.679663e+00 3.343896e-04 2.042458e-05 8.860414e-06 1.310206e-05 -9.180503e-06
24464.422482 1.465950e+00 1.287430e+00 1.663817e+00 3.438531e-04 1.616821e-05 1.288083e-05 9.451091e-06 -2.118891e-05
24466.098924 1.465314e+00 1.286478e+00 1.650240e+00 4.365118e-04 1.065405e-05 -5.183493e-06 6.287533e-06 -2.520010e-05
24467.787558 1.465122e+00 1.286134e+00 1.636393e+00 3.847681e-04 1.033353e-05 -7.679467e-06 1.072985e-05 -7.689171e-06
24469.488385 1.464093e+00 1.285657e+00 1.623385e+00 3.552260e-04 6.126645e-06 -6.879343e-06 -2.832788e-06 -8.913572e-06
24471.201403 1.463863e+00 1.285924e+00 1.609993e+00 3.733439e-04 1.143373e-05 5.509321e-06 2.636401e-06 -5.949309e-06
24472.926613 1.462066e+00 1.283962e+00 1.596454e+00 3.238210e-04 1.021490e-05 1.063721e-05 -1.106384e-06 -7.258691e-06
24474.664014 1.462853e+00 1.284921e+00 1.586102e+00 3.345699e-04 4.968004e-06 8.809200e-06 -6.470648e-06 -1.624887e-05
24476.413608 1.461614e+00 1.283321e+00 1.573937e+00 3.789742e-04 6.757104e-06 7.357295e-06 -3.946347e-06 -2.315520e-05
24478.175394 1.460660e+00 1.282264e+00 1.565295e+00 3.644852e-04 8.644618e-06 2.243453e-06 -4.832654e-06 -2.358465e-05
24479.949371 1.458367e+00 1.280310e+00 1.557394e+00 3.626028e-04 9.246660e-06 -4.755024e-07 2.187614e-06 -2.096142e-05
24481.735541 1.454894e+00 1.277316e+00 1.555879e+00 3.229652e-04 5.542445e-06 -7.583867e-06 1.500072e-05 -2.439166e-05
24483.533902 1.452058e+00 1.274872e+00 1.556741e+00 4.014362e-04 9.608018e-06 -2.686912e-06 2.090655e-05 -1.406551e-05
24485.344455 1.447957e+00 1.271808e+00 1.565974e+00 3.933836e-04 2.190574e-06 3.584187e-07 1.871089e-05 -9.695958e-06
24487.167201 1.448709e+00 1.272367e+00 1.580807e+00 4.232444e-04 6.697759e-07 4.415568e-06 2.498451e-05 -1.735605e-05
24489.002138 1.447850e+00 1.271756e+00 1.600892e+00 2.909639e-04 7.080923e-06 -5.546784e-07 2.420704e-05 -9.715772e-06
24490.849267 1.447994e+00 1.272279e+00 1.623906e+00 4.536523e-04 8.615501e-06 1.136659e-05 1.994210e-05 -1.162977e-05
24492.708588 1.447544e+00 1.271829e+00 1.645793e+00 3.874977e-04 4.080744e-06 1.130408e-05 1.508661e-05 -1.242703e-05
24494.580100 1.452089e+00 1.275575e+00 1.670311e+00 3.738543e-04 8.297353e-06 6.883712e-06 1.000292e-05 -9.564850e-06
24496.463805 1.452107e+00 1.275256e+00 1.687418e+00 4.125402e-04 1.457773e-05 1.161302e-05 1.536198e-05 -1.014820e-05
24498.359702 1.453704e+00 1.276914e+00 1.701559e+00 3.519806e-04 7.031782e-06 1.539482e-05 2.435389e-05 -1.711250e-05
24500.267790 1.453735e+00 1.276543e+00 1.708723e+00 4.070896e-04 3.949381e-06 2.073720e-05 1.261221e-05 -2.336808e-05
24502.188071 1.452428e+00 1.275862e+00 1.707412e+00 3.621877e-04 6.099941e-06 1.563072e-05 1.735324e-05 -6.048277e-06
24504.120543 1.454814e+00 1.277980e+00 1.707075e+00 3.447219e-04 1.268746e-05 6.377672e-06 3.011271e-05 -2.927401e-07
24506.065207 1.452497e+00 1.276062e+00 1.696465e+00 4.043079e-04 1.549059e-05 2.033981e-06 3.098846e-05 -6.373965e-06
24508.022064 1.450577e+00 1.274209e+00 1.682951e+00 3.486813e-04 1.252806e-05 5.459982e-06 1.610378e-05 -1.202146e-05
24509.991112 1.450175e+00 1.274120e+00 1.666122e+00 3.478418e-04 1.599776e-05 2.885137e-06 1.795851e-05 -1.462054e-05
24511.972352 1.449887e+00 1.273695e+00 1.652212e+00 3.665482e-04 8.507969e-06 -2.888565e-06 1.004932e-05 -1.182508e-05
24513.965784 1.449335e+00 1.272948e+00 1.634959e+00 4.103882e-04 1.908633e-06 -4.033827e-06 1.256155e-05 -8.479080e-07
24515.971407 1.448844e+00 1.273010e+00 1.621092e+00 3.465376e-04 1.144758e-05 9.370501e-06 9.656328e-06 -3.931699e-06
24517.989223 1.447650e+00 1.271552e+00 1.607339e+00 3.809244e-04 1.472255e-05 2.076656e-06 -1.071380e-06 -1.640324e-06
24520.019231 1.446662e+00 1.270928e+00 1.597237e+00 2.957935e-04 6.613752e-06 -6.383472e-06 3.985505e-06 -3.316311e-06
24522.061430 1.446155e+00 1.270251e+00 1.592998e+00 3.791624e-04 4.278156e-06 6.258993e-06 1.006171e-05 1.014318e-05
24524.115822 1.445273e+00 1.270144e+00 1.589789e+00 4.264668e-04 5.660897e-06 1.373842e-05 4.492486e-06 2.669032e-06
24526.182405 1.445416e+00 1.270096e+00 1.590709e+00 3.455931e-04 2.189580e-05 1.222215e-05 -1.832382e-06 -4.701030e-06
24528.261180 1.443508e+00 1.268125e+00 1.591267e+00 3.685340e-04 1.972984e-05 1.872634e-05 5.242079e-06 -6.354591e-06
24530.352148 1.442120e+00 1.267795e+00 1.591283e+00 4.109244e-04 1.349079e-05 3.164396e-05 1.063737e-05 -1.141142e-05
24532.455307 1.441357e+00 1.267268e+00 1.596952e+00 3.734608e-04 3.879942e-06 3.436948e-05 7.005033e-06 -7.220080e-06
24534.570658 1.442398e+00 1.268260e+00 1.603704e+00 3.426765e-04 2.226822e-06 3.516408e-05 -6.158470e-06 -2.518548e-05
24536.698201 1.441663e+00 1.267239e+00 1.611122e+00 4.407591e-04 7.750301e-06 2.737902e-05 9.894404e-06 -1.635373e-05
24538.837935 1.440910e+00 1.266555e+00 1.619954e+00 2.919337e-04 5.886052e-06 1.468520e-05 9.188756e-06 -6.961565e-06
24540.989862 1.440613e+00 1.266204e+00 1.626336e+00 4.298779e-04 3.101323e-06 1.765027e-05 1.340732e-07 -1.288520e-05
24543.153981 1.437670e+00 1.263598e+00 1.635054e+00 3.055907e-04 5.923084e-06 8.366648e-06 8.509830e-07 -9.470820e-06
24545.330291 1.436253e+00 1.262774e+00 1.641493e+00 3.471947e-04 8.580689e-06 8.150786e-06 6.551843e-06 -3.151490e-06
24547.518794 1.437275e+00 1.263301e+00 1.652475e+00 3.355767e-04 6.787253e-06 1.965857e-05 7.587775e-06 4.124214e-06
24549.719488 1.437246e+00 1.262878e+00 1.663004e+00 3.374261e-04 8.204402e-06 1.872294e-05 1.126266e-05 6.360921e-06
24551.932374 1.436985e+00 1.263187e+00 1.674274e+00 3.709890e-04 2.701773e-06 4.178936e-06 1.136126e-05 2.966840e-06
24554.157453 1.436717e+00 1.263082e+00 1.687275e+00 3.534426e-04 -2.841369e-06 1.252331e-06 5.921131e-06 5.082460e-06
24556.394723 1.435678e+00 1.262264e+00 1.700030e+00 3.220857e-04 9.467555e-06 1.191666e-05 4.104752e-06 5.416073e-06
24558.644185 1.434022e+00 1.261079e+00 1.709183e+00 3.190691e-04 1.398634e-05 1.546396e-05 1.479436e-05 4.526029e-06
24560.905838 1.432865e+00 1.260029e+00 1.715803e+00 3.427687e-04 1.509292e-05 1.729760e-05 1.816963e-05 1.467447e-05
24563.179684 1.431468e+00 1.258554e+00 1.722571e+00 3.510467e-04 9.973903e-06 1.520859e-05 7.936416e-06 1.408735e-05
24565.465722 1.430550e+00 1.258021e+00 1.728394e+00 3.958416e-04 1.071902e-05 1.294421e-05 1.852921e-06 9.208397e-06
24567.763952 1.430685e+00 1.257883e+00 1.732945e+00 3.956269e-04 4.834827e-06 9.759874e-06 3.649300e-06 -5.253704e-06
24570.074373 1.431710e+00 1.258544e+00 1.733082e+00 3.669475e-04 6.701784e-06 7.606434e-06 -9.620590e-06 -8.038953e-06
24572.396987 1.428373e+00 1.255778e+00 1.728023e+00 3.573564e-04 5.989562e-06 8.147866e-06 -1.988943e-06 -1.058286e-05
24574.731792 1.426183e+00 1.254087e+00 1.721840e+00 3.751209e-04 5.630185e-06 9.644996e-06 -4.888255e-07 -3.064914e-06
24577.078789 1.428020e+00 1.256130e+00 1.714029e+00 3.879410e-04 9.919236e-06 6.082043e-06 -1.176679e-05 -7.358053e-06
24579.437978 1.427188e+00 1.254985e+00 1.702269e+00 3.409925e-04 1.034972e-05 1.598829e-05 -5.304157e-06 -1.181291e-05
24581.809359 1.424576e+00 1.253581e+00 1.685978e+00 3.588909e-04 1.874204e-05 1.775060e-05 -1.411320e-05 -1.321875e-05
24584.192932 1.425917e+00 1.254692e+00 1.673208e+00 3.264914e-04 1.700111e-05 1.698032e-05 -7.697902e-06 -1.236295e-05
24586.588697 1.423852e+00 1.252674e+00 1.658103e+00 3.803489e-04 6.960924e-06 2.731495e-05 -1.341288e-05 -8.731443e-06
24588.996654 1.424236e+00 1.252768e+00 1.647770e+00 3.924904e-04 2.391102e-06 1.522533e-05 -1.055958e-05 -2.217164e-05
24591.416803 1.422001e+00 1.251053e+00 1.636341e+00 3.975022e-04 5.280905e-06 1.463018e-05 7.598406e-07 -2.670854e-05
24593.849143 1.420038e+00 1.249509e+00 1.626307e+00 4.135508e-04 4.554612e-06 1.058965e-05 7.888013e-09 -2.389485e-05
24596.293676 1.421196e+00 1.250225e+00 1.620324e+00 3.976034e-04 1.101675e-05 1.629889e-05 -4.081393e-06 -2.954548e-05
24598.750400 1.420691e+00 1.249361e+00 1.615790e+00 3.069672e-04 1.001134e-05 9.963662e-06 -3.680815e-06 -2.789264e-05
24601.219317 1.416411e+00 1.246113e+00 1.607052e+00 2.936345e-04 7.219188e-06 5.519940e-06 6.671031e-06 -3.496040e-05
24603.700425 1.412982e+00 1.242925e+00 1.601792e+00 3.074274e-04 1.166667e-05 1.291411e-05 1.517255e-06 -2.745037e-05
24606.193725 1.407347e+00 1.238499e+00 1.598007e+00 3.990780e-04 1.289568e-05 9.298420e-06 -2.568867e-06 -3.062470e-05
24608.699217 1.406435e+00 1.237571e+00 1.601619e+00 3.426003e-04 1.531381e-05 1.199295e-05 -1.370235e-05 -2.867448e-05
24611.216901 1.405234e+00 1.236623e+00 1.607872e+00 3.050650e-04 9.399967e-06 9.408388e-07 -8.057046e-06 -2.332020e-05
24613.746777 1.409250e+00 1.240041e+00 1.625189e+00 3.603268e-04 9.026389e-06 5.197191e-06 -8.433000e-06 -1.617137e-05
24616.288845 1.410537e+00 1.241216e+00 1.641021e+00 2.607749e-04 9.650143e-06 -5.693791e-06 -9.790771e-06 -2.025302e-05
24618.843105 1.411150e+00 1.242130e+00 1.660088e+00 3.656152e-04 8.829640e-06 -3.838673e-07 -2.159756e-07 -1.107551e-05
24621.409556 1.411127e+00 1.242135e+00 1.680963e+00 3.720069e-04 1.117029e-06 -1.744894e-06 2.174490e-06 -2.449642e-06
24623.988200 1.407240e+00 1.238577e+00 1.694285e+00 3.647973e-04 6.961520e-08 -6.428261e-06 -6.473935e-06 -4.620976e-06
24626.579035 1.404421e+00 1.235490e+00 1.706845e+00 3.636800e-04 2.136825e-06 8.460889e-06 -7.536991e-06 -1.190023e-05
24629.182062 1.404715e+00 1.236405e+00 1.721579e+00 3.873314e-04 7.947581e-06 -1.922182e-06 -1.556662e-06 -1.938745e-05
24631.797282 1.404193e+00 1.236038e+00 1.732745e+00 3.731027e-04 -2.840761e-06 -4.398026e-06 -1.282591e-05 -2.032880e-05
24634.424693 1.403494e+00 1.235231e+00 1.738626e+00 3.553316e-04 -8.475506e-06 5.526238e-06 -1.107475e-05 -1.060379e-05
24637.064296 1.402450e+00 1.234994e+00 1.741912e+00 3.937237e-04 -4.083679e-06 1.132529e-05 -7.563276e-06 -1.331237e-05
24639.716091 1.399456e+00 1.232234e+00 1.742068e+00 3.429105e-04 -1.731108e-06 1.238793e-05 -5.958826e-06 -2.510395e-05
24642.380078 1.400054e+00 1.232956e+00 1.745608e+00 3.894652e-04 -1.996031e-06 9.904277e-06 -1.025946e-06 -1.973932e-05
24645.056256 1.398508e+00 1.231261e+00 1.746240e+00 3.780781e-04 -2.631478e-06 5.077442e-06 1.202221e-06 -1.836211e-05
24647.744627 1.397824e+00 1.230652e+00 1.747195e+00 3.739891e-04 -3.859477e-06 1.047443e-05 -3.573624e-06 -2.295532e-05
24650.445190 1.396870e+00 1.229931e+00 1.745202e+00 3.807828e-04 4.265324e-07 2.429885e-06 -9.082712e-06 -1.281682e-05
24653.157944 1.395532e+00 1.229032e+00 1.744778e+00 3.842699e-04 -8.456712e-07 8.631689e-06 -1.066067e-05 -1.848790e-05
24655.882891 1.391957e+00 1.225649e+00 1.735088e+00 3.133989e-04 -5.522338e-06 2.371037e-06 -1.098081e-05 -1.692109e-05
24658.620029 1.385982e+00 1.220071e+00 1.722613e+00 3.146116e-04 -5.610197e-06 1.236815e-07 -1.292176e-05 -1.589043e-05
24661.369359 1.384077e+00 1.218801e+00 1.712252e+00 3.313253e-04 -6.802502e-06 8.480748e-06 -1.513053e-05 -2.085610e-05
24664.130881 1.384827e+00 1.219466e+00 1.703530e+00 3.050202e-04 -6.485050e-06 1.244251e-05 -1.636183e-05 -3.204219e-05
24666.904595 1.386127e+00 1.220690e+00 1.694871e+00 3.628478e-04 9.285073e-07 1.614916e-05 -1.509443e-05 -3.077831e-05
24669.690501 1.388376e+00 1.222518e+00 1.684445e+00 3.234757e-04 4.830468e-06 1.683502e-05 7.033086e-07 -3.133292e-05
24672.488599 1.389353e+00 1.223445e+00 1.675421e+00 3.155498e-04 2.597944e-06 2.389078e-05 -3.066083e-06 -2.704420e-05
24675.298889 1.388633e+00 1.222822e+00 1.665356e+00 3.334928e-04 -1.433548e-06 2.716917e-05 -1.114310e-05 -2.155208e-05
24678.121371 1.387539e+00 1.222125e+00 1.652003e+00 3.191031e-04 -6.202984e-06 2.801538e-05 -1.037995e-05 -2.676211e-05
24680.956044 1.385444e+00 1.220099e+00 1.642030e+00 3.217789e-04 -1.443723e-05 1.961957e-05 -9.744806e-06 -1.963043e-05
24683.802910 1.385371e+00 1.220353e+00 1.634976e+00 2.996190e-04 -1.850810e-05 2.282873e-05 -1.025990e-05 -1.848410e-05
24686.661967 1.386106e+00 1.220827e+00 1.635848e+00 3.468547e-04 -1.073843e-05 1.602527e-05 -5.291529e-06 -2.592658e-05
24689.533217 1.383650e+00 1.218737e+00 1.634323e+00 3.351421e-04 -7.843643e-06 1.854393e-05 1.129819e-06 -2.736025e-05
24692.416658 1.382912e+00 1.218453e+00 1.639972e+00 3.269626e-04 -7.404725e-06 1.507181e-05 -1.333137e-06 -2.256240e-05
24695.312291 1.381743e+00 1.217293e+00 1.644462e+00 3.605406e-04 -5.640054e-06 1.299031e-05 1.002420e-05 -2.202107e-05
24698.220116 1.381341e+00 1.216953e+00 1.655429e+00 3.706842e-04 -4.159192e-06 9.306177e-06 3.918235e-06 -2.012871e-05
24701.140133 1.380278e+00 1.216270e+00 1.667925e+00 3.730378e-04 1.246930e-06 4.051611e-06 1.378989e-06 -1.949191e-05
24704.072342 1.376001e+00 1.212485e+00 1.678995e+00 4.145590e-04 8.071404e-06 9.364654e-06 -5.656842e-06 -1.158015e-05
24707.016743 1.370323e+00 1.207423e+00 1.688692e+00 4.372886e-04 3.460831e-06 9.218060e-06 -6.737911e-06 -1.791498e-05
24709.973335 1.367793e+00 1.205083e+00 1.703770e+00 3.662272e-04 -1.507584e-06 1.111611e-05 7.952796e-06 -1.061730e-05
24712.942120 1.370100e+00 1.207399e+00 1.719733e+00 3.357053e-04 2.506706e-06 9.303246e-06 1.306688e-05 -7.973133e-06
24715.923096 1.369957e+00 1.207124e+00 1.730700e+00 3.370022e-04 -3.576984e-06 5.330960e-06 6.366242e-06 -7.996882e-07
24718.916265 1.371831e+00 1.209410e+00 1.739335e+00 3.704950e-04 3.189150e-06 4.651895e-06 8.918780e-06 -3.003565e-06
24721.921625 1.371057e+00 1.208570e+00 1.743906e+00 3.520798e-04 -5.532021e-06 7.152296e-06 9.405407e-06 4.495911e-06
24724.939177 1.371608e+00 1.208930e+00 1.746776e+00 3.294369e-04 -3.157443e-06 1.204321e-05 3.656908e-06 3.523328e-06
24727.968921 1.371877e+00 1.209274e+00 1.745523e+00 3.091261e-04 -3.710914e-06 9.713319e-06 3.830079e-06 -5.564338e-06
24731.010858 1.371432e+00 1.208966e+00 1.742182e+00 3.241716e-04 -4.419069e-06 6.839187e-06 1.639117e-05 -7.391614e-07
24734.064985 1.369775e+00 1.208317e+00 1.739570e+00 3.127109e-04 -2.911871e-06 1.415232e-05 6.535264e-06 -8.745721e-06
24737.131305 1.369539e+00 1.207202e+00 1.737059e+00 3.259732e-04 -1.504774e-06 1.235310e-05 2.135593e-06 -6.544995e-06
24740.209817 1.368580e+00 1.206296e+00 1.736245e+00 3.454268e-04 -8.173159e-06 1.396310e-05 1.859834e-05 -7.252183e-06
24743.300521 1.367247e+00 1.205361e+00 1.737152e+00 3.482336e-04 -5.399624e-06 7.249492e-06 8.101576e-06 -1.393125e-05
24746.403416 1.365725e+00 1.204315e+00 1.739309e+00 3.124720e-04 8.683484e-07 -6.319980e-06 8.039809e-06 -1.326929e-05
24749.518504 1.364757e+00 1.203721e+00 1.739152e+00 2.970616e-04 1.134736e-06 -1.001928e-05 1.332209e-05 5.866091e-07
24752.645783 1.364450e+00 1.203280e+00 1.738761e+00 2.779158e-04 7.384209e-06 -1.435071e-05 6.951862e-06 -1.969211e-06
24755.785255 1.363525e+00 1.201996e+00 1.735787e+00 2.796248e-04 1.718787e-06 -3.933059e-06 2.313711e-06 -5.120605e-06
24758.936918 1.361938e+00 1.200980e+00 1.727147e+00 3.426444e-04 -4.724094e-06 1.075257e-05 6.564244e-07 4.929535e-06
24762.100773 1.361766e+00 1.200692e+00 1.722002e+00 3.274585e-04 -2.343856e-06 1.312208e-05 1.239851e-05 -1.972086e-06
24765.276820 1.361315e+00 1.200274e+00 1.714138e+00 3.703818e-04 1.488894e-05 1.337734e-05 1.119661e-05 4.331355e-06
24768.465059 1.358374e+00 1.197948e+00 1.703611e+00 3.649998e-04 8.971664e-06 -2.976423e-08 3.858742e-06 3.006479e-06
24771.665490 1.358102e+00 1.197890e+00 1.698657e+00 3.568863e-04 2.397326e-06 1.676710e-05 2.460526e-06 -7.650530e-06
24774.878112 1.356916e+00 1.197282e+00 1.692284e+00 3.363806e-04 4.667543e-06 2.398517e-05 -1.721949e-05 -2.901068e-05
24778.102927 1.356166e+00 1.196381e+00 1.685587e+00 3.304499e-04 -8.522679e-06 3.012740e-05 -1.892671e-06 -1.947103e-05
24781.339934 1.355752e+00 1.196201e+00 1.681671e+00 3.309745e-04 -2.588769e-06 3.497625e-05 1.309913e-05 -9.935467e-06
24784.589132 1.355170e+00 1.195298e+00 1.678215e+00 3.391436e-04 1.466108e-06 4.018009e-05 7.791989e-06 -3.651564e-06
24787.850523 1.353648e+00 1.194039e+00 1.672170e+00 3.096463e-04 -1.287103e-06 3.857932e-05 1.391734e-05 -6.421811e-06
24791.124105 1.351856e+00 1.192729e+00 1.669838e+00 3.352897e-04 5.121085e-06 2.971593e-05 2.362244e-05 -6.766992e-06
24794.409879 1.351237e+00 1.192102e+00 1.669809e+00 3.347625e-04 -1.451089e-06 1.708982e-05 1.222567e-05 -5.409694e-06
24797.707845 1.350489e+00 1.191406e+00 1.673211e+00 3.623218e-04 5.994479e-06 2.140742e-05 3.291602e-06 -9.821801e-06
24801.018003 1.349371e+00 1.190208e+00 1.679333e+00 3.371309e-04 5.803480e-06 2.848339e-05 5.389057e-06 -1.363091e-05
24804.340353 1.348399e+00 1.190044e+00 1.686956e+00 3.029415e-04 9.434193e-06 2.727411e-05 8.919241e-06 -2.146992e-05
24807.674895 1.347039e+00 1.188723e+00 1.697665e+00 3.030034e-04 1.013521e-05 2.730460e-05 1.019688e-05 -2.370117e-05
24811.021629 1.345933e+00 1.187627e+00 1.712103e+00 3.182480e-04 7.060439e-06 2.944571e-05 -2.807315e-06 -2.276751e-05
24814.380554 1.343990e+00 1.186073e+00 1.723487e+00 2.804721e-04 4.978035e-06 3.072937e-05 -2.129787e-07 -2.906212e-05
24817.751672 1.343599e+00 1.185732e+00 1.736027e+00 2.935156e-04 6.864053e-06 4.288921e-05 -6.142352e-06 -2.941030e-05
24821.134982 1.342557e+00 1.184711e+00 1.744371e+00 3.156646e-04 6.641027e-06 4.175360e-05 -4.019799e-06 -1.977591e-05
24824.530483 1.341662e+00 1.183809e+00 1.749022e+00 3.512393e-04 1.469125e-05 4.058468e-05 -7.634699e-06 -1.556816e-05
24827.938176 1.340102e+00 1.182547e+00 1.749814e+00 3.531181e-04 1.244097e-05 3.369390e-05 -6.752323e-06 -2.455497e-05
24831.358061 1.340463e+00 1.183074e+00 1.750653e+00 2.713823e-04 1.027822e-05 3.031208e-05 -1.014997e-05 -2.295847e-05
24834.790139 1.339019e+00 1.181766e+00 1.747385e+00 3.006110e-04 7.117029e-06 3.017771e-05 -1.030347e-05 -1.878643e-05
24838.234408 1.336420e+00 1.179546e+00 1.743416e+00 3.086949e-04 7.909868e-06 1.257449e-05 -7.271161e-06 -1.129282e-05
24841.690868 1.335170e+00 1.178641e+00 1.740562e+00 2.953742e-04 8.506151e-06 9.249099e-06 9.990792e-08 -1.713207e-05
24845.159521 1.334533e+00 1.178151e+00 1.739336e+00 3.176101e-04 1.449711e-05 1.696984e-05 8.345252e-06 -2.034186e-05
24848.640366 1.333664e+00 1.177398e+00 1.738120e+00 3.364754e-04 2.081471e-05 1.782412e-05 -2.396168e-06 -2.760996e-05
24852.133403 1.331510e+00 1.175655e+00 1.734277e+00 3.552835e-04 1.572116e-05 1.408743e-05 4.112045e-07 -2.053175e-05
24855.638631 1.330670e+00 1.174770e+00 1.732050e+00 3.567963e-04 -4.500475e-06 1.178131e-05 -1.065141e-05 -2.059597e-05
24859.156052 1.329469e+00 1.173847e+00 1.728782e+00 3.457631e-04 -4.266391e-09 8.837501e-06 -6.271430e-06 -1.084420e-05
24862.685664 1.327706e+00 1.172072e+00 1.724358e+00 3.704132e-04 1.174106e-05 1.308782e-05 -1.478863e-05 -1.407360e-05
24866.227468 1.320645e+00 1.166261e+00 1.714466e+00 3.334318e-04 4.096726e-06 1.523959e-05 -1.629064e-05 -9.049279e-06
24869.781465 1.306645e+00 1.154327e+00 1.694075e+00 3.299587e-04 7.303354e-07 4.069932e-06 -2.066864e-06 6.289364e-07
24873.347653 1.293467e+00 1.142783e+00 1.674833e+00 3.012669e-04 2.090814e-06 8.185246e-06 -1.765692e-05 -1.825843e-06
24876.926033 1.287281e+00 1.137166e+00 1.663207e+00 3.027343e-04 -3.508775e-07 4.968511e-06 -1.828814e-05 3.651984e-06
24880.516605 1.293057e+00 1.141887e+00 1.667705e+00 2.663657e-04 -5.782010e-06 8.067928e-06 -1.253051e-05 1.549402e-06
24884.119369 1.303868e+00 1.151393e+00 1.680910e+00 2.943649e-04 -3.039643e-06 1.083195e-05 -1.070901e-05 -1.688500e-06
24887.734324 1.311656e+00 1.159164e+00 1.691748e+00 3.418124e-04 -2.251677e-07 1.340366e-05 -1.500054e-05 2.990548e-06
24891.361472 1.315487e+00 1.162345e+00 1.696390e+00 3.312074e-04 1.130504e-06 2.981135e-05 -1.061607e-05 -8.946851e-06
24895.000811 1.317123e+00 1.163541e+00 1.699149e+00 3.532397e-04 7.782073e-06 2.553841e-05 -4.241446e-06 -1.807854e-05
24898.652343 1.316746e+00 1.163156e+00 1.700267e+00 3.620324e-04 3.465540e-06 1.854340e-05 -7.291360e-06 -6.322661e-06
24902.316066 1.316227e+00 1.162453e+00 1.699792e+00 3.599797e-04 1.518611e-06 1.552163e-05 -6.904961e-06 -1.704042e-05
24905.991982 1.314984e+00 1.161746e+00 1.701973e+00 3.170125e-04 3.707115e-06 2.376224e-05 -1.776646e-05 -2.074279e-05
24909.680089 1.313911e+00 1.161257e+00 1.703733e+00 3.304591e-04 9.951176e-06 2.564201e-05 -2.345594e-05 -2.087524e-05
24913.380388 1.312702e+00 1.159862e+00 1.709068e+00 3.537193e-04 8.621956e-06 2.464553e-05 -2.057874e-05 -1.504120e-05
24917.092879 1.311947e+00 1.159284e+00 1.711607e+00 3.290139e-04 -3.539748e-06 2.698884e-05 -2.275057e-05 -2.011440e-05
24920.817562 1.310263e+00 1.158069e+00 1.716116e+00 3.609785e-04 -5.566900e-06 1.964581e-05 -2.849888e-05 -1.831340e-05
24924.554437 1.309661e+00 1.157413e+00 1.720663e+00 3.089041e-04 8.509276e-06 1.268415e-05 -2.313051e-05 -1.607433e-05
24928.303503 1.308912e+00 1.156886e+00 1.724873e+00 3.183792e-04 4.296621e-06 1.912293e-05 -2.568542e-05 -2.443699e-05
24932.064762 1.307630e+00 1.155944e+00 1.728689e+00 3.209162e-04 5.122414e-06 2.751381e-05 -1.503866e-05 -2.264222e-05
24935.838213 1.306090e+00 1.154209e+00 1.733060e+00 3.258142e-04 4.943808e-07 2.668072e-05 -8.460091e-06 -1.221727e-05
24939.623855 1.304720e+00 1.153593e+00 1.735321e+00 3.322118e-04 -6.931010e-06 1.819747e-05 -1.691177e-05 -1.644374e-05
24943.421689 1.303843e+00 1.152757e+00 1.737609e+00 3.654551e-04 -3.105447e-06 1.353461e-05 -1.486446e-05 -1.381721e-05
24947.231716 1.302838e+00 1.152117e+00 1.739372e+00 3.333451e-04 -3.758058e-06 9.932253e-06 -2.780800e-05 -1.914932e-05
24951.053934 1.301038e+00 1.150427e+00 1.738346e+00 3.284297e-04 -3.474328e-06 7.599405e-06 -3.461426e-05 -2.659942e-05
24954.888344 1.299309e+00 1.149070e+00 1.735840e+00 3.070036e-04 -1.017564e-05 1.717075e-06 -3.668614e-05 -3.025869e-05
24958.734946 1.298753e+00 1.148779e+00 1.738164e+00 2.913579e-04 -2.430427e-06 1.395146e-05 -2.924894e-05 -2.272270e-05
24962.593740 1.298007e+00 1.147965e+00 1.738992e+00 3.445169e-04 4.623073e-06 2.868917e-05 -2.182400e-05 -1.457508e-05
24966.464726 1.296597e+00 1.146940e+00 1.736636e+00 3.207478e-04 7.601479e-06 2.930628e-05 -2.151167e-05 -1.504409e-05
24970.347903 1.294755e+00 1.145061e+00 1.734799e+00 2.667132e-04 6.776929e-07 2.803277e-05 -1.689737e-05 -7.369195e-06
24974.243273 1.293854e+00 1.144246e+00 1.733002e+00 3.210148e-04 -1.982971e-06 2.794108e-05 -1.469857e-05 -8.039892e-06
24978.150835 1.291217e+00 1.142026e+00 1.730281e+00 2.981711e-04 -4.321221e-06 3.022522e-05 -1.007725e-05 -7.182086e-06
24982.070588 1.289775e+00 1.140890e+00 1.727119e+00 2.866093e-04 -1.559044e-05 2.270083e-05 -1.328298e-05 -1.659041e-05
24986.002533 1.285264e+00 1.137016e+00 1.720431e+00 3.201491e-04 -1.895598e-05 1.304209e-05 -1.980879e-05 -8.841752e-06
24989.946671 1.273837e+00 1.126896e+00 1.703699e+00 3.058479e-04 -2.177039e-05 8.287609e-06 -1.228612e-05 -9.878171e-06
24993.903000 1.255902e+00 1.111348e+00 1.677916e+00 3.227168e-04 -1.812801e-05 1.036197e-05 -1.421217e-05 -1.798084e-05
24997.871521 1.254053e+00 1.109258e+00 1.674250e+00 3.160296e-04 -1.461181e-05 1.349814e-05 -1.548027e-05 -1.007819e-05
25001.852234 1.264776e+00 1.119566e+00 1.686967e+00 3.087659e-04 -5.291490e-06 2.313093e-05 -2.326591e-05 -9.984186e-06
25005.845139 1.274618e+00 1.128192e+00 1.700029e+00 3.169201e-04 -2.265891e-06 2.573841e-05 -2.476796e-05 -1.042115e-05
25009.850236 1.280516e+00 1.132969e+00 1.708838e+00 3.319342e-04 1.166891e-06 2.562959e-05 -2.009705e-05 -1.414138e-05
25013.867524 1.282453e+00 1.134625e+00 1.712317e+00 2.910247e-04 1.692294e-06 2.643847e-05 -2.113110e-05 -1.566087e-05
25017.897005 1.281683e+00 1.134337e+00 1.713918e+00 3.211820e-04 2.112532e-07 2.540479e-05 -1.919506e-05 -4.556168e-08
25021.938678 1.279643e+00 1.132712e+00 1.714110e+00 3.411175e-04 3.182109e-07 1.792008e-05 -1.697775e-05 1.557892e-06
25025.992542 1.279223e+00 1.132330e+00 1.717003e+00 3.300507e-04 -5.023854e-06 1.221685e-05 -1.124946e-05 -1.176044e-06
25030.058598 1.276656e+00 1.130121e+00 1.715878e+00 2.929729e-04 -1.152592e-05 1.445155e-05 -1.978837e-05 -4.845946e-06
25034.136847 1.275914e+00 1.129249e+00 1.718553e+00 2.739651e-04 -1.227914e-05 1.953272e-05 -2.705150e-05 -1.909261e-06
25038.227287 1.275017e+00 1.128667e+00 1.719452e+00 2.992512e-04 -1.112321e-05 1.841560e-05 -2.106068e-05 7.521650e-06
25042.329919 1.272867e+00 1.126848e+00 1.719242e+00 3.104601e-04 -1.130067e-05 2.210784e-05 -1.755098e-05 9.888214e-06
25046.444743 1.272854e+00 1.126887e+00 1.722628e+00 3.274448e-04 -7.032544e-06 1.482879e-05 -1.040344e-05 1.368691e-05
25050.571759 1.270591e+00 1.125101e+00 1.719424e+00 3.297209e-04 5.889510e-07 1.254514e-05 -1.824222e-05 1.019997e-05
25054.710967 1.269178e+00 1.123463e+00 1.720676e+00 3.475887e-04 -2.210471e-06 1.835608e-05 -1.181059e-05 8.780834e-06
25058.862366 1.268145e+00 1.122547e+00 1.723129e+00 2.668391e-04 -4.398914e-06 1.921280e-05 -1.274700e-05 1.076475e-05
25063.025958 1.266907e+00 1.121994e+00 1.726681e+00 3.028638e-04 -1.710837e-05 2.315795e-05 -2.214571e-05 9.340506e-06
25067.201742 1.265414e+00 1.120749e+00 1.729696e+00 3.067034e-04 -1.859858e-05 2.681143e-05 -1.079202e-05 4.932089e-06
25071.389717 1.264505e+00 1.119816e+00 1.731586e+00 3.294893e-04 -1.174503e-05 1.932796e-05 -1.025092e-05 1.794498e-06
25075.589884 1.262854e+00 1.118495e+00 1.732236e+00 2.920926e-04 -1.179535e-05 3.038757e-05 -1.584821e-05 5.507180e-06
25079.802244 1.262031e+00 1.117622e+00 1.733674e+00 3.267644e-04 -1.292804e-05 3.637668e-05 -2.422150e-05 -7.690040e-06
25084.026795 1.260173e+00 1.116570e+00 1.733524e+00 2.749445e-04 -8.640595e-06 2.870290e-05 -1.551182e-05 -8.178057e-06
25088.263538 1.260076e+00 1.116170e+00 1.735756e+00 3.097900e-04 -5.607465e-06 2.794319e-05 -1.844452e-05 -6.127394e-06
25092.512473 1.258489e+00 1.115449e+00 1.734431e+00 3.486377e-04 -5.817566e-06 2.919096e-05 -1.507402e-05 2.864724e-06
25096.773600 1.257044e+00 1.113959e+00 1.733956e+00 2.791705e-04 -1.074724e-05 2.665426e-05 -3.952882e-06 9.695598e-06
25101.046919 1.254872e+00 1.112316e+00 1.731372e+00 3.265901e-04 -1.757309e-05 2.571287e-05 -1.046952e-05 3.354544e-06
25105.332429 1.254505e+00 1.111608e+00 1.730411e+00 3.545309e-04 -8.324895e-06 2.136600e-05 -1.199024e-05 2.195702e-06
25109.630132 1.251597e+00 1.108918e+00 1.727688e+00 3.510468e-04 -1.001864e-06 1.354246e-05 -9.928546e-06 -6.244336e-07
25113.940026 1.245030e+00 1.103160e+00 1.717524e+00 2.866039e-04 -4.638659e-06 8.985483e-06 -1.726607e-05 -9.012059e-06
25118.262113 1.236988e+00 1.096088e+00 1.705676e+00 2.866229e-04 -1.145312e-05 1.657417e-05 -1.698537e-05 -1.028804e-05
25122.596391 1.237826e+00 1.097105e+00 1.706938e+00 2.676390e-04 -7.666072e-06 1.677846e-05 -1.586071e-05 -1.305188e-05
25126.942861 1.241660e+00 1.100602e+00 1.711959e+00 3.228260e-04 -1.166467e-05 9.534674e-06 -8.968942e-06 -1.286325e-05
25131.301524 1.244261e+00 1.103269e+00 1.716357e+00 2.925188e-04 -1.996205e-05 7.469136e-06 -4.871158e-06 -9.076426e-06
25135.672378 1.244259e+00 1.103459e+00 1.716488e+00 3.223724e-04 -1.998538e-05 1.098696e-05 -7.971593e-06 8.666704e-07
25140.055424 1.243330e+00 1.102316e+00 1.715155e+00 3.808104e-04 -1.141516e-05 2.002027e-05 -1.608846e-05 4.566238e-06
25144.450662 1.241994e+00 1.101199e+00 1.716834e+00 3.301253e-04 -1.835288e-05 3.360353e-05 -3.472651e-05 -5.648347e-06
25148.858091 1.240153e+00 1.099225e+00 1.717047e+00 3.450543e-04 -2.502997e-05 1.713095e-05 -3.524397e-05 -7.562691e-06
25153.277713 1.238373e+00 1.097914e+00 1.715513e+00 2.980439e-04 -1.546176e-05 2.070081e-05 -2.700686e-05 -7.196102e-08
25157.709527 1.237411e+00 1.097047e+00 1.718073e+00 2.976140e-04 -2.267659e-05 2.223243e-05 -2.689779e-05 4.229282e-07
25162.153532 1.236002e+00 1.095692e+00 1.718766e+00 3.128207e-04 -1.894772e-05 2.692482e-05 -2.851002e-05 7.875930e-06
25166.609730 1.235458e+00 1.095401e+00 1.721364e+00 3.096424e-04 -1.746025e-05 1.437619e-05 -2.450193e-05 9.672204e-06
25171.078119 1.234659e+00 1.094593e+00 1.721741e+00 3.182157e-04 -2.072652e-05 1.570301e-05 -2.630348e-05 8.673075e-06
25175.558700 1.232796e+00 1.093215e+00 1.721335e+00 3.103889e-04 -2.176337e-05 1.907851e-05 -2.071932e-05 -2.485836e-06
25180.051473 1.229655e+00 1.090660e+00 1.720998e+00 2.849377e-04 -1.476918e-05 2.249348e-05 -2.588125e-05 -1.012648e-05
25184.556438 1.228985e+00 1.090178e+00 1.722073e+00 3.225246e-04 -1.741718e-05 2.843017e-05 -3.434023e-05 -1.065478e-05
25189.073595 1.227520e+00 1.088668e+00 1.721706e+00 3.020017e-04 -1.387447e-05 2.402739e-05 -2.414392e-05 -2.981327e-06
25193.602944 1.227055e+00 1.088255e+00 1.722890e+00 3.137858e-04 -2.967327e-06 2.285393e-05 -2.151502e-05 -1.114456e-05
25198.144485 1.225444e+00 1.086822e+00 1.722864e+00 2.741660e-04 2.250714e-07 3.156179e-05 -2.242772e-05 -6.800594e-06
25202.698218 1.223061e+00 1.085269e+00 1.721832e+00 3.142649e-04 -3.225468e-06 3.032487e-05 -2.101799e-05 -7.184336e-06
25207.264142 1.222641e+00 1.084746e+00 1.724513e+00 2.960581e-04 -9.948953e-06 2.687147e-05 -2.878172e-05 -1.232602e-05
25211.842259 1.222333e+00 1.084340e+00 1.725792e+00 2.996864e-04 -1.218024e-05 3.391222e-05 -2.467668e-05 -1.652130e-05
25216.432567 1.220652e+00 1.083145e+00 1.727583e+00 2.614722e-04 -9.969702e-06 2.262853e-05 -2.747668e-05 -9.578778e-06
25221.035068 1.219341e+00 1.081826e+00 1.727154e+00 2.790937e-04 -9.550356e-06 2.243814e-05 -1.471820e-05 -4.733899e-06
25225.649760 1.217891e+00 1.080947e+00 1.728183e+00 2.929563e-04 -1.123660e-05 1.907086e-05 -1.434324e-05 -7.396429e-07
25230.276644 1.216603e+00 1.079835e+00 1.728858e+00 3.050071e-04 -5.004387e-06 2.786076e-05 -1.712321e-05 1.108429e-05
25234.915720 1.214335e+00 1.078122e+00 1.727798e+00 2.993760e-04 -7.330638e-06 2.675132e-05 -1.177947e-05 5.894128e-06
25239.566988 1.211175e+00 1.075390e+00 1.724306e+00 2.718275e-04 -1.431470e-05 2.524177e-05 -1.144694e-05 2.614468e-07
25244.230448 1.209000e+00 1.073458e+00 1.722374e+00 2.866989e-04 -1.561170e-05 2.294478e-05 -1.352588e-05 1.784576e-06
25248.906100 1.208500e+00 1.073131e+00 1.722967e+00 2.499291e-04 -1.876955e-05 1.835443e-05 -1.945012e-05 -2.918039e-05
25253.593943 1.207869e+00 1.072318e+00 1.723635e+00 2.701693e-04 -1.839144e-05 2.720986e-05 -2.371727e-05 -3.725378e-05
25258.293979 1.207079e+00 1.071879e+00 1.723130e+00 2.952904e-04 -1.975302e-05 3.814018e-05 -2.710308e-05 -9.476888e-06
25263.006206 1.205229e+00 1.070729e+00 1.721014e+00 3.279947e-04 -2.223520e-05 3.555608e-05 -3.019957e-05 -1.194088e-05
25267.730626 1.203851e+00 1.069493e+00 1.720347e+00 3.273479e-04 -2.413131e-05 4.050691e-05 -2.652133e-05 -2.298647e-05
25272.467237 1.202755e+00 1.068260e+00 1.720588e+00 3.216109e-04 -1.320100e-05 3.024607e-05 -1.824142e-05 -5.521282e-05
25277.216040 1.201025e+00 1.066698e+00 1.719185e+00 3.281032e-04 -8.577544e-06 3.323264e-05 -9.462792e-06 -6.921093e-05
25281.977036 1.198697e+00 1.064475e+00 1.716930e+00 3.265847e-04 -6.716919e-06 3.763238e-05 -1.767728e-05 -7.324739e-05
25286.750223 1.197863e+00 1.063918e+00 1.717465e+00 3.504073e-04 -9.805722e-06 3.045766e-05 -1.974103e-05 -7.030685e-05
25291.535602 1.196421e+00 1.062871e+00 1.715981e+00 3.146777e-04 -1.827364e-05 3.264966e-05 -6.082966e-06 -6.408209e-05
25296.333172 1.195644e+00 1.062218e+00 1.717244e+00 3.143887e-04 -1.012971e-05 3.478923e-05 -1.066786e-05 -6.157977e-05
25301.142935 1.193454e+00 1.060258e+00 1.716731e+00 3.033713e-04 -3.176857e-06 3.227605e-05 -7.441398e-06 -7.234669e-05
25305.964890 1.191849e+00 1.059073e+00 1.716479e+00 2.986733e-04 -4.034902e-06 3.945701e-05 -6.951027e-06 -3.886154e-05
25310.799037 1.190480e+00 1.058043e+00 1.716758e+00 2.867523e-04 -1.250802e-05 3.577423e-05 -1.165391e-05 -4.923186e-06
25315.645375 1.189938e+00 1.057369e+00 1.717704e+00 3.084141e-04 -4.528925e-06 3.635551e-05 -1.064718e-05 -1.111205e-05
25320.503905 1.188948e+00 1.056580e+00 1.718628e+00 3.264941e-04 -6.348651e-07 3.428618e-05 -1.020234e-05 -1.244730e-05
25325.374628 1.170968e+00 1.040597e+00 1.695149e+00 3.345381e-04 -8.756304e-07 1.864615e-05 -1.966361e-05 -2.832464e-05
25330.257542 5.166634e-01 4.592015e-01 7.487545e-01 1.332637e-04 1.541417e-06 7.530897e-06 -5.285832e-06 -2.779127e-05
