# Facility: NSLS-II
# Beamline: QAS
# Year: 2023
# Cycle: 1
# SAF: 309826
# PI: Ma
# Proposal: 311269
# Scan ID: 164538
# UID: 6dad74b0-a41d-4387-91df-af29fe1617eb
# Comment: new crystal unfocused
# Start time: 02/28/2023  13:40:45
# Stop time: 02/28/2023  13:41:17
# Total time: 00:32
# Trajectory name: Rh-30s-23220.txt
# Element: Rhodium ( 45)
# Edge: K
# E0: 23220
# Reference Foil Element: Rh
# Keithley Gains I0: 1E7 V/A It: 1E7 V/A Iref: 1E8 V/A PIPS: 1E7 V/A 
# Ion Chamber Gas Flow Rates: I0: 0.00 sccm He + 9.70 sccm N2 + 89.80 sccm Ar 
# Ion Chamber Gas Flow Rates: It&Iref: 9.70 sccm N2 + 90.10 sccm Ar
# Incident Beam Path Vertical: -27.40 mm
# Incident Slits Positions B: TOP: 0.9999937499999998 mm Bottom: -1.0 mm Inboard: -2.0 mm Outboard: 2.0 mm
# Sample Stage Positions: Rotation: 30.0 deg Horizontal: 0.00 mm Vertical: -5.00 mm Beam Direction: 0.00 mm
# PerkinElmer Vertical Position: 500.00 mm
# Front End Mirror Horizontal Positions: Up: 14.00 mm Down: 14.00 mm
#
# energy  i0  it  ir  iff  aux1  aux2  aux3  aux4
23042.998506 1.005873e+00 8.619526e-01 4.322305e+00 1.890545e-04 -8.770305e-06 7.544263e-06 -6.501824e-07 -5.597153e-06
23047.998506 1.994386e+00 1.709345e+00 8.564376e+00 3.533048e-04 -2.248814e-05 1.294914e-05 -9.339266e-06 -1.221542e-05
23052.998506 2.013488e+00 1.725730e+00 8.644502e+00 3.546990e-04 -2.235566e-05 1.504853e-05 -1.361773e-05 -1.767383e-05
23057.998506 2.012028e+00 1.724876e+00 8.644565e+00 3.449369e-04 -2.421329e-05 1.547314e-05 -5.225704e-06 -1.278624e-05
23062.998506 2.009823e+00 1.722954e+00 8.644527e+00 3.383255e-04 -2.822401e-05 1.482831e-05 -3.152466e-06 -9.864597e-06
23067.998506 2.007638e+00 1.721182e+00 8.644666e+00 3.728285e-04 -3.355828e-05 1.922613e-05 -2.850314e-08 -8.308506e-06
23072.998506 2.004967e+00 1.719290e+00 8.644428e+00 3.502933e-04 -3.087237e-05 2.224184e-05 2.625723e-06 -9.263843e-06
23077.998506 2.003615e+00 1.718150e+00 8.644547e+00 3.310273e-04 -2.524697e-05 1.906502e-05 -3.723376e-07 -1.541445e-05
23082.998506 2.000946e+00 1.715826e+00 8.644576e+00 3.558897e-04 -3.094021e-05 1.469902e-05 5.141107e-06 -1.459456e-05
23087.998506 1.998172e+00 1.713817e+00 8.644374e+00 3.619319e-04 -2.817028e-05 1.379136e-05 2.856994e-06 -2.229084e-05
23092.998506 1.995177e+00 1.711563e+00 8.644673e+00 3.464770e-04 -2.820162e-05 1.222422e-05 4.842970e-06 -1.861865e-05
23097.998506 1.992926e+00 1.709725e+00 8.644396e+00 3.397514e-04 -2.706970e-05 3.058098e-05 2.075241e-05 -1.357483e-05
23102.998506 1.991549e+00 1.708696e+00 8.644680e+00 3.409277e-04 -1.533278e-05 3.594255e-05 1.089090e-05 -2.255025e-05
23107.998506 1.989207e+00 1.706579e+00 8.644447e+00 3.557673e-04 -2.488743e-05 2.116886e-05 1.040782e-05 -2.314667e-05
23112.998506 1.987330e+00 1.705108e+00 8.644741e+00 3.281230e-04 -2.772633e-05 1.010230e-05 4.443580e-06 -1.468969e-05
23117.998506 1.984175e+00 1.702760e+00 8.644377e+00 3.302914e-04 -2.320977e-05 -3.824157e-06 2.851520e-06 -2.179206e-05
23122.998506 1.982432e+00 1.701151e+00 8.644578e+00 3.164168e-04 -1.484237e-05 6.204787e-06 6.599143e-06 -1.918728e-05
23127.998506 1.980244e+00 1.699400e+00 8.644447e+00 3.209307e-04 -1.789918e-05 1.312964e-05 8.543019e-06 -4.252846e-06
23132.998506 1.978032e+00 1.698002e+00 8.644712e+00 3.734745e-04 -1.909339e-05 1.178584e-05 -3.786622e-06 -6.471348e-06
23137.998506 1.975927e+00 1.696338e+00 8.644419e+00 3.817257e-04 -1.173540e-05 2.044446e-05 -2.882306e-06 -4.211078e-06
23142.998506 1.973835e+00 1.694219e+00 8.644488e+00 3.620992e-04 -9.724415e-06 2.948690e-05 -9.085834e-06 -6.694653e-06
23147.998506 1.971535e+00 1.692726e+00 8.644629e+00 3.500535e-04 -1.180775e-05 3.383751e-05 -9.458525e-06 -9.739154e-06
23152.998506 1.969464e+00 1.690968e+00 8.644607e+00 3.229912e-04 -6.919857e-06 2.960045e-05 -1.750214e-05 -1.831655e-05
23157.998506 1.967388e+00 1.689749e+00 8.644412e+00 3.275498e-04 4.394072e-06 2.766899e-05 -1.708814e-05 -1.534186e-05
23162.998506 1.965247e+00 1.687852e+00 8.644562e+00 3.420316e-04 -3.681221e-06 3.529187e-05 -1.747196e-05 -1.160129e-05
23167.998506 1.962310e+00 1.685123e+00 8.644495e+00 3.770190e-04 -1.098145e-05 2.658385e-05 -1.808643e-05 -1.015324e-05
23172.998506 1.960213e+00 1.683646e+00 8.644566e+00 3.601937e-04 -1.921380e-05 1.997667e-05 1.096099e-09 -7.926566e-06
23177.998506 1.958997e+00 1.682808e+00 8.644519e+00 3.190090e-04 -1.404270e-05 7.286128e-06 -5.311548e-06 -1.183109e-05
23182.998506 1.956150e+00 1.680438e+00 8.644582e+00 3.536628e-04 -6.290579e-06 -3.580006e-06 -5.317798e-06 -7.433713e-06
23187.998506 1.952791e+00 1.677705e+00 8.644239e+00 3.358868e-04 -1.126170e-05 4.743414e-07 -1.335070e-05 -5.360404e-06
23190.000000 1.951992e+00 1.677473e+00 8.645180e+00 3.636601e-04 -2.832528e-06 3.523576e-06 -2.987969e-05 -1.534242e-05
23191.000000 1.952791e+00 1.677841e+00 8.644290e+00 3.352115e-04 -4.154518e-07 8.427044e-06 -2.106815e-05 -6.542852e-06
23192.000000 1.952129e+00 1.677082e+00 8.642121e+00 3.446576e-04 -2.290222e-06 1.760072e-05 -2.340260e-05 -1.851757e-05
23193.000000 1.949926e+00 1.675265e+00 8.643389e+00 3.446716e-04 -6.839104e-06 1.788665e-05 -2.196078e-05 -1.520153e-05
23194.000000 1.951205e+00 1.676631e+00 8.645916e+00 3.987176e-04 -6.922382e-06 1.650255e-05 -2.028827e-05 -1.969278e-05
23195.000000 1.950816e+00 1.676076e+00 8.643304e+00 3.812450e-04 -1.812914e-05 7.813909e-06 -8.817046e-06 -1.781471e-05
23196.000000 1.949990e+00 1.675229e+00 8.643736e+00 3.254916e-04 -1.033239e-05 5.322086e-06 -1.161827e-05 -1.683963e-05
23197.000000 1.953109e+00 1.677691e+00 8.656900e+00 4.009671e-04 -1.054712e-05 -2.512318e-07 -1.189058e-05 -2.039965e-05
23197.200000 1.961733e+00 1.685656e+00 8.707672e+00 4.328772e-04 -6.209739e-06 1.132382e-06 -6.455007e-06 -2.047068e-05
23197.400000 1.979272e+00 1.700699e+00 8.756480e+00 2.126571e-04 -1.042521e-05 1.293570e-06 -1.174863e-05 -2.865812e-05
23197.600000 1.784089e+00 1.532730e+00 7.887856e+00 2.531007e-04 -1.626208e-05 -1.843731e-07 1.415754e-05 -1.730100e-05
23197.800000 2.026255e+00 1.741316e+00 8.988468e+00 3.949284e-04 -1.617163e-05 7.312063e-06 9.082094e-06 -1.608970e-05
23198.000000 1.991057e+00 1.712396e+00 8.814897e+00 3.069891e-04 -1.201818e-05 -7.123067e-07 3.296212e-06 -2.021953e-05
23198.200000 1.993851e+00 1.713903e+00 8.854054e+00 5.011458e-04 -1.105008e-05 8.423099e-06 1.265576e-05 -7.184484e-06
23198.400000 1.857880e+00 1.596107e+00 8.240012e+00 1.868581e-04 -1.328068e-05 3.636476e-06 -9.537700e-06 -1.495062e-05
23198.600000 1.996251e+00 1.714947e+00 8.833907e+00 5.135198e-04 -1.825466e-05 -6.874816e-06 -6.953868e-06 -1.436880e-05
23198.800000 1.967480e+00 1.689948e+00 8.739961e+00 4.523727e-04 -2.126411e-05 -7.463280e-06 -1.361427e-05 -9.859174e-06
23199.000000 1.984653e+00 1.704636e+00 8.795558e+00 3.778245e-04 -8.602491e-06 6.100563e-06 1.017953e-06 -2.667948e-06
23199.200000 1.750740e+00 1.504869e+00 7.783918e+00 3.377080e-04 -2.027342e-05 1.482462e-06 -9.600609e-06 -4.414600e-06
23199.400000 2.118368e+00 1.820051e+00 9.415981e+00 5.492616e-04 -1.430487e-05 1.565519e-05 -2.140998e-05 -1.149966e-05
23199.600000 1.925321e+00 1.655804e+00 8.532099e+00 4.914987e-04 -1.956964e-05 7.744959e-07 -1.499656e-05 2.457798e-06
23199.800000 1.956030e+00 1.680863e+00 8.682837e+00 4.380716e-04 -1.906022e-05 4.579078e-07 -6.643356e-06 2.432661e-06
23200.000000 1.951692e+00 1.677944e+00 8.659351e+00 3.054212e-04 -1.666728e-05 6.645015e-06 -2.270220e-06 -2.477476e-06
23200.200000 1.946541e+00 1.673962e+00 8.646766e+00 4.952657e-04 -2.160314e-05 2.042709e-06 3.374510e-06 1.525362e-06
23200.400000 1.957540e+00 1.682900e+00 8.694628e+00 2.847272e-04 -7.698397e-06 1.318021e-05 -2.048324e-05 1.074986e-06
23200.600000 1.961541e+00 1.686128e+00 8.680158e+00 3.157240e-04 -5.424837e-06 3.687762e-06 -1.481078e-05 9.194383e-06
23200.800000 1.939440e+00 1.667685e+00 8.617073e+00 3.566906e-04 -7.257066e-06 -2.643377e-06 -1.344739e-05 4.546763e-06
23201.000000 1.972284e+00 1.696128e+00 8.747610e+00 4.012816e-04 -3.276707e-06 3.827441e-06 -2.506209e-05 -1.189620e-05
23201.200000 1.896885e+00 1.628583e+00 8.391003e+00 6.900948e-04 -1.042819e-05 1.636326e-06 -4.465825e-05 -2.518374e-05
23201.400000 1.988432e+00 1.709299e+00 8.834379e+00 4.488473e-04 -2.794114e-06 -1.519565e-06 -4.334314e-05 -1.510987e-05
23201.600000 1.894552e+00 1.628919e+00 8.416700e+00 2.631246e-04 -1.535860e-06 -9.228271e-06 -2.446511e-05 -1.241752e-05
23201.800000 1.977355e+00 1.699359e+00 8.773015e+00 3.108030e-04 -6.810508e-06 -5.636093e-06 -2.473291e-05 -1.081697e-05
23202.000000 1.949162e+00 1.674642e+00 8.654319e+00 3.177411e-04 -1.243008e-05 -7.517760e-07 -2.432329e-05 -1.416799e-05
23202.200000 1.942467e+00 1.668199e+00 8.611497e+00 3.129489e-04 -4.061681e-06 -1.130516e-06 -5.742267e-05 -2.604108e-05
23202.400000 1.946230e+00 1.672937e+00 8.667201e+00 4.410622e-04 1.641154e-06 7.631355e-06 -5.250980e-05 -1.549952e-05
23202.600000 1.989038e+00 1.709911e+00 8.826858e+00 3.265091e-04 2.136921e-06 3.138479e-06 -3.218526e-05 -3.582540e-06
23202.800000 1.864468e+00 1.602279e+00 8.285561e+00 2.497568e-04 -1.280820e-05 -2.935113e-07 -2.703854e-05 -1.053213e-05
23203.000000 2.019999e+00 1.736463e+00 8.981727e+00 3.586638e-04 1.880243e-06 4.247948e-06 -3.366614e-05 -9.937747e-06
23203.200000 1.961238e+00 1.686321e+00 8.698364e+00 3.628555e-04 -8.274474e-06 2.238562e-06 -2.300949e-05 -9.728927e-06
23203.400000 1.923244e+00 1.652656e+00 8.547990e+00 1.146294e-04 -6.775457e-06 8.857106e-06 -4.331080e-05 -6.117911e-06
23203.600000 2.049762e+00 1.761227e+00 9.090986e+00 2.073020e-04 -1.732336e-06 3.481383e-06 -3.882048e-05 -1.096082e-05
23203.800000 1.750426e+00 1.504990e+00 7.772414e+00 1.591938e-04 -4.464605e-06 -3.453203e-06 -3.316492e-05 -1.302291e-05
23204.000000 2.007980e+00 1.725523e+00 8.913152e+00 2.684044e-04 -4.592545e-06 -4.465181e-06 -3.501608e-05 -1.924619e-05
23204.200000 1.935972e+00 1.663397e+00 8.592645e+00 2.107479e-04 -5.625824e-06 -9.080329e-06 -1.074041e-06 -1.686485e-05
23204.400000 1.957034e+00 1.682712e+00 8.703512e+00 4.931750e-04 -9.494979e-06 -4.800252e-06 -1.439802e-05 -1.122956e-05
23204.600000 1.940676e+00 1.667638e+00 8.607184e+00 3.523466e-04 -1.195322e-05 -1.321076e-05 -1.448040e-05 6.341513e-06
23204.800000 1.860540e+00 1.598601e+00 8.266973e+00 8.694835e-05 -1.456105e-05 -1.041529e-05 -1.078850e-05 5.223381e-06
23205.000000 2.046326e+00 1.758210e+00 9.092178e+00 4.549073e-04 -8.355048e-06 2.293218e-06 -2.344463e-05 -1.419025e-05
23205.200000 2.001797e+00 1.720191e+00 8.870784e+00 1.904687e-04 -1.047692e-06 -1.034296e-05 -1.708129e-05 -1.318901e-05
23205.400000 1.856557e+00 1.595267e+00 8.247509e+00 1.309324e-04 -5.598173e-06 -2.170826e-05 -1.780784e-05 -5.233253e-07
23205.600000 1.973554e+00 1.695903e+00 8.763184e+00 4.733193e-04 1.457206e-06 -8.972458e-06 -1.409549e-05 2.052065e-06
23205.800000 1.957177e+00 1.682550e+00 8.696033e+00 3.594438e-04 7.746064e-06 -7.849714e-06 -7.773357e-06 -4.870778e-06
23206.000000 2.022776e+00 1.736599e+00 8.989715e+00 2.346646e-04 1.894014e-05 2.157520e-06 -6.967996e-06 -6.866636e-06
23206.200000 1.894841e+00 1.628179e+00 8.391605e+00 1.873707e-04 1.308037e-05 -8.747306e-06 1.646887e-05 7.737757e-06
23206.400000 1.957014e+00 1.682799e+00 8.705222e+00 2.480611e-04 3.907928e-07 -1.344812e-05 1.809966e-05 2.517151e-06
23206.600000 1.949381e+00 1.676304e+00 8.659561e+00 3.262608e-04 9.410611e-07 -1.088263e-05 -1.127932e-05 -1.657252e-05
23206.800000 2.024983e+00 1.739482e+00 8.995745e+00 4.614941e-04 -4.315690e-06 3.399144e-07 -1.239723e-05 -1.797943e-05
23207.000000 1.812455e+00 1.557194e+00 8.048606e+00 3.953822e-04 -1.047681e-05 5.021535e-06 1.621332e-05 -1.140706e-05
23207.200000 1.968937e+00 1.692239e+00 8.730600e+00 3.874153e-04 1.779210e-06 1.556530e-06 -2.011536e-05 -1.193363e-05
23207.400000 1.952334e+00 1.679173e+00 8.680589e+00 2.951074e-04 -1.129432e-05 2.190923e-06 -1.640363e-05 -2.156549e-05
23207.600000 1.973386e+00 1.695288e+00 8.760157e+00 4.962075e-04 -1.313813e-05 1.077603e-05 -9.111680e-06 -2.568390e-05
23207.800000 1.934346e+00 1.661039e+00 8.605808e+00 4.413332e-04 -7.369839e-06 1.284587e-05 -8.962970e-06 -2.938037e-05
23208.000000 1.911465e+00 1.642089e+00 8.487967e+00 3.448614e-04 -6.658149e-06 -2.492996e-06 -7.760272e-08 -2.694679e-05
23208.200000 2.011104e+00 1.728539e+00 8.942431e+00 5.653659e-04 -1.371651e-05 -6.851866e-06 3.701993e-06 -2.429416e-05
23208.400000 1.928258e+00 1.657584e+00 8.575048e+00 4.049271e-04 -1.310858e-05 -6.993392e-06 1.332966e-05 -1.840146e-05
23208.600000 1.961423e+00 1.686432e+00 8.705185e+00 3.433112e-04 -5.834080e-06 -6.066870e-06 8.697811e-06 -2.282661e-05
23208.800000 1.945505e+00 1.671288e+00 8.661925e+00 1.539484e-04 -1.054517e-05 -8.879895e-06 2.080960e-05 -9.312668e-06
23209.000000 1.941305e+00 1.668845e+00 8.622424e+00 2.901051e-04 -1.759024e-05 -7.113565e-06 -7.317120e-06 -1.979839e-05
23209.200000 1.947500e+00 1.674299e+00 8.660078e+00 4.976192e-04 -1.912387e-05 -3.445828e-07 -1.789602e-05 -3.293812e-05
23209.400000 1.952027e+00 1.676807e+00 8.658492e+00 3.280635e-04 -1.200102e-05 -1.043379e-05 -1.560916e-06 -2.958937e-05
23209.600000 1.953703e+00 1.678115e+00 8.687034e+00 3.117182e-04 -1.630510e-05 -1.008009e-05 1.717763e-06 -2.115938e-05
23209.800000 1.938152e+00 1.666714e+00 8.608275e+00 6.064511e-05 -1.756022e-05 -1.031522e-05 1.456770e-05 -1.070986e-05
23210.000000 1.967916e+00 1.692233e+00 8.751683e+00 3.746993e-04 -1.627683e-05 -3.021897e-06 -1.212033e-05 -3.139516e-05
23210.200000 1.908513e+00 1.639633e+00 8.503499e+00 1.849571e-04 -1.425957e-05 -6.768084e-06 4.390464e-05 -7.136824e-06
23210.400000 2.001593e+00 1.720853e+00 8.886921e+00 3.733064e-04 -1.207411e-05 -9.428021e-06 3.771326e-05 -1.442810e-05
23210.600000 1.876009e+00 1.612421e+00 8.357304e+00 3.383381e-04 -7.859959e-06 -6.905062e-06 -2.231395e-06 -2.610931e-05
23210.800000 1.986341e+00 1.706923e+00 8.832319e+00 3.227641e-04 -3.044587e-06 -6.647002e-06 3.003122e-05 -1.140619e-05
23211.000000 1.911148e+00 1.643144e+00 8.485353e+00 4.428076e-04 -1.403466e-05 -9.601545e-06 3.553946e-05 -1.179133e-05
23211.200000 1.963855e+00 1.687771e+00 8.755107e+00 5.478773e-04 -1.384579e-05 -1.649226e-05 1.889602e-05 -1.241507e-05
23211.400000 1.914351e+00 1.646839e+00 8.517304e+00 3.710831e-04 -8.387424e-06 -2.722495e-06 -2.164723e-05 -3.721359e-05
23211.600000 1.930764e+00 1.659518e+00 8.586154e+00 2.233234e-04 -7.244914e-06 -3.144811e-06 2.291617e-06 -2.658289e-05
23211.800000 1.959573e+00 1.683984e+00 8.719345e+00 3.336389e-04 -8.447280e-06 4.181737e-06 1.003309e-05 -2.774293e-05
23212.000000 1.934778e+00 1.662760e+00 8.613695e+00 3.689235e-04 -5.399538e-06 7.120240e-06 -1.476847e-05 -3.383625e-05
23212.200000 1.957588e+00 1.684392e+00 8.710919e+00 4.069448e-04 -6.231433e-06 9.652935e-06 -1.827848e-05 -3.201989e-05
23212.400000 1.943748e+00 1.671758e+00 8.658009e+00 5.076088e-04 -1.189187e-05 6.533287e-06 8.131301e-06 -1.936808e-05
23212.600000 1.947991e+00 1.673978e+00 8.656404e+00 3.855504e-04 -1.825214e-05 7.198622e-06 -4.607869e-07 -2.704909e-05
23212.800000 1.927955e+00 1.657635e+00 8.596024e+00 3.513641e-04 -1.077847e-05 -2.768046e-06 1.158022e-05 -1.221024e-05
23213.000000 1.982466e+00 1.703914e+00 8.815664e+00 3.447957e-04 -4.950112e-06 -2.189132e-06 8.411727e-06 -2.560452e-05
23213.200000 1.884887e+00 1.620459e+00 8.387607e+00 3.303514e-04 -5.144239e-06 7.035728e-06 1.614056e-05 -2.679215e-05
23213.400000 1.967340e+00 1.690708e+00 8.742115e+00 3.794421e-04 -1.033755e-05 -7.199006e-07 9.156615e-06 -2.159803e-05
23213.600000 1.944382e+00 1.671018e+00 8.654652e+00 4.682480e-04 -4.369286e-06 -7.045529e-06 1.323214e-06 -1.953892e-05
23213.800000 1.951489e+00 1.677645e+00 8.670060e+00 2.760915e-04 -1.790142e-06 -3.236705e-06 2.740254e-06 -1.343282e-05
23214.000000 1.925685e+00 1.655388e+00 8.565470e+00 3.625542e-04 4.710194e-06 -1.167227e-05 -6.378908e-06 -1.756838e-05
23214.200000 1.957775e+00 1.682802e+00 8.715475e+00 3.168658e-04 4.271896e-06 -1.470527e-05 -1.286877e-05 -2.098398e-05
23214.400000 1.941128e+00 1.668541e+00 8.624193e+00 3.538810e-04 -7.796296e-06 -2.049102e-05 -6.572716e-06 -1.207444e-05
23214.600000 1.947631e+00 1.674243e+00 8.662474e+00 4.768585e-04 -8.097551e-06 -1.399664e-05 -1.748598e-05 -5.553004e-06
23214.800000 2.013272e+00 1.730005e+00 8.932906e+00 2.788167e-04 -1.359225e-05 -7.583211e-06 -1.621392e-05 -7.380369e-06
23215.000000 1.872200e+00 1.608621e+00 8.297123e+00 2.240659e-04 -9.956084e-06 -1.376105e-06 8.640966e-06 -1.060873e-05
23215.200000 1.960863e+00 1.685271e+00 8.692149e+00 2.795994e-04 -7.100429e-07 -5.467897e-06 5.681003e-06 -1.931365e-05
23215.400000 1.953951e+00 1.678487e+00 8.656732e+00 5.074902e-04 -5.569993e-06 -3.489303e-06 -6.003402e-06 -2.026046e-05
23215.600000 1.899498e+00 1.633141e+00 8.413893e+00 5.137264e-04 -3.404514e-06 2.814218e-06 -1.267175e-05 -1.989967e-05
23215.800000 1.970219e+00 1.692999e+00 8.701250e+00 3.634531e-04 -3.707009e-06 7.347568e-06 -4.834168e-06 -1.397628e-05
23216.000000 1.952836e+00 1.677921e+00 8.601118e+00 2.617295e-04 -1.010085e-06 4.549006e-06 -1.531163e-05 -1.898800e-05
23216.200000 1.927063e+00 1.655010e+00 8.479867e+00 2.663133e-04 -7.101807e-06 1.737697e-06 -1.617851e-05 -2.076394e-05
23216.400000 1.849221e+00 1.587948e+00 8.099794e+00 3.390045e-04 1.277854e-06 2.895958e-06 -3.129367e-06 -1.366512e-05
23216.600000 2.002407e+00 1.720686e+00 8.740110e+00 4.119433e-04 1.825393e-06 -1.663925e-06 -3.011244e-05 -2.342324e-05
23216.800000 1.958076e+00 1.682306e+00 8.507451e+00 3.627279e-04 1.497127e-06 -5.866708e-07 -3.079186e-05 -3.481084e-05
23217.000000 1.987823e+00 1.707806e+00 8.611441e+00 3.267725e-04 1.212788e-06 -1.250688e-06 -1.741928e-05 -2.219982e-05
23217.200000 1.931861e+00 1.660031e+00 8.336321e+00 3.999349e-04 1.266760e-07 -9.190361e-06 -5.276790e-06 -1.536303e-05
23217.400000 1.957304e+00 1.681585e+00 8.392672e+00 3.999641e-04 -3.447099e-07 -7.743495e-06 -2.365875e-05 -3.978445e-06
23217.600000 1.956600e+00 1.681529e+00 8.345668e+00 5.103069e-04 -3.735959e-06 2.775189e-07 -2.791307e-05 -1.354868e-05
23217.800000 1.940249e+00 1.668490e+00 8.215893e+00 3.984007e-04 -1.240865e-05 -9.727746e-06 -1.216054e-05 -1.046681e-05
23218.000000 1.983240e+00 1.705915e+00 8.356632e+00 6.227320e-04 -1.037997e-05 -1.667446e-05 -2.774960e-05 -1.772052e-05
23218.200000 1.811128e+00 1.557664e+00 7.596804e+00 5.664440e-04 -6.348076e-07 -1.147742e-05 -1.561821e-05 -2.111070e-05
23218.400000 1.977541e+00 1.698981e+00 8.226045e+00 3.058289e-04 -7.846651e-06 -6.902826e-06 -9.035877e-07 -6.805887e-06
23218.600000 2.034663e+00 1.748936e+00 8.420335e+00 3.268189e-04 -1.091047e-05 -2.671486e-06 -1.599997e-06 -2.931149e-06
23218.800000 1.763103e+00 1.515731e+00 7.258008e+00 4.295981e-04 -4.504283e-06 3.416298e-06 -1.549144e-05 -1.691295e-06
23219.000000 1.945779e+00 1.671985e+00 7.936495e+00 3.698195e-04 -8.081679e-06 8.747946e-06 -1.124631e-05 6.403779e-06
23219.200000 1.959088e+00 1.684283e+00 7.914131e+00 2.982229e-04 -5.522323e-06 1.270630e-05 -1.486708e-05 -3.552317e-06
23219.400000 1.933989e+00 1.663331e+00 7.738887e+00 2.669290e-04 -1.014732e-05 6.178812e-06 -1.216902e-05 -1.488735e-05
23219.600000 1.954316e+00 1.679496e+00 7.758035e+00 4.051774e-04 -6.102401e-06 4.298763e-06 3.376460e-06 -3.890001e-07
23219.800000 1.923001e+00 1.653529e+00 7.556771e+00 5.173190e-04 -4.833087e-06 1.310839e-05 -1.003745e-06 -2.550621e-06
23220.000000 1.960144e+00 1.685092e+00 7.622653e+00 4.042878e-04 -9.208489e-06 9.927650e-06 -1.577599e-05 -2.346410e-05
23220.200000 1.934113e+00 1.663688e+00 7.461034e+00 2.851878e-04 -5.107738e-06 5.397224e-06 -2.115340e-05 -3.195219e-05
23220.400000 1.915817e+00 1.646834e+00 7.325642e+00 4.719093e-04 -1.486175e-05 -8.800910e-06 -1.658004e-05 -2.812947e-05
23220.600000 1.929965e+00 1.659137e+00 7.307971e+00 6.014667e-04 -2.240910e-05 -4.074601e-06 -2.522968e-05 -2.882737e-05
23220.800000 1.959053e+00 1.684386e+00 7.325227e+00 4.368621e-04 -2.175822e-05 -4.746459e-06 -1.993481e-05 -3.297640e-05
23221.000000 1.967636e+00 1.691914e+00 7.283898e+00 4.995003e-04 -1.516406e-05 -2.377581e-06 -9.409498e-06 -1.647237e-05
23221.200000 2.007644e+00 1.726349e+00 7.326680e+00 6.098944e-04 -1.407113e-05 -3.352970e-06 -7.679345e-06 -2.140976e-05
23221.400000 1.840282e+00 1.583012e+00 6.631018e+00 3.433675e-04 -2.675367e-05 -1.208449e-05 -8.167039e-06 -1.167706e-05
23221.600000 2.065772e+00 1.776623e+00 7.341268e+00 2.853295e-04 -2.605363e-05 -4.913233e-06 -1.298018e-05 -2.821182e-05
23221.800000 1.938118e+00 1.667977e+00 6.801185e+00 3.144730e-04 -2.647238e-05 3.952777e-06 -1.848163e-05 -2.350929e-05
23222.000000 1.941426e+00 1.670494e+00 6.710884e+00 4.378580e-04 -2.761254e-05 1.328932e-05 -8.211427e-06 -2.968948e-05
23222.200000 1.941063e+00 1.668637e+00 6.615273e+00 3.933715e-04 -2.938234e-05 1.118357e-05 7.715494e-06 -3.014810e-05
23222.400000 1.949474e+00 1.676481e+00 6.578692e+00 2.575181e-04 -2.888221e-05 3.957723e-06 -2.815985e-06 -2.660487e-05
23222.600000 1.892408e+00 1.628209e+00 6.305756e+00 2.925517e-04 -2.452417e-05 3.668373e-06 -7.825600e-06 -2.926783e-05
23222.800000 1.955588e+00 1.680559e+00 6.400406e+00 3.850904e-04 -2.012912e-05 1.431746e-05 -2.751894e-05 -2.354607e-05
23223.000000 1.924409e+00 1.654742e+00 6.220221e+00 3.586186e-04 -1.175857e-05 2.037693e-05 -9.199798e-06 -1.821019e-05
23223.200000 1.951029e+00 1.677428e+00 6.182358e+00 4.893183e-04 -1.256822e-05 8.774406e-06 1.177418e-05 -1.541273e-05
23223.400000 1.925144e+00 1.656135e+00 6.015430e+00 3.160305e-04 -1.600832e-05 4.624129e-06 1.132834e-05 -2.736327e-06
23223.600000 1.945506e+00 1.673193e+00 5.988610e+00 4.368719e-04 -9.906703e-06 6.194730e-06 -1.213715e-05 -1.696393e-05
23223.800000 1.926337e+00 1.657620e+00 5.835917e+00 5.578924e-04 -3.887381e-06 7.877478e-06 4.152931e-06 -5.821810e-06
23224.000000 1.938299e+00 1.667665e+00 5.803550e+00 5.014240e-04 -5.138583e-06 3.307369e-06 1.496181e-06 -4.898808e-06
23224.200000 1.933539e+00 1.663310e+00 5.711747e+00 2.871700e-04 -1.485218e-05 -1.732580e-06 -7.482784e-06 -1.253214e-05
23224.400000 1.945813e+00 1.673460e+00 5.652137e+00 3.626484e-04 -3.358518e-05 2.145512e-07 -3.104324e-05 -4.003716e-05
23224.600000 1.917920e+00 1.650650e+00 5.502400e+00 4.637389e-04 -1.799315e-05 5.256579e-06 -3.150694e-05 -3.913750e-05
23224.800000 1.959886e+00 1.685662e+00 5.539252e+00 2.110142e-04 -1.361457e-05 7.758218e-06 -1.585588e-05 -4.248664e-06
23225.000000 1.907263e+00 1.640365e+00 5.289860e+00 1.947097e-04 -1.444818e-05 1.789420e-05 -4.823908e-06 -2.213508e-06
23225.200000 1.982379e+00 1.704755e+00 5.401057e+00 4.460398e-04 -1.528938e-05 2.795434e-05 -2.319733e-05 -2.581992e-07
23225.400000 1.899651e+00 1.634591e+00 5.107483e+00 4.636614e-04 -9.705525e-06 2.067154e-05 -9.143619e-06 3.187731e-06
23225.600000 1.814966e+00 1.561292e+00 4.808166e+00 3.957502e-04 -1.614613e-05 5.897677e-06 -5.477794e-06 1.164098e-05
23225.800000 2.039202e+00 1.753832e+00 5.311464e+00 5.018058e-04 -3.142560e-05 6.128949e-06 -3.809155e-06 -2.527241e-07
23226.000000 2.001307e+00 1.721564e+00 5.123792e+00 4.546728e-04 -2.951452e-05 3.445198e-06 -1.364278e-05 -1.438570e-05
23226.200000 1.843655e+00 1.585933e+00 4.658736e+00 2.497093e-04 -1.281471e-05 1.135548e-05 -6.076844e-06 -5.746313e-06
23226.400000 1.993123e+00 1.713939e+00 4.955500e+00 5.473987e-04 -1.421803e-05 1.467918e-05 -2.857949e-06 -1.824076e-06
23226.600000 1.869357e+00 1.608960e+00 4.583937e+00 4.660975e-04 -4.472186e-06 2.108550e-05 1.052773e-05 -9.136092e-06
23226.800000 1.952878e+00 1.678507e+00 4.691883e+00 5.140613e-04 -6.220592e-06 1.500104e-05 -6.461099e-06 -4.916882e-06
23227.000000 1.941280e+00 1.669586e+00 4.603123e+00 4.447405e-04 -3.501286e-06 1.964418e-05 5.052191e-06 1.215747e-05
23227.200000 1.940855e+00 1.667715e+00 4.533234e+00 3.236609e-04 -8.216351e-06 1.801186e-05 -8.101296e-06 -2.640232e-06
23227.400000 1.904585e+00 1.638083e+00 4.398195e+00 2.792224e-04 -1.917897e-06 1.674672e-05 5.297499e-06 5.634750e-06
23227.600000 1.995110e+00 1.716639e+00 4.517358e+00 7.159706e-04 -1.148721e-05 1.345635e-05 1.045986e-05 -5.442710e-06
23227.800000 1.935919e+00 1.665286e+00 4.325852e+00 3.705991e-04 -1.495438e-05 1.300961e-05 -7.761034e-06 -5.309658e-06
23228.000000 1.940653e+00 1.669026e+00 4.279956e+00 4.866212e-04 -2.033031e-05 1.223009e-05 -1.044144e-05 -6.682734e-06
23228.200000 1.949041e+00 1.675111e+00 4.218899e+00 4.713428e-04 -1.266239e-05 1.252238e-05 -1.463574e-05 -4.454115e-06
23228.400000 1.932881e+00 1.661369e+00 4.123689e+00 6.078301e-04 -4.809255e-06 7.427155e-06 -1.783833e-05 -8.311230e-06
23228.600000 1.945649e+00 1.672878e+00 4.082504e+00 5.341176e-04 2.212795e-06 -1.968834e-06 -1.988642e-05 -1.144547e-06
23228.800000 1.929742e+00 1.661359e+00 3.998130e+00 4.482472e-04 -2.536696e-07 -1.958083e-06 -1.088628e-05 4.378320e-06
23229.000000 1.952990e+00 1.680142e+00 3.987048e+00 5.774216e-04 -5.682418e-06 1.129031e-06 -1.875585e-05 8.172942e-06
23229.200000 1.884474e+00 1.620536e+00 3.783241e+00 6.167891e-04 -1.652592e-05 -5.067615e-06 -6.190202e-06 5.469946e-06
23229.400000 1.972989e+00 1.697111e+00 3.892042e+00 5.596387e-04 -7.144243e-06 -3.479427e-06 -8.017764e-06 -1.093120e-05
23229.600000 1.911030e+00 1.643439e+00 3.715592e+00 2.511442e-04 7.507892e-06 -4.095682e-06 3.027044e-06 -6.808900e-06
23229.800000 1.938502e+00 1.666909e+00 3.717226e+00 4.046320e-04 3.959036e-06 -1.052205e-05 -1.113584e-05 5.690171e-06
23230.000000 1.930452e+00 1.659957e+00 3.634165e+00 4.365406e-04 8.344903e-06 -7.400231e-06 -2.465051e-05 -1.531446e-06
23230.200000 1.934183e+00 1.663714e+00 3.589037e+00 5.169291e-04 6.479527e-06 9.799252e-07 -4.204472e-06 -3.967420e-06
23230.400000 1.942589e+00 1.671093e+00 3.529967e+00 5.067621e-04 -1.571348e-05 2.997775e-06 -3.191021e-06 -7.154426e-06
23230.600000 1.945531e+00 1.673990e+00 3.470989e+00 4.791698e-04 -9.470217e-06 1.162746e-06 -4.645204e-07 3.672827e-06
23230.800000 1.908544e+00 1.641187e+00 3.359883e+00 4.176054e-04 -1.407661e-05 -4.183809e-06 1.574275e-05 8.236681e-06
23231.000000 1.960458e+00 1.686899e+00 3.386513e+00 3.693052e-04 -1.170135e-05 8.016080e-06 1.217324e-05 -4.809593e-06
23231.200000 1.901486e+00 1.636764e+00 3.229890e+00 3.432277e-04 -1.082218e-05 -1.311236e-06 7.339415e-06 -1.504789e-05
23231.400000 1.995566e+00 1.718141e+00 3.336540e+00 4.691082e-04 -3.206041e-06 -1.035372e-06 5.850758e-06 -1.305452e-05
23231.600000 1.871929e+00 1.609368e+00 3.068973e+00 5.142868e-04 -1.268882e-05 -3.447536e-06 1.070729e-05 -1.522108e-05
23231.800000 1.968898e+00 1.693922e+00 3.150521e+00 4.502523e-04 -9.245644e-06 -4.421558e-06 -2.038429e-06 -1.583000e-05
23232.000000 1.945969e+00 1.674562e+00 3.070189e+00 4.395877e-04 -1.183530e-05 -2.074923e-06 -6.809124e-06 -2.614413e-05
23232.200000 1.923211e+00 1.654564e+00 2.990730e+00 3.860096e-04 -5.832200e-06 -6.223002e-06 -1.466828e-05 -2.820223e-05
23232.400000 1.939015e+00 1.667666e+00 2.960385e+00 4.412120e-04 -2.795066e-06 -6.202720e-06 -4.853971e-06 -1.432425e-05
23232.600000 1.937930e+00 1.666827e+00 2.899975e+00 4.094746e-04 -7.440215e-06 -2.187483e-05 7.081898e-06 -1.362440e-05
23232.800000 1.937984e+00 1.666952e+00 2.837953e+00 2.550125e-04 -1.013044e-05 -2.285110e-05 -3.687654e-06 -2.320050e-05
23233.000000 1.915987e+00 1.646548e+00 2.756094e+00 4.448176e-04 -2.262979e-05 -2.250770e-05 -1.365623e-05 -2.112469e-05
23233.200000 1.955808e+00 1.681864e+00 2.767741e+00 4.360334e-04 -2.008007e-05 -1.850597e-05 -6.292559e-06 -1.970485e-05
23233.400000 1.950199e+00 1.678283e+00 2.691955e+00 3.787434e-04 -2.101850e-05 -1.797828e-05 4.722377e-06 -1.363857e-05
23233.600000 1.898106e+00 1.634020e+00 2.584320e+00 3.698286e-04 -2.030856e-05 -1.686951e-05 -9.837249e-06 -1.882419e-05
23233.800000 1.948951e+00 1.676828e+00 2.600946e+00 3.841213e-04 -1.861328e-05 -1.024682e-05 -1.004300e-06 -1.381374e-05
23234.000000 1.936453e+00 1.665822e+00 2.534090e+00 4.728737e-04 -1.502671e-05 -1.264398e-05 1.468193e-05 -6.966493e-06
23234.200000 1.992738e+00 1.714934e+00 2.551404e+00 5.564962e-04 -7.593687e-06 -1.462792e-05 7.951414e-06 -8.412635e-06
23234.400000 1.906145e+00 1.639589e+00 2.396875e+00 4.337893e-04 -1.457658e-06 -9.972002e-06 -9.890490e-06 -2.693280e-05
23234.600000 1.945036e+00 1.673037e+00 2.391999e+00 4.269218e-04 -2.547470e-06 -1.130595e-05 -9.816470e-06 -2.925476e-05
23234.800000 1.912705e+00 1.644939e+00 2.314237e+00 2.954260e-04 -9.648694e-06 -1.144109e-05 -2.259089e-05 -3.054083e-05
23235.000000 1.962588e+00 1.689531e+00 2.326243e+00 2.996636e-04 -1.486566e-05 -2.130193e-05 -1.150390e-06 -2.090857e-05
23235.200000 1.940733e+00 1.669630e+00 2.254483e+00 4.898300e-04 -1.716543e-05 -2.471957e-05 -4.122383e-05 -3.328682e-05
23235.400000 1.950930e+00 1.678009e+00 2.228212e+00 4.721600e-04 -1.784073e-05 -2.816451e-05 -3.053475e-05 -8.789564e-06
23235.600000 1.902114e+00 1.636010e+00 2.131530e+00 4.718122e-04 -2.268974e-05 -1.492479e-05 -5.679216e-05 -3.137825e-05
23235.800000 1.942844e+00 1.672379e+00 2.138294e+00 3.776130e-04 -1.173149e-05 -2.346451e-05 -2.102429e-05 -3.518944e-05
23236.000000 1.942487e+00 1.671191e+00 2.095751e+00 5.134127e-04 -2.636325e-06 -1.665809e-05 2.601296e-05 -4.452319e-06
23236.200000 1.938920e+00 1.667970e+00 2.068622e+00 3.783541e-04 -7.179998e-06 -8.343598e-06 -2.029257e-05 -3.500844e-05
23236.400000 1.929901e+00 1.658822e+00 2.020221e+00 4.562990e-04 2.805812e-06 -4.433256e-06 -1.539384e-05 -2.227449e-05
23236.600000 1.940354e+00 1.669046e+00 2.002885e+00 4.349220e-04 -4.097718e-06 -1.690752e-06 -5.159885e-06 -2.269328e-05
23236.800000 1.932358e+00 1.662514e+00 1.976706e+00 4.385787e-04 -3.851890e-06 -1.943023e-06 -1.052405e-05 -2.576285e-05
23237.000000 1.942211e+00 1.670648e+00 1.947297e+00 3.882953e-04 -1.314281e-05 -7.640328e-06 -1.074702e-05 -1.916746e-05
23237.200000 1.915559e+00 1.648260e+00 1.893788e+00 3.020868e-04 -1.263690e-05 -2.717307e-06 -3.658878e-05 -2.303171e-05
23237.400000 1.920491e+00 1.653159e+00 1.869992e+00 4.272631e-04 -1.393829e-05 4.582923e-06 -1.634467e-05 -2.444500e-05
23237.600000 1.940558e+00 1.669828e+00 1.863338e+00 4.385003e-04 -1.638948e-05 1.570981e-06 -1.362227e-05 -1.841980e-05
23237.800000 1.932133e+00 1.662342e+00 1.834465e+00 4.939807e-04 -1.132511e-05 1.438602e-05 -7.688759e-06 -1.760881e-05
23238.000000 1.931772e+00 1.662024e+00 1.810699e+00 5.123150e-04 -1.739655e-05 1.968389e-05 4.619260e-06 -2.674068e-05
23238.200000 1.932309e+00 1.662617e+00 1.789697e+00 4.773487e-04 -1.515065e-05 1.807643e-05 8.473540e-06 -3.057425e-05
23238.400000 1.930895e+00 1.661426e+00 1.766978e+00 5.371827e-04 -1.695936e-05 1.284803e-05 1.174281e-05 -3.799648e-05
23238.600000 1.931343e+00 1.660525e+00 1.738254e+00 4.419544e-04 -2.233694e-05 1.139557e-05 4.264430e-05 -2.101834e-05
23238.800000 1.935134e+00 1.664478e+00 1.722900e+00 4.509745e-04 -2.593781e-05 6.115645e-06 4.018843e-05 -8.426015e-06
23239.000000 1.931804e+00 1.662174e+00 1.701748e+00 4.298825e-04 -2.453073e-05 -2.038777e-06 1.016835e-05 -2.477797e-05
23239.200000 1.932669e+00 1.662627e+00 1.686827e+00 4.647340e-04 -1.907854e-05 1.148521e-05 2.475403e-05 -1.794952e-05
23239.400000 1.933452e+00 1.663558e+00 1.675644e+00 4.518557e-04 -1.515090e-05 -5.246108e-07 2.537084e-05 -1.625334e-05
23239.600000 1.936252e+00 1.665614e+00 1.661665e+00 4.155803e-04 -2.088622e-05 -8.577290e-06 4.646491e-05 -2.509741e-06
23239.800000 1.930873e+00 1.661465e+00 1.642471e+00 3.750311e-04 -2.189794e-05 3.937425e-07 4.646304e-05 -9.849285e-06
23240.000000 1.959028e+00 1.684605e+00 1.661404e+00 5.411475e-04 -2.431782e-05 9.205450e-06 3.156319e-05 -2.626107e-05
23240.200000 1.881163e+00 1.618701e+00 1.579363e+00 2.731497e-04 -1.930494e-05 1.330078e-05 1.485736e-05 -4.375608e-05
23240.400000 1.988275e+00 1.711543e+00 1.659561e+00 5.192045e-04 -2.936658e-05 1.302956e-05 2.152017e-05 -3.703785e-05
23240.600000 1.935356e+00 1.665229e+00 1.598240e+00 5.048147e-04 -3.268044e-05 4.891299e-06 3.047578e-05 -3.272626e-05
23240.800000 1.930101e+00 1.660251e+00 1.585497e+00 3.880167e-04 -2.519925e-05 1.214728e-05 1.921635e-05 -2.777030e-05
23241.000000 1.931229e+00 1.661325e+00 1.577778e+00 4.332991e-04 -1.679817e-05 -4.460833e-06 1.578778e-05 -2.108146e-05
23241.200000 1.938035e+00 1.667003e+00 1.577063e+00 4.994304e-04 -1.728734e-05 -1.316071e-05 2.124645e-05 -1.944208e-05
23241.400000 1.915402e+00 1.648414e+00 1.547053e+00 3.856084e-04 -2.810387e-05 -9.591742e-06 -2.226519e-07 -3.696720e-05
23241.600000 1.989719e+00 1.712503e+00 1.602203e+00 4.601860e-04 -7.600161e-06 2.891165e-06 -1.079529e-05 -3.555333e-05
23241.800000 1.960051e+00 1.688583e+00 1.575468e+00 6.007020e-04 -1.951940e-05 9.143449e-06 2.692284e-05 -2.092734e-05
23242.000000 1.887438e+00 1.623373e+00 1.503513e+00 5.422247e-04 -1.782769e-05 -7.602233e-06 1.963656e-05 -3.165340e-05
23242.200000 1.952131e+00 1.678974e+00 1.556093e+00 4.747694e-04 -1.093074e-05 5.787054e-06 4.225790e-05 -1.371767e-05
23242.400000 1.917647e+00 1.649329e+00 1.524204e+00 4.966089e-04 -2.305511e-05 1.945459e-05 -3.078455e-06 -3.826987e-05
23242.600000 1.934477e+00 1.664120e+00 1.536254e+00 5.674294e-04 -1.766143e-05 1.088441e-05 7.145906e-06 -2.128716e-05
23242.800000 1.925051e+00 1.656972e+00 1.528358e+00 5.248739e-04 -2.400157e-05 2.800022e-06 1.023279e-05 -1.963819e-05
23243.000000 1.937538e+00 1.667361e+00 1.535026e+00 4.960174e-04 -1.988698e-05 -1.348396e-05 1.879948e-05 -1.304389e-05
23243.200000 1.937188e+00 1.666916e+00 1.535350e+00 4.565882e-04 -1.190162e-05 -1.869733e-05 3.917000e-05 -6.074877e-06
23243.400000 1.898329e+00 1.633214e+00 1.507148e+00 4.484137e-04 -1.384494e-05 -7.637555e-06 2.351158e-05 -2.182879e-05
23243.600000 1.940492e+00 1.670798e+00 1.541730e+00 6.075605e-04 -2.444065e-05 -1.304048e-05 2.038718e-05 -1.109326e-05
23243.800000 1.933589e+00 1.664430e+00 1.536800e+00 5.909939e-04 -2.372449e-05 -1.765312e-05 1.133337e-05 -1.010581e-05
23244.000000 1.930858e+00 1.661697e+00 1.535258e+00 5.919751e-04 -1.408403e-05 -1.534285e-05 1.911865e-05 -1.422462e-05
23244.200000 1.935593e+00 1.664730e+00 1.542893e+00 5.089342e-04 -6.975474e-06 -1.823873e-05 2.223355e-05 -4.487354e-06
23244.400000 1.927621e+00 1.658053e+00 1.542023e+00 5.646334e-04 -1.456336e-05 -1.026894e-05 2.314386e-05 -1.552128e-05
23244.600000 1.943298e+00 1.672028e+00 1.557889e+00 5.662706e-04 -1.598413e-05 5.411504e-06 5.172178e-06 -2.265498e-05
23244.800000 1.891065e+00 1.626449e+00 1.522718e+00 1.428550e-04 -6.540600e-06 6.948946e-06 7.404771e-06 -8.541883e-06
23245.000000 1.948702e+00 1.677197e+00 1.571892e+00 2.888515e-04 -1.054427e-05 3.187884e-06 1.559539e-05 -2.027369e-06
23245.200000 1.981387e+00 1.706395e+00 1.608729e+00 5.689718e-04 -1.520824e-06 9.651791e-06 4.368801e-05 2.422825e-05
23245.400000 1.886199e+00 1.624107e+00 1.535736e+00 2.835958e-04 -1.341397e-06 1.414113e-06 3.231668e-05 1.587331e-05
23245.600000 1.938492e+00 1.668234e+00 1.583751e+00 5.574733e-04 -1.364347e-05 1.414390e-05 2.151596e-05 3.199550e-06
23245.800000 1.914599e+00 1.647494e+00 1.568363e+00 6.312551e-04 -1.785248e-05 2.579719e-05 1.790051e-05 -8.227430e-06
23246.000000 1.936517e+00 1.666277e+00 1.594656e+00 3.688161e-04 -2.631402e-05 2.745241e-05 9.930614e-06 1.020432e-07
23246.200000 1.908260e+00 1.642181e+00 1.577776e+00 3.690825e-04 -2.273598e-05 1.698199e-05 -1.716694e-06 6.342066e-06
23246.400000 1.946228e+00 1.674659e+00 1.610959e+00 5.000375e-04 -2.104520e-05 3.389589e-05 6.383930e-06 -6.945307e-06
23246.600000 1.938662e+00 1.668100e+00 1.611828e+00 5.470188e-04 -2.809441e-05 3.346715e-05 2.454928e-05 -7.595885e-06
23246.800000 1.913121e+00 1.646026e+00 1.593249e+00 4.403455e-04 -2.665906e-05 2.249601e-05 1.296376e-05 -4.311046e-06
23247.000000 1.973455e+00 1.697626e+00 1.655607e+00 4.663046e-04 -2.452640e-05 2.806999e-05 7.511946e-06 -5.337746e-07
23247.200000 1.859602e+00 1.600433e+00 1.566366e+00 2.829305e-04 -2.142250e-05 2.620526e-05 -4.950750e-06 -1.601036e-06
23247.400000 1.945812e+00 1.675533e+00 1.644897e+00 4.510003e-04 -2.417041e-05 2.243683e-05 -4.405519e-06 -7.601948e-06
23247.600000 1.950502e+00 1.677667e+00 1.655644e+00 4.034328e-04 -2.631858e-05 2.327823e-05 1.249308e-05 -6.285876e-06
23247.800000 1.933842e+00 1.662566e+00 1.646236e+00 4.427698e-04 -3.118069e-05 2.407697e-05 -1.016801e-05 -3.943702e-06
23248.000000 1.944952e+00 1.672763e+00 1.657759e+00 5.776179e-04 -2.765206e-05 3.194098e-05 -1.138989e-05 -1.181910e-07
23248.200000 1.925099e+00 1.657663e+00 1.645112e+00 4.193086e-04 -2.663030e-05 2.896777e-05 -2.537047e-06 -1.977847e-06
23248.400000 1.942378e+00 1.671223e+00 1.662327e+00 5.188483e-04 -2.498142e-05 1.463683e-05 7.154808e-06 -7.191793e-07
23248.600000 1.864665e+00 1.604312e+00 1.604236e+00 5.148398e-04 -3.493258e-05 1.194664e-05 -8.114138e-07 2.899760e-06
23248.800000 1.966096e+00 1.692092e+00 1.696885e+00 5.449037e-04 -3.624184e-05 2.433317e-05 1.502082e-05 1.226520e-05
23249.000000 1.941526e+00 1.670818e+00 1.673989e+00 4.876654e-04 -3.290038e-05 2.281816e-05 2.469085e-05 -5.966382e-06
23249.200000 1.911799e+00 1.644812e+00 1.649574e+00 5.616958e-04 -3.204327e-05 1.439098e-05 3.326063e-05 -4.696544e-06
23249.400000 1.927657e+00 1.659279e+00 1.668934e+00 4.984327e-04 -3.526907e-05 7.890924e-06 1.201523e-05 1.481873e-07
23249.600000 1.926717e+00 1.658168e+00 1.671712e+00 4.845061e-04 -3.280090e-05 1.654211e-05 1.141723e-05 -1.816242e-06
23249.800000 1.927947e+00 1.658851e+00 1.673731e+00 3.433613e-04 -2.953404e-05 1.504371e-05 8.046454e-06 -9.222208e-06
23250.000000 1.926820e+00 1.657924e+00 1.674688e+00 3.579407e-04 -3.002497e-05 1.627644e-05 5.294040e-06 -5.227148e-06
23250.200000 1.926651e+00 1.658206e+00 1.676850e+00 6.413483e-04 -3.053316e-05 1.142514e-05 2.820928e-05 1.869051e-05
23250.400000 1.921410e+00 1.653628e+00 1.671901e+00 5.155449e-04 -3.475628e-05 1.558095e-05 3.809239e-05 4.283169e-06
23250.600000 1.935993e+00 1.665799e+00 1.686877e+00 5.101603e-04 -3.670402e-05 1.532071e-05 2.129076e-05 -8.997016e-06
23250.800000 1.901735e+00 1.637501e+00 1.655769e+00 4.783495e-04 -3.556523e-05 3.107278e-05 2.431958e-05 -1.659950e-06
23251.000000 1.943535e+00 1.672399e+00 1.693995e+00 4.827489e-04 -2.909397e-05 3.159568e-05 5.723201e-05 7.967284e-06
23251.200000 2.119840e+00 1.823725e+00 1.849063e+00 3.375731e-04 -3.481494e-05 2.933062e-05 5.774998e-05 2.149623e-06
23251.400000 1.687534e+00 1.452228e+00 1.467279e+00 2.503989e-04 -1.815864e-05 3.152467e-05 2.248946e-05 6.282170e-06
23251.600000 1.970976e+00 1.694696e+00 1.712061e+00 4.706060e-04 -2.444666e-05 3.541759e-05 1.481067e-05 1.151958e-05
23251.800000 1.946587e+00 1.673923e+00 1.695249e+00 4.186706e-04 -2.610028e-05 3.038004e-05 2.486412e-05 1.892754e-05
23252.000000 1.933221e+00 1.662433e+00 1.682943e+00 6.915751e-04 -2.290878e-05 2.776412e-05 1.510021e-05 7.035811e-06
23252.200000 1.913187e+00 1.645878e+00 1.665312e+00 3.866186e-04 -2.642503e-05 3.447022e-05 2.760872e-06 -6.226079e-06
23252.400000 1.935886e+00 1.665606e+00 1.679663e+00 4.469512e-04 -3.261040e-05 2.435411e-05 1.633826e-05 -3.685794e-06
23252.600000 1.914537e+00 1.647258e+00 1.663088e+00 5.233834e-04 -3.356472e-05 2.323115e-05 4.749458e-06 -2.797959e-06
23252.800000 1.923844e+00 1.656140e+00 1.664734e+00 5.284362e-04 -3.223912e-05 1.691344e-05 1.879955e-05 1.217323e-05
23253.000000 1.924993e+00 1.656301e+00 1.662310e+00 5.538614e-04 -3.294267e-05 1.700810e-05 2.841253e-05 1.533567e-05
23253.700000 1.927094e+00 1.658241e+00 1.652707e+00 4.431042e-04 -2.684002e-05 2.263253e-05 2.000041e-05 8.257725e-06
23254.400000 1.926926e+00 1.657537e+00 1.636978e+00 4.094652e-04 -2.430319e-05 1.683635e-05 1.057607e-05 9.557566e-06
23255.100000 1.919968e+00 1.651832e+00 1.613707e+00 4.631081e-04 -2.211862e-05 1.412971e-05 1.412117e-05 8.972224e-06
23255.800000 1.929510e+00 1.660173e+00 1.600483e+00 5.060082e-04 -2.495620e-05 1.652505e-05 3.088558e-05 1.848552e-06
23256.500000 1.920897e+00 1.653157e+00 1.568323e+00 5.172532e-04 -3.261791e-05 1.488740e-05 5.973832e-06 -4.243136e-06
23257.200000 1.925753e+00 1.657132e+00 1.546677e+00 4.379040e-04 -2.935449e-05 1.502753e-05 8.634817e-06 2.251300e-06
23257.900000 1.923917e+00 1.655706e+00 1.517921e+00 4.497700e-04 -3.076791e-05 1.824763e-05 1.593358e-05 8.861670e-06
23258.600000 1.923270e+00 1.655332e+00 1.489552e+00 5.110897e-04 -3.591495e-05 1.205132e-05 -3.895643e-06 1.010195e-05
23259.300000 1.917857e+00 1.650637e+00 1.452756e+00 3.914833e-04 -3.264318e-05 1.191769e-05 1.664211e-05 1.838584e-05
23260.993695 1.920406e+00 1.652809e+00 1.373777e+00 4.753080e-04 -2.813512e-05 7.871617e-06 1.850390e-05 8.135234e-06
23261.999583 1.923069e+00 1.655052e+00 1.327916e+00 4.569865e-04 -3.475977e-05 7.054385e-06 1.725998e-05 6.553978e-06
23263.017662 1.917742e+00 1.650876e+00 1.278677e+00 4.861558e-04 -3.257449e-05 1.969076e-05 2.053160e-05 1.275060e-05
23264.047933 1.915283e+00 1.648370e+00 1.230363e+00 4.926998e-04 -3.715929e-05 2.117424e-05 9.149531e-06 2.019194e-06
23265.090396 1.912412e+00 1.646250e+00 1.194763e+00 4.170464e-04 -3.264831e-05 2.177845e-05 -5.867445e-06 -7.017522e-06
23266.145051 1.912864e+00 1.647250e+00 1.172840e+00 3.891987e-04 -2.797434e-05 1.838940e-05 -1.322819e-05 3.094737e-06
23267.211898 1.911036e+00 1.644476e+00 1.164964e+00 4.215881e-04 -3.067612e-05 1.758076e-05 5.061754e-07 1.609437e-05
23268.290937 1.909186e+00 1.643268e+00 1.176410e+00 4.724434e-04 -3.403351e-05 1.482779e-05 -5.024664e-07 1.820328e-05
23269.382167 1.908444e+00 1.642779e+00 1.207117e+00 4.578512e-04 -3.450737e-05 1.303235e-05 5.432159e-06 2.725256e-05
23270.485590 1.911001e+00 1.645619e+00 1.257391e+00 4.192448e-04 -3.364186e-05 8.412380e-06 -2.680194e-06 1.830496e-05
23271.601204 1.910294e+00 1.644883e+00 1.317456e+00 4.678913e-04 -1.906284e-05 8.607934e-06 -2.007715e-06 7.403008e-06
23272.729011 1.911070e+00 1.645260e+00 1.387298e+00 4.486018e-04 -2.370654e-05 9.083678e-06 6.727734e-06 1.821784e-05
23273.869009 1.912518e+00 1.646334e+00 1.457014e+00 4.764030e-04 -2.421072e-05 1.044599e-05 9.639981e-06 1.805619e-05
23275.021199 1.908929e+00 1.643421e+00 1.517634e+00 4.388685e-04 -3.244625e-05 5.623244e-06 9.159252e-06 -1.579256e-06
23276.185582 1.911689e+00 1.645791e+00 1.573424e+00 4.643307e-04 -2.476109e-05 8.049012e-08 1.865810e-05 -5.756200e-06
23277.362156 1.913026e+00 1.647363e+00 1.614344e+00 4.911360e-04 -1.829567e-05 -1.285537e-06 3.512063e-06 2.226415e-07
23278.550922 1.914654e+00 1.648769e+00 1.640268e+00 4.528311e-04 -1.229859e-05 5.415175e-06 -2.814173e-06 7.430497e-06
23279.751879 1.909704e+00 1.644096e+00 1.646375e+00 4.093465e-04 -2.160719e-05 1.709040e-05 -3.646537e-06 9.527715e-07
23280.965029 1.914938e+00 1.648554e+00 1.646592e+00 4.465780e-04 -2.733102e-05 1.037570e-05 6.574277e-06 6.309627e-06
23282.190371 1.912407e+00 1.646124e+00 1.632235e+00 4.207211e-04 -2.754258e-05 2.221614e-05 1.462077e-05 9.371454e-06
23283.427904 1.911321e+00 1.645484e+00 1.616361e+00 4.232815e-04 -3.669049e-05 3.281348e-05 1.990894e-05 -1.339575e-06
23284.677630 1.911082e+00 1.645652e+00 1.595336e+00 4.863950e-04 -3.810672e-05 2.508316e-05 1.568214e-05 -1.168352e-05
23285.939547 1.909207e+00 1.643935e+00 1.573680e+00 5.448646e-04 -3.197213e-05 1.713943e-05 1.342473e-05 -6.471057e-06
23287.213657 1.911448e+00 1.645652e+00 1.555021e+00 4.452545e-04 -2.935284e-05 2.665840e-05 1.018573e-05 -1.416387e-06
23288.499958 1.909684e+00 1.644628e+00 1.540692e+00 4.340102e-04 -2.939790e-05 2.499773e-05 1.320022e-05 -4.154127e-06
23289.798451 1.909308e+00 1.644010e+00 1.533101e+00 4.795613e-04 -2.840998e-05 2.279393e-05 1.319796e-05 1.537205e-06
23291.109136 1.907630e+00 1.642954e+00 1.524958e+00 4.494148e-04 -2.073608e-05 1.267286e-05 1.990042e-05 6.937905e-06
23292.432013 1.908727e+00 1.643556e+00 1.522490e+00 5.298641e-04 -2.263698e-05 1.398424e-05 2.620174e-05 4.096531e-07
23293.767082 1.907394e+00 1.642355e+00 1.520021e+00 4.811015e-04 -2.775512e-05 1.971156e-05 2.070204e-05 -3.612876e-06
23295.114342 1.907479e+00 1.642335e+00 1.514610e+00 4.588560e-04 -2.764206e-05 2.560271e-05 1.477729e-05 2.127600e-06
23296.473795 1.907118e+00 1.642835e+00 1.504404e+00 5.177937e-04 -3.269294e-05 2.938505e-05 3.538478e-06 -9.890558e-06
23297.845440 1.906213e+00 1.641693e+00 1.482310e+00 4.183690e-04 -3.352905e-05 2.153389e-05 1.556399e-05 -3.718829e-06
23299.229276 1.905155e+00 1.640881e+00 1.454182e+00 4.345534e-04 -3.562035e-05 2.090366e-05 1.478253e-05 -1.723826e-07
23300.625305 1.904232e+00 1.640065e+00 1.419162e+00 4.474175e-04 -3.032992e-05 2.069975e-05 -2.434836e-06 -1.755230e-05
23302.033525 1.902709e+00 1.638760e+00 1.382346e+00 4.798998e-04 -1.534504e-05 1.489297e-05 -6.175588e-07 -2.063401e-05
23303.453937 1.902044e+00 1.638197e+00 1.343713e+00 3.773973e-04 -2.240611e-05 2.341668e-05 -3.221509e-06 -1.688138e-05
23304.886541 1.904219e+00 1.640039e+00 1.310895e+00 5.008366e-04 -2.413714e-05 2.017691e-05 3.960977e-07 -1.375186e-05
23306.331337 1.901622e+00 1.638232e+00 1.286301e+00 5.492715e-04 -2.841623e-05 1.350462e-05 2.161256e-05 -9.022045e-06
23307.788325 1.902726e+00 1.638775e+00 1.274365e+00 4.484875e-04 -3.068644e-05 1.690785e-05 2.613470e-05 -1.121714e-05
23309.257505 1.899315e+00 1.635834e+00 1.269663e+00 5.239763e-04 -2.426058e-05 1.874103e-05 1.846653e-05 -1.316325e-05
23310.738877 1.900304e+00 1.637377e+00 1.284409e+00 4.804692e-04 -2.307012e-05 1.717640e-05 7.117240e-06 -8.188476e-07
23312.232440 1.899630e+00 1.636969e+00 1.307872e+00 5.222398e-04 -2.972313e-05 1.229139e-05 9.244123e-06 -6.101340e-06
23313.738196 1.898157e+00 1.635475e+00 1.336232e+00 4.369749e-04 -2.488833e-05 1.686311e-05 1.341659e-05 -2.800569e-06
23315.256143 1.899392e+00 1.636542e+00 1.369560e+00 5.013853e-04 -1.402148e-05 6.833592e-06 9.483699e-06 5.915268e-06
23316.786283 1.897915e+00 1.635049e+00 1.402025e+00 4.867777e-04 -2.080450e-05 3.233719e-06 5.656642e-06 -4.265353e-06
23318.328614 1.896135e+00 1.634146e+00 1.433391e+00 4.672789e-04 -2.432090e-05 7.879239e-06 -4.607772e-06 -9.908160e-06
23319.883137 1.895059e+00 1.633319e+00 1.456641e+00 4.538690e-04 -2.611076e-05 9.960354e-06 6.403127e-06 -9.367045e-06
23321.449852 1.896237e+00 1.633265e+00 1.481150e+00 4.701211e-04 -2.668365e-05 2.293769e-05 7.439086e-06 -7.617015e-06
23323.028759 1.895685e+00 1.633356e+00 1.498771e+00 4.970878e-04 -2.679444e-05 2.719767e-05 2.187802e-06 -6.635534e-06
23324.619858 1.893454e+00 1.631041e+00 1.507032e+00 5.469818e-04 -2.291353e-05 3.572574e-05 9.673499e-06 5.913135e-06
23326.223149 1.894969e+00 1.631984e+00 1.515770e+00 5.032718e-04 -2.004042e-05 3.090504e-05 1.024585e-05 1.418327e-05
23327.838632 1.893434e+00 1.631451e+00 1.516965e+00 4.982085e-04 -1.701862e-05 2.532624e-05 5.729867e-06 -1.315550e-05
23329.466307 1.892523e+00 1.630789e+00 1.517483e+00 4.105530e-04 -2.025911e-05 2.843149e-05 8.341997e-06 -2.555205e-05
23331.106173 1.891230e+00 1.629516e+00 1.514928e+00 4.663631e-04 -1.857880e-05 3.005921e-05 1.191911e-05 -2.839528e-05
23332.758232 1.889518e+00 1.628421e+00 1.508546e+00 5.089369e-04 -1.965249e-05 4.562668e-05 1.226673e-05 -2.127299e-05
23334.422482 1.891223e+00 1.629662e+00 1.503254e+00 5.222549e-04 -2.542189e-05 4.286868e-05 1.535362e-05 -3.082788e-05
23336.098924 1.889617e+00 1.628210e+00 1.493632e+00 4.575200e-04 -3.033735e-05 3.024159e-05 9.919159e-06 -3.496025e-05
23337.787558 1.887427e+00 1.626376e+00 1.482613e+00 4.493825e-04 -2.848301e-05 2.921314e-05 1.061749e-05 -2.250269e-05
23339.488385 1.887227e+00 1.626258e+00 1.470291e+00 4.636395e-04 -2.500187e-05 2.180938e-05 9.510391e-06 -1.522845e-05
23341.201403 1.888372e+00 1.627761e+00 1.458453e+00 4.417950e-04 -1.972088e-05 2.548186e-05 2.470738e-05 -1.065734e-05
23342.926613 1.884960e+00 1.625234e+00 1.443341e+00 4.386893e-04 -2.893326e-05 1.877624e-05 2.504219e-05 -7.771443e-06
23344.664014 1.885270e+00 1.625631e+00 1.430717e+00 3.894660e-04 -3.126164e-05 1.517621e-05 4.845889e-06 -6.805651e-06
23346.413608 1.883925e+00 1.624184e+00 1.413630e+00 4.943928e-04 -2.124951e-05 2.529397e-05 8.323720e-06 -7.706839e-06
23348.175394 1.882322e+00 1.621920e+00 1.397833e+00 4.770159e-04 -1.586708e-05 1.568449e-05 6.388525e-06 -1.284007e-05
23349.949371 1.883980e+00 1.623184e+00 1.386899e+00 4.546227e-04 -1.603908e-05 1.276780e-05 1.374033e-05 -1.178886e-05
23351.735541 1.883804e+00 1.623694e+00 1.374517e+00 4.327888e-04 -1.748417e-05 2.120300e-05 6.677372e-06 -2.395452e-05
23353.533902 1.882296e+00 1.622601e+00 1.364590e+00 4.675506e-04 -1.134060e-05 2.783571e-05 1.875818e-05 -1.708024e-05
23355.344455 1.880978e+00 1.621479e+00 1.359575e+00 4.545123e-04 -1.200539e-05 2.687784e-05 1.665912e-05 -6.225840e-06
23357.167201 1.881479e+00 1.622265e+00 1.361242e+00 4.604523e-04 -1.189929e-05 2.934854e-05 1.049650e-05 -2.146879e-05
23359.002138 1.877053e+00 1.618659e+00 1.367949e+00 4.667431e-04 -2.948756e-06 2.325324e-05 2.257520e-05 -1.808302e-05
23360.849267 1.878635e+00 1.619758e+00 1.381475e+00 4.634720e-04 -1.565668e-05 2.300260e-05 2.610292e-05 -9.873932e-06
23362.708588 1.879056e+00 1.620281e+00 1.404364e+00 4.515119e-04 -1.610943e-05 2.569503e-05 1.997602e-05 -4.310915e-06
23364.580100 1.877224e+00 1.618491e+00 1.430924e+00 4.756934e-04 -1.775299e-05 1.566952e-05 1.657722e-05 -7.168659e-06
23366.463805 1.877409e+00 1.618071e+00 1.462973e+00 4.497500e-04 -1.956237e-05 1.939695e-05 2.268212e-05 -8.413829e-06
23368.359702 1.875994e+00 1.617641e+00 1.497516e+00 4.725027e-04 -1.520312e-05 3.166427e-05 1.407874e-05 -1.616207e-05
23370.267790 1.874692e+00 1.616499e+00 1.526246e+00 4.461938e-04 -1.083113e-05 3.751014e-05 1.811141e-05 -1.778263e-05
23372.188071 1.875219e+00 1.617170e+00 1.553125e+00 5.014760e-04 -1.564506e-05 2.273586e-05 2.291303e-05 -6.092627e-06
23374.120543 1.873357e+00 1.615784e+00 1.572077e+00 4.409565e-04 -1.876295e-05 2.168672e-05 1.854286e-05 -1.957700e-05
23376.065207 1.874032e+00 1.615753e+00 1.580934e+00 4.309390e-04 -9.585715e-07 2.702019e-05 1.900324e-05 -1.555202e-05
23378.022064 1.871119e+00 1.613518e+00 1.579367e+00 4.525483e-04 6.933316e-06 2.938288e-05 2.638387e-05 -1.270585e-05
23379.991112 1.872349e+00 1.614855e+00 1.571595e+00 4.621754e-04 2.356792e-06 3.114024e-05 2.829346e-05 -1.503820e-05
23381.972352 1.870105e+00 1.613171e+00 1.552749e+00 5.508622e-04 2.621783e-07 2.996538e-05 3.559604e-05 -2.214355e-05
23383.965784 1.869771e+00 1.612839e+00 1.532020e+00 4.278282e-04 -8.305140e-06 2.316294e-05 2.147468e-05 -3.119877e-05
23385.971407 1.867100e+00 1.611581e+00 1.503927e+00 4.607694e-04 -1.316340e-05 2.110141e-05 1.468476e-05 -4.255125e-05
23387.989223 1.868299e+00 1.611719e+00 1.481315e+00 4.250262e-04 -1.530200e-05 3.335373e-05 1.777617e-05 -4.567803e-05
23390.019231 1.866459e+00 1.610535e+00 1.460587e+00 4.686429e-04 -1.615095e-05 3.050848e-05 1.225874e-05 -4.405252e-05
23392.061430 1.864505e+00 1.608569e+00 1.439534e+00 4.336507e-04 -1.277093e-05 2.605299e-05 1.908118e-05 -4.598459e-05
23394.115822 1.865970e+00 1.609511e+00 1.424687e+00 4.415647e-04 -1.523002e-05 2.456801e-05 2.456833e-05 -4.508342e-05
23396.182405 1.863465e+00 1.607509e+00 1.411336e+00 5.023592e-04 -1.298195e-05 2.112611e-05 1.734733e-05 -2.550938e-05
23398.261180 1.861930e+00 1.606596e+00 1.404862e+00 4.065980e-04 -1.964615e-05 2.046914e-05 1.750992e-05 -2.761992e-05
23400.352148 1.861958e+00 1.606967e+00 1.400490e+00 4.641494e-04 -2.595699e-05 2.828989e-05 2.220783e-05 -4.153361e-05
23402.455307 1.860550e+00 1.605973e+00 1.397654e+00 4.208884e-04 -1.333642e-05 2.886196e-05 3.926431e-05 -3.463981e-05
23404.570658 1.856858e+00 1.602232e+00 1.395030e+00 4.240691e-04 -1.958263e-05 3.307231e-05 3.297617e-05 -2.535243e-05
23406.698201 1.861394e+00 1.606300e+00 1.400107e+00 4.655074e-04 -2.255415e-05 2.741801e-05 4.094187e-05 -3.476119e-05
23408.837935 1.859786e+00 1.604998e+00 1.401712e+00 4.415719e-04 -2.410084e-05 2.789399e-05 2.826429e-05 -3.996373e-05
23410.989862 1.857160e+00 1.602688e+00 1.406972e+00 4.697550e-04 -1.822740e-05 2.231155e-05 1.382220e-05 -4.794422e-05
23413.153981 1.856152e+00 1.601715e+00 1.415183e+00 4.284641e-04 -1.751481e-05 1.468961e-05 1.588345e-05 -4.411705e-05
23415.330291 1.855983e+00 1.601719e+00 1.421733e+00 4.629496e-04 -1.315918e-05 1.785705e-05 1.667641e-05 -3.643365e-05
23417.518794 1.854723e+00 1.600581e+00 1.427621e+00 4.142046e-04 -3.321975e-06 1.508534e-05 1.737601e-05 -3.824778e-05
23419.719488 1.853766e+00 1.599955e+00 1.434185e+00 4.333358e-04 -2.499601e-06 1.393876e-05 2.973062e-05 -4.073294e-05
23421.932374 1.854464e+00 1.600523e+00 1.440879e+00 4.137257e-04 4.391352e-06 1.699758e-05 3.185281e-05 -4.539404e-05
23424.157453 1.852380e+00 1.599218e+00 1.448148e+00 3.889069e-04 1.101272e-05 1.108090e-05 2.956237e-05 -3.635071e-05
23426.394723 1.850899e+00 1.597587e+00 1.459655e+00 4.928042e-04 1.277155e-05 1.785375e-05 2.327005e-05 -3.871432e-05
23428.644185 1.850136e+00 1.597510e+00 1.478626e+00 4.201308e-04 4.161322e-06 1.891615e-05 1.593591e-05 -4.039481e-05
23430.905838 1.849246e+00 1.595852e+00 1.501218e+00 4.391445e-04 -7.758586e-06 2.626128e-05 2.063513e-05 -2.281250e-05
23433.179684 1.849481e+00 1.595838e+00 1.523127e+00 4.307496e-04 -1.076291e-05 3.291939e-05 2.534351e-05 -2.555479e-05
23435.465722 1.848233e+00 1.595455e+00 1.544499e+00 4.777448e-04 -1.172795e-05 3.774492e-05 3.083136e-05 -3.085523e-05
23437.763952 1.846509e+00 1.594087e+00 1.564835e+00 4.552406e-04 -1.279684e-05 3.486083e-05 3.276983e-05 -3.639003e-05
23440.074373 1.845121e+00 1.593049e+00 1.580198e+00 4.111195e-04 -1.512207e-05 3.253721e-05 3.333586e-05 -2.607481e-05
23442.396987 1.844299e+00 1.592409e+00 1.591991e+00 3.900973e-04 -1.277686e-05 4.297841e-05 2.454046e-05 -2.180064e-05
23444.731792 1.843449e+00 1.592009e+00 1.601963e+00 4.364459e-04 -1.317148e-05 2.640125e-05 2.699249e-05 -3.457784e-05
23447.078789 1.843433e+00 1.591578e+00 1.610108e+00 4.638404e-04 -8.503553e-06 2.646258e-05 2.956322e-05 -3.572417e-05
23449.437978 1.842360e+00 1.590637e+00 1.613933e+00 4.441324e-04 -4.533649e-06 2.585152e-05 3.796028e-05 -3.686547e-05
23451.809359 1.841390e+00 1.590113e+00 1.611471e+00 5.207669e-04 -3.554540e-06 1.962261e-05 3.780306e-05 -2.939398e-05
23454.192932 1.839417e+00 1.588570e+00 1.603172e+00 4.496841e-04 -1.025646e-05 2.443032e-05 4.111987e-05 -2.526684e-05
23456.588697 1.838004e+00 1.587249e+00 1.588753e+00 4.077252e-04 -5.862303e-06 3.326825e-05 3.244638e-05 -3.015452e-05
23458.996654 1.835197e+00 1.585048e+00 1.569564e+00 4.549175e-04 -1.099946e-05 3.796623e-05 2.964485e-05 -3.227211e-05
23461.416803 1.835160e+00 1.584627e+00 1.552161e+00 4.714410e-04 -8.276529e-06 3.102084e-05 3.166135e-05 -3.152486e-05
23463.849143 1.831878e+00 1.582311e+00 1.531601e+00 4.479048e-04 -3.590690e-06 2.761929e-05 2.468444e-05 -2.618092e-05
23466.293676 1.827319e+00 1.578693e+00 1.510202e+00 4.567991e-04 -2.083833e-06 2.567600e-05 2.737352e-05 -3.294156e-05
23468.750400 1.826733e+00 1.578351e+00 1.493957e+00 4.612876e-04 -5.476936e-06 3.301648e-05 2.737708e-05 -2.986081e-05
23471.219317 1.824958e+00 1.576731e+00 1.476760e+00 4.500800e-04 -4.109317e-06 3.855013e-05 2.288073e-05 -3.491798e-05
23473.700425 1.826193e+00 1.577761e+00 1.461552e+00 4.374596e-04 -2.338077e-06 3.583035e-05 2.505930e-05 -3.636400e-05
23476.193725 1.822588e+00 1.574641e+00 1.443609e+00 4.310833e-04 -6.215091e-06 3.123020e-05 3.830703e-05 -2.870443e-05
23478.699217 1.823399e+00 1.575000e+00 1.429124e+00 3.792470e-04 -7.690968e-07 3.789516e-05 2.200412e-05 -2.437364e-05
23481.216901 1.821819e+00 1.574210e+00 1.415681e+00 4.469708e-04 6.022242e-06 3.397148e-05 1.351549e-05 -2.772564e-05
23483.746777 1.819911e+00 1.572911e+00 1.405094e+00 4.456687e-04 1.442811e-05 3.038346e-05 3.092829e-05 -2.388904e-05
23486.288845 1.819425e+00 1.571823e+00 1.399308e+00 4.771835e-04 6.726550e-06 3.558618e-05 1.364282e-05 -3.323222e-05
23488.843105 1.817384e+00 1.570639e+00 1.395880e+00 4.813827e-04 8.347386e-06 3.456424e-05 2.069887e-05 -2.513173e-05
23491.409556 1.816414e+00 1.569636e+00 1.400992e+00 4.813815e-04 4.743782e-06 4.650817e-05 1.670683e-05 -2.513461e-05
23493.988200 1.817150e+00 1.570298e+00 1.412179e+00 4.114913e-04 -5.418992e-06 3.399794e-05 2.079999e-05 -2.430664e-05
23496.579035 1.814990e+00 1.568088e+00 1.429682e+00 4.340555e-04 -8.927318e-06 2.108320e-05 3.569102e-05 -2.495661e-05
23499.182062 1.814554e+00 1.567527e+00 1.455559e+00 4.179422e-04 -7.992362e-06 2.504406e-05 3.074639e-05 -2.423190e-05
23501.797282 1.813135e+00 1.566540e+00 1.483555e+00 4.571588e-04 -4.040635e-06 3.505919e-05 2.520067e-05 -2.990814e-05
23504.424693 1.812247e+00 1.565848e+00 1.510449e+00 4.617046e-04 -4.468535e-06 3.457199e-05 3.683068e-05 -1.960077e-05
23507.064296 1.810940e+00 1.564869e+00 1.536966e+00 4.607822e-04 -6.248469e-06 3.207965e-05 3.852728e-05 -1.927768e-05
23509.716091 1.807203e+00 1.562133e+00 1.556886e+00 5.076302e-04 -9.097390e-06 3.385487e-05 1.709814e-05 -2.079877e-05
23512.380078 1.807311e+00 1.561930e+00 1.576470e+00 4.443130e-04 -6.888519e-06 3.123608e-05 1.447397e-05 -3.066412e-05
23515.056256 1.809418e+00 1.563724e+00 1.590580e+00 4.897021e-04 -6.557566e-06 2.512163e-05 1.641357e-05 -2.841598e-05
23517.744627 1.805360e+00 1.560749e+00 1.597155e+00 4.513215e-04 -9.214725e-06 3.307180e-05 1.951317e-05 -3.235903e-05
23520.445190 1.803157e+00 1.559145e+00 1.599190e+00 3.982525e-04 1.977680e-06 3.539953e-05 6.790602e-06 -3.096045e-05
23523.157944 1.803466e+00 1.559121e+00 1.600813e+00 4.286860e-04 7.993856e-07 4.121665e-05 1.224862e-05 -2.996507e-05
23525.882891 1.803004e+00 1.558687e+00 1.602238e+00 4.300953e-04 2.684616e-06 4.155126e-05 2.346275e-05 -2.755109e-05
23528.620029 1.803173e+00 1.558248e+00 1.607334e+00 4.717321e-04 6.027496e-06 3.952911e-05 2.560050e-05 -1.325397e-05
23531.369359 1.799866e+00 1.556451e+00 1.611269e+00 4.211207e-04 -1.517849e-07 3.833590e-05 2.299987e-05 -1.164597e-05
23534.130881 1.799604e+00 1.556022e+00 1.617729e+00 4.661482e-04 1.107918e-06 2.831228e-05 1.688023e-05 -2.504171e-05
23536.904595 1.797467e+00 1.554666e+00 1.620306e+00 4.246933e-04 -6.677145e-06 2.940153e-05 1.118902e-05 -2.364432e-05
23539.690501 1.797770e+00 1.555230e+00 1.622210e+00 4.244933e-04 8.783674e-07 3.912339e-05 1.230522e-05 -2.307652e-05
23542.488599 1.796854e+00 1.554760e+00 1.616333e+00 4.166564e-04 -6.570502e-06 3.453609e-05 1.429597e-06 -3.372956e-05
23545.298889 1.793929e+00 1.551982e+00 1.601520e+00 4.041728e-04 -1.720233e-07 3.056810e-05 2.087052e-05 -2.887942e-05
23548.121371 1.795068e+00 1.552595e+00 1.587010e+00 4.209285e-04 -2.462654e-07 3.697327e-05 2.433849e-05 -3.340181e-05
23550.956044 1.794486e+00 1.551898e+00 1.570779e+00 4.365269e-04 2.069437e-06 4.167303e-05 9.313262e-06 -3.276480e-05
23553.802910 1.792905e+00 1.550694e+00 1.553891e+00 4.189722e-04 5.860334e-06 3.549672e-05 1.694208e-05 -2.634043e-05
23556.661967 1.790717e+00 1.549118e+00 1.535623e+00 4.243068e-04 5.425809e-06 3.652203e-05 2.360101e-05 -1.986759e-05
23559.533217 1.788885e+00 1.547297e+00 1.515581e+00 4.049951e-04 2.813221e-06 3.166065e-05 3.181410e-05 -2.016424e-05
23562.416658 1.786198e+00 1.544949e+00 1.496341e+00 4.294301e-04 1.130584e-06 2.947633e-05 1.281764e-05 -3.780813e-05
23565.312291 1.786607e+00 1.545581e+00 1.478376e+00 5.400981e-04 -3.136541e-06 2.716657e-05 2.498790e-05 -2.735643e-05
23568.220116 1.783833e+00 1.543268e+00 1.458686e+00 4.888368e-04 1.691302e-06 3.524626e-05 2.999729e-05 -1.833775e-05
23571.140133 1.782184e+00 1.542498e+00 1.445101e+00 4.480443e-04 3.356967e-06 3.698966e-05 3.381207e-05 -1.733299e-05
23574.072342 1.781973e+00 1.542061e+00 1.438829e+00 4.947173e-04 8.110791e-06 3.356389e-05 1.953056e-05 -1.172059e-05
23577.016743 1.779357e+00 1.540067e+00 1.435045e+00 4.780307e-04 1.131334e-05 3.634863e-05 2.547554e-05 -1.668572e-05
23579.973335 1.779383e+00 1.540497e+00 1.440256e+00 4.765533e-04 9.718303e-06 2.827227e-05 1.337947e-05 -1.175960e-05
23582.942120 1.779397e+00 1.540311e+00 1.451220e+00 4.829000e-04 1.538833e-05 1.811250e-05 1.312901e-05 -1.350639e-05
23585.923096 1.777319e+00 1.538094e+00 1.466998e+00 4.305962e-04 1.716926e-05 1.681956e-05 3.647736e-05 -1.162945e-05
23588.916265 1.777970e+00 1.538843e+00 1.490772e+00 4.014579e-04 1.122124e-05 2.175187e-05 1.704585e-05 -1.101702e-05
23591.921625 1.777090e+00 1.538072e+00 1.517067e+00 4.049513e-04 5.300003e-06 2.055078e-05 1.281718e-05 -1.390851e-05
23594.939177 1.775163e+00 1.536956e+00 1.544542e+00 4.362156e-04 8.502644e-06 1.931076e-05 1.752573e-05 -1.773972e-05
23597.968921 1.772816e+00 1.534959e+00 1.568327e+00 4.411809e-04 4.951457e-06 1.363411e-05 1.832459e-05 -3.572549e-05
23601.010858 1.771990e+00 1.534420e+00 1.584431e+00 4.262190e-04 1.273305e-05 1.248690e-05 2.498316e-06 -3.104611e-05
23604.064985 1.768815e+00 1.531959e+00 1.591393e+00 3.985560e-04 9.747156e-06 2.056538e-05 8.918485e-06 -2.298814e-05
23607.131305 1.768517e+00 1.531641e+00 1.596210e+00 3.892737e-04 1.047650e-05 2.500077e-05 9.802889e-06 -2.703323e-05
23610.209817 1.764660e+00 1.528056e+00 1.598212e+00 4.220872e-04 1.284591e-05 3.194216e-05 4.037207e-06 -3.834323e-05
23613.300521 1.753534e+00 1.518408e+00 1.586081e+00 3.928688e-04 8.646693e-06 3.201073e-05 3.985060e-06 -2.874809e-05
23616.403416 1.745775e+00 1.512172e+00 1.575605e+00 4.236702e-04 5.106186e-06 3.294294e-05 3.562952e-06 -1.993202e-05
23619.518504 1.744368e+00 1.510842e+00 1.566954e+00 4.805491e-04 2.376818e-06 3.131354e-05 4.231307e-06 -1.799602e-05
23622.645783 1.748172e+00 1.514383e+00 1.567324e+00 3.980600e-04 1.026887e-05 2.953970e-05 1.546804e-05 -1.179625e-05
23625.785255 1.754641e+00 1.519691e+00 1.572185e+00 4.246560e-04 1.884362e-06 2.355337e-05 6.450455e-06 -1.411982e-05
23628.936918 1.758367e+00 1.523008e+00 1.580581e+00 4.177885e-04 5.829167e-06 2.339355e-05 1.271123e-05 -1.636303e-05
23632.100773 1.757960e+00 1.522973e+00 1.592774e+00 4.718544e-04 9.165049e-06 2.236189e-05 2.612174e-05 -1.057222e-05
23635.276820 1.756882e+00 1.521957e+00 1.604088e+00 4.058949e-04 9.068703e-06 1.700124e-05 2.765889e-05 -4.921037e-06
23638.465059 1.755368e+00 1.521152e+00 1.612091e+00 3.817809e-04 1.346548e-05 1.978783e-05 3.690714e-05 6.277053e-07
23641.665490 1.755293e+00 1.520784e+00 1.614898e+00 4.431681e-04 1.403241e-05 2.635101e-05 2.386354e-05 1.391405e-06
23644.878112 1.755483e+00 1.521086e+00 1.610863e+00 4.653448e-04 1.548458e-05 2.348268e-05 2.902321e-05 -1.015864e-05
23648.102927 1.753032e+00 1.519556e+00 1.600540e+00 4.262063e-04 1.576752e-05 2.741827e-05 2.968110e-05 -1.940534e-05
23651.339934 1.751504e+00 1.517778e+00 1.587632e+00 4.329576e-04 1.537617e-05 2.057627e-05 3.066559e-05 -2.173834e-05
23654.589132 1.750908e+00 1.517162e+00 1.575997e+00 4.465420e-04 6.403325e-06 2.938686e-05 2.332824e-05 -2.104566e-05
23657.850523 1.750124e+00 1.516459e+00 1.567079e+00 4.151133e-04 9.747788e-06 3.062734e-05 1.795273e-05 -1.537769e-05
23661.124105 1.749102e+00 1.515540e+00 1.554105e+00 4.339952e-04 1.225783e-05 2.417892e-05 1.234030e-05 -1.505186e-05
23664.409879 1.748019e+00 1.514858e+00 1.543069e+00 4.341178e-04 5.352299e-06 2.127583e-05 2.780380e-05 -1.785656e-05
23667.707845 1.746035e+00 1.513510e+00 1.532461e+00 4.006137e-04 7.464095e-06 2.819767e-05 1.710872e-05 -1.974943e-05
23671.018003 1.745544e+00 1.513205e+00 1.524886e+00 4.202923e-04 9.042189e-06 2.836792e-05 1.184484e-05 -1.347331e-05
23674.340353 1.742656e+00 1.510914e+00 1.511190e+00 4.036321e-04 8.389703e-06 1.278331e-05 9.174270e-06 -1.346241e-05
23677.674895 1.740994e+00 1.509224e+00 1.499981e+00 4.321886e-04 9.030003e-06 1.866957e-05 1.832017e-05 -1.288119e-06
23681.021629 1.741284e+00 1.508975e+00 1.490048e+00 4.363311e-04 2.807890e-06 2.125275e-05 1.441570e-05 -1.063543e-06
23684.380554 1.740012e+00 1.508224e+00 1.483170e+00 3.996203e-04 5.320169e-06 1.857165e-05 7.389088e-06 5.324304e-06
23687.751672 1.738328e+00 1.507056e+00 1.481218e+00 3.730486e-04 1.049450e-05 2.058043e-05 9.116573e-06 -1.947697e-07
23691.134982 1.736436e+00 1.505674e+00 1.483493e+00 4.236853e-04 9.985082e-06 2.766678e-05 1.451460e-05 -4.476246e-06
23694.530483 1.734848e+00 1.503794e+00 1.493335e+00 4.065232e-04 8.064006e-06 3.956400e-05 1.830561e-05 -1.036338e-05
23697.938176 1.734533e+00 1.504375e+00 1.511149e+00 4.191329e-04 9.501717e-06 4.037500e-05 2.260532e-05 -1.911176e-05
23701.358061 1.732266e+00 1.502072e+00 1.532399e+00 3.646025e-04 1.272830e-05 2.749280e-05 2.647904e-05 -1.541934e-05
23704.790139 1.731888e+00 1.501199e+00 1.560446e+00 4.040217e-04 1.030568e-05 2.400516e-05 2.437188e-05 -2.564442e-05
23708.234408 1.729699e+00 1.500663e+00 1.589412e+00 4.474447e-04 9.322155e-06 1.235199e-05 1.665708e-05 -1.977878e-05
23711.690868 1.728481e+00 1.499360e+00 1.611386e+00 4.820819e-04 3.612134e-06 1.294952e-05 3.826877e-06 -2.116563e-05
23715.159521 1.728104e+00 1.498784e+00 1.624172e+00 4.475752e-04 -2.811319e-06 1.389827e-05 2.252992e-05 -1.077743e-05
23718.640366 1.725203e+00 1.496739e+00 1.624587e+00 4.368876e-04 -1.056811e-05 1.817252e-05 2.890332e-05 -7.308508e-06
23722.133403 1.723353e+00 1.494790e+00 1.618052e+00 4.595767e-04 -1.512745e-05 9.840159e-06 1.012196e-05 -1.306948e-05
23725.638631 1.718264e+00 1.490666e+00 1.608207e+00 4.315663e-04 -2.660629e-06 -1.980863e-07 7.253098e-06 -7.390456e-06
23729.156052 1.696153e+00 1.471656e+00 1.584516e+00 3.904742e-04 2.119089e-06 -9.877778e-06 1.179290e-05 -1.080234e-05
23732.685664 1.677034e+00 1.455286e+00 1.567477e+00 4.014443e-04 1.114406e-05 -1.920484e-07 7.067941e-06 -1.403570e-05
23736.227468 1.681373e+00 1.459052e+00 1.571561e+00 4.578589e-04 4.209700e-06 -3.722972e-06 -9.665862e-06 -3.220094e-05
23739.781465 1.694402e+00 1.470378e+00 1.586112e+00 4.328361e-04 8.496876e-06 -7.376601e-07 1.051904e-05 -2.789817e-05
23743.347653 1.707571e+00 1.481194e+00 1.597747e+00 4.541081e-04 5.474145e-06 -1.010370e-05 9.010359e-06 -2.014623e-05
23746.926033 1.710698e+00 1.484686e+00 1.599382e+00 4.128916e-04 4.500612e-06 -1.038291e-05 2.323036e-05 -1.384526e-05
23750.516605 1.711997e+00 1.485698e+00 1.600945e+00 3.468459e-04 8.266335e-06 -1.361123e-05 1.837008e-05 -1.450746e-05
23754.119369 1.710209e+00 1.485003e+00 1.599115e+00 3.964565e-04 1.319564e-05 -3.196639e-06 3.818641e-06 -1.311612e-05
23757.734324 1.708870e+00 1.483066e+00 1.595079e+00 3.716729e-04 3.715055e-06 6.189471e-06 -5.568481e-07 -1.356811e-05
23761.361472 1.706698e+00 1.481920e+00 1.587645e+00 3.764439e-04 7.334942e-06 5.288666e-06 3.293120e-06 -1.541561e-05
23765.000811 1.706299e+00 1.481583e+00 1.580536e+00 4.253531e-04 -4.351598e-06 1.714857e-05 8.521719e-06 -1.789750e-05
23768.652343 1.703839e+00 1.479608e+00 1.570835e+00 4.528833e-04 -7.418098e-06 2.574076e-05 7.866870e-06 -2.227634e-05
23772.316066 1.704025e+00 1.479721e+00 1.566072e+00 3.998896e-04 -1.559025e-06 2.688778e-05 1.455299e-05 -2.038202e-05
23775.991982 1.702034e+00 1.478007e+00 1.560292e+00 3.541436e-04 -9.081008e-06 1.728813e-05 -3.812427e-06 -2.005798e-05
23779.680089 1.700531e+00 1.476329e+00 1.554508e+00 3.933727e-04 -1.050456e-05 5.126645e-06 5.587225e-06 -1.057222e-05
23783.380388 1.699369e+00 1.476093e+00 1.551423e+00 3.661019e-04 -9.853763e-07 1.733958e-05 1.363805e-05 -1.642811e-05
23787.092879 1.697501e+00 1.474565e+00 1.546623e+00 4.298230e-04 -5.742620e-07 1.069591e-05 9.712730e-07 -2.340559e-05
23790.817562 1.696050e+00 1.473038e+00 1.541945e+00 3.956447e-04 -1.075010e-05 8.995029e-06 4.289311e-06 -1.866379e-05
23794.554437 1.694445e+00 1.471981e+00 1.542737e+00 4.314411e-04 -3.744071e-06 3.803365e-07 1.357062e-05 -2.181299e-05
23798.303503 1.693010e+00 1.470259e+00 1.543539e+00 4.167988e-04 4.009591e-06 -4.225115e-06 2.071321e-05 -2.218424e-05
23802.064762 1.692450e+00 1.470382e+00 1.547045e+00 4.279748e-04 8.428787e-07 -1.808862e-06 7.278105e-06 -2.235405e-05
23805.838213 1.692221e+00 1.469616e+00 1.550617e+00 4.407142e-04 7.352012e-06 7.247662e-06 1.171520e-05 -2.053499e-05
23809.623855 1.688084e+00 1.466323e+00 1.551839e+00 4.288419e-04 5.479597e-06 1.167006e-05 1.842272e-05 -2.735184e-05
23813.421689 1.686559e+00 1.465451e+00 1.554765e+00 4.241035e-04 7.825521e-06 8.418739e-06 1.152551e-05 -2.739680e-05
23817.231716 1.686524e+00 1.465568e+00 1.560879e+00 4.227122e-04 8.859633e-06 1.049950e-05 1.949260e-05 -4.013186e-05
23821.053934 1.685229e+00 1.464565e+00 1.567328e+00 3.786343e-04 9.881753e-06 1.576035e-05 2.118247e-05 -2.547497e-05
23824.888344 1.684445e+00 1.463515e+00 1.577877e+00 3.650259e-04 5.347348e-06 1.152635e-05 1.853561e-05 -1.358699e-05
23828.734946 1.681422e+00 1.461085e+00 1.585293e+00 3.679137e-04 -2.175384e-06 1.768735e-05 2.066503e-05 -1.169945e-05
23832.593740 1.680028e+00 1.460347e+00 1.593302e+00 3.789651e-04 3.588687e-06 2.582384e-05 2.006195e-05 -1.048512e-05
23836.464726 1.679268e+00 1.460127e+00 1.599974e+00 4.100506e-04 3.787363e-06 2.373226e-05 1.832295e-05 -1.582611e-05
23840.347903 1.677925e+00 1.458889e+00 1.602982e+00 4.243534e-04 -5.955599e-06 2.290882e-05 1.439636e-05 -1.316778e-05
23844.243273 1.676151e+00 1.457152e+00 1.602647e+00 4.070230e-04 -2.391957e-06 2.264955e-05 1.293434e-05 -1.317617e-05
23848.150835 1.674372e+00 1.455508e+00 1.604513e+00 4.218866e-04 -8.756836e-06 1.678379e-05 1.518765e-05 -1.658698e-05
23852.070588 1.673278e+00 1.454740e+00 1.608096e+00 4.396395e-04 2.464161e-06 2.220611e-05 1.490478e-05 -2.222186e-05
23856.002533 1.672007e+00 1.453599e+00 1.608856e+00 4.350401e-04 4.887888e-06 2.526232e-05 2.364900e-05 -2.757359e-05
23859.946671 1.668379e+00 1.450596e+00 1.608724e+00 4.310434e-04 1.663032e-06 2.440727e-05 1.141564e-05 -3.250972e-05
23863.903000 1.669215e+00 1.451674e+00 1.612326e+00 3.831625e-04 4.862036e-06 2.845340e-05 9.872646e-06 -2.967765e-05
23867.871521 1.667761e+00 1.450378e+00 1.609594e+00 4.354981e-04 1.566588e-05 2.979525e-05 7.598374e-06 -2.495085e-05
23871.852234 1.664926e+00 1.448268e+00 1.609644e+00 4.255621e-04 1.256343e-05 3.993948e-05 8.832587e-06 -2.430504e-05
23875.845139 1.665015e+00 1.448063e+00 1.610336e+00 4.050865e-04 1.127981e-05 3.732802e-05 2.037044e-05 -2.922475e-05
23879.850236 1.662909e+00 1.446451e+00 1.608716e+00 4.231977e-04 1.256995e-05 3.767347e-05 3.551499e-06 -3.980314e-05
23883.867524 1.661031e+00 1.445162e+00 1.606494e+00 4.153927e-04 1.454065e-05 3.626115e-05 7.298922e-06 -3.222020e-05
23887.897005 1.659557e+00 1.443818e+00 1.601286e+00 4.128911e-04 1.289666e-05 2.893993e-05 1.227979e-05 -1.960491e-05
23891.938678 1.658403e+00 1.442763e+00 1.593677e+00 4.207868e-04 5.778635e-06 3.697723e-05 2.036597e-05 -3.048776e-05
23895.992542 1.656656e+00 1.441193e+00 1.584514e+00 3.899681e-04 1.376116e-06 3.908954e-05 2.279841e-05 -3.558309e-05
23900.058598 1.655443e+00 1.440310e+00 1.577644e+00 3.482512e-04 -2.071783e-06 2.488383e-05 2.477024e-05 -2.873432e-05
23904.136847 1.653969e+00 1.439314e+00 1.571751e+00 3.888326e-04 6.161820e-06 2.359086e-05 2.429282e-05 -1.602846e-05
23908.227287 1.651968e+00 1.438009e+00 1.566532e+00 3.813364e-04 3.783145e-06 2.422232e-05 2.170342e-05 -1.906006e-05
23912.329919 1.650186e+00 1.436247e+00 1.565741e+00 4.045522e-04 -3.954028e-07 2.827893e-05 1.654774e-05 -2.382133e-05
23916.444743 1.646993e+00 1.433517e+00 1.566247e+00 3.915793e-04 -9.096120e-06 2.929451e-05 1.549861e-05 -2.119419e-05
23920.571759 1.648359e+00 1.434578e+00 1.574444e+00 4.219336e-04 -5.053522e-06 2.723896e-05 1.796308e-05 -1.859883e-05
23924.710967 1.646208e+00 1.433260e+00 1.577983e+00 4.366323e-04 -3.416389e-06 2.203416e-05 1.721713e-06 -3.749923e-05
23928.862366 1.645297e+00 1.432928e+00 1.583503e+00 4.119321e-04 -3.139911e-06 2.193647e-05 1.099832e-05 -3.676133e-05
23933.025958 1.643843e+00 1.431352e+00 1.585779e+00 4.078722e-04 -9.028885e-06 2.045053e-05 2.467623e-05 -2.395028e-05
23937.201742 1.642613e+00 1.430078e+00 1.587775e+00 4.284637e-04 -9.787887e-06 1.409335e-05 3.028673e-05 -2.977352e-05
23941.389717 1.639741e+00 1.428386e+00 1.583829e+00 4.214877e-04 -8.190188e-06 1.842264e-05 3.439508e-05 -2.448306e-05
23945.589884 1.638495e+00 1.427028e+00 1.585331e+00 4.570978e-04 -3.766512e-06 2.083332e-05 2.101762e-05 -3.005909e-05
23949.802244 1.637960e+00 1.426299e+00 1.583554e+00 4.159964e-04 -2.905818e-06 2.286287e-05 2.594436e-05 -2.514517e-05
23954.026795 1.635912e+00 1.424695e+00 1.581456e+00 3.775490e-04 5.412929e-06 2.335154e-05 2.978792e-05 -2.336805e-05
23958.263538 1.632482e+00 1.422124e+00 1.580994e+00 4.239467e-04 -4.082835e-06 2.472922e-05 3.267054e-05 -3.362671e-05
23962.512473 1.621031e+00 1.412248e+00 1.575813e+00 4.029257e-04 -6.592170e-06 2.678198e-05 3.753842e-05 -4.786690e-05
23966.773600 1.594988e+00 1.389545e+00 1.559380e+00 3.728580e-04 -9.163087e-06 2.100038e-05 4.008976e-05 -3.621873e-05
23971.046919 1.592741e+00 1.387459e+00 1.565162e+00 4.087242e-04 -5.592786e-06 2.267526e-05 4.644066e-05 -2.883531e-05
23975.332429 1.605035e+00 1.398505e+00 1.585068e+00 3.749031e-04 -6.119166e-06 1.936969e-05 4.550490e-05 -3.241256e-05
23979.630132 1.619037e+00 1.410484e+00 1.607982e+00 3.838498e-04 -2.007553e-06 9.270956e-06 4.581577e-05 -3.190869e-05
23983.940026 1.623224e+00 1.414063e+00 1.618332e+00 4.067732e-04 -1.239345e-05 1.226556e-05 2.945838e-05 -2.348705e-05
23988.262113 1.622453e+00 1.413724e+00 1.622723e+00 3.826548e-04 -8.308695e-06 1.173376e-05 2.502247e-05 -3.077375e-05
23992.596391 1.618907e+00 1.410513e+00 1.621547e+00 4.136917e-04 -2.297565e-06 1.409367e-05 3.162681e-05 -2.487668e-05
23996.942861 1.617112e+00 1.409283e+00 1.622112e+00 4.073680e-04 -1.153286e-05 1.283923e-05 3.270730e-05 -3.276483e-05
24001.301524 1.615859e+00 1.408319e+00 1.622335e+00 3.774750e-04 -1.013963e-05 1.237861e-05 3.014227e-05 -2.922716e-05
24005.672378 1.615692e+00 1.408619e+00 1.622166e+00 3.628218e-04 -1.088581e-05 1.108504e-05 3.105472e-05 -2.406084e-05
24010.055424 1.615312e+00 1.408233e+00 1.620592e+00 3.936648e-04 -1.581475e-05 1.139968e-05 2.446844e-05 -2.944760e-05
24014.450662 1.614550e+00 1.407722e+00 1.618457e+00 3.937533e-04 -1.011816e-05 2.020343e-06 2.663643e-05 -3.191402e-05
24018.858091 1.612173e+00 1.405789e+00 1.614165e+00 3.722529e-04 -5.962601e-06 -2.929807e-06 2.728304e-05 -3.097901e-05
24023.277713 1.608904e+00 1.402912e+00 1.607059e+00 3.932111e-04 -1.177358e-05 -1.008640e-06 3.206999e-05 -2.955271e-05
24027.709527 1.608471e+00 1.402659e+00 1.602414e+00 4.020619e-04 -1.166640e-05 1.360721e-06 3.675560e-05 -3.149285e-05
24032.153532 1.607111e+00 1.401652e+00 1.595689e+00 3.963772e-04 -8.003808e-06 -3.763109e-06 4.627703e-05 -3.151579e-05
24036.609730 1.606173e+00 1.400540e+00 1.593297e+00 4.122802e-04 -1.125196e-05 -7.540334e-09 4.897321e-05 -2.222480e-05
24041.078119 1.605171e+00 1.399668e+00 1.591317e+00 4.099772e-04 -9.305139e-06 -4.954209e-07 3.198586e-05 -2.264770e-05
24045.558700 1.603428e+00 1.398398e+00 1.589663e+00 4.077351e-04 -1.151720e-05 -5.071239e-06 3.355390e-05 -2.086189e-05
24050.051473 1.600630e+00 1.396764e+00 1.592015e+00 4.321656e-04 -2.587945e-05 2.497564e-06 2.580769e-05 -2.293681e-05
24054.556438 1.596383e+00 1.392988e+00 1.591832e+00 4.325669e-04 -1.669178e-05 1.718463e-05 3.058544e-05 -2.798600e-05
24059.073595 1.593899e+00 1.390643e+00 1.591995e+00 4.086691e-04 -1.356578e-05 1.838349e-05 2.838045e-05 -3.459179e-05
24063.602944 1.594082e+00 1.390802e+00 1.597030e+00 4.149742e-04 -1.561779e-05 2.098612e-05 2.819916e-05 -4.527212e-05
24068.144485 1.593609e+00 1.390390e+00 1.600595e+00 3.874406e-04 -1.360991e-05 1.804797e-05 2.875489e-05 -4.036109e-05
24072.698218 1.593377e+00 1.389905e+00 1.604690e+00 3.912902e-04 -1.199052e-05 1.986812e-05 2.290476e-05 -3.733681e-05
24077.264142 1.590498e+00 1.388156e+00 1.606406e+00 3.913146e-04 -5.378459e-06 1.433632e-05 2.865985e-05 -3.081977e-05
24081.842259 1.584253e+00 1.382683e+00 1.603484e+00 3.905626e-04 -3.347488e-06 1.275261e-05 2.028739e-05 -3.713458e-05
24086.432567 1.573451e+00 1.373329e+00 1.594602e+00 3.832878e-04 -1.084011e-05 1.522735e-05 1.721421e-05 -2.735096e-05
24091.035068 1.571370e+00 1.371430e+00 1.595046e+00 3.640127e-04 -8.760869e-06 3.672327e-06 2.991612e-05 -2.096961e-05
24095.649760 1.575736e+00 1.375295e+00 1.601277e+00 3.647734e-04 -9.886930e-06 -2.078838e-06 3.015973e-05 -1.824075e-05
24100.276644 1.578443e+00 1.377813e+00 1.605337e+00 3.845442e-04 -9.035902e-06 -1.683918e-06 2.264244e-05 -2.604076e-05
24104.915720 1.578835e+00 1.378314e+00 1.609134e+00 3.573359e-04 -9.982545e-06 -7.314492e-07 2.841390e-05 -2.651946e-05
24109.566988 1.579292e+00 1.378784e+00 1.611348e+00 4.280649e-04 -1.359489e-05 1.046854e-05 3.524694e-05 -3.884354e-05
24114.230448 1.577971e+00 1.377782e+00 1.613179e+00 4.186169e-04 -9.909474e-06 4.221758e-06 3.658213e-05 -4.369484e-05
24118.906100 1.577378e+00 1.377344e+00 1.617923e+00 3.739922e-04 -1.247589e-05 1.031432e-08 2.839254e-05 -4.984371e-05
24123.593943 1.576483e+00 1.376823e+00 1.621107e+00 3.540162e-04 -1.017425e-05 3.914231e-06 1.519329e-05 -5.035959e-05
24128.293979 1.574080e+00 1.374597e+00 1.622142e+00 4.091251e-04 -1.932293e-05 7.750800e-07 1.966092e-05 -4.349618e-05
24133.006206 1.572712e+00 1.373708e+00 1.625167e+00 3.932231e-04 -3.413311e-05 -2.914634e-06 2.436247e-05 -3.968839e-05
24137.730626 1.571722e+00 1.372724e+00 1.627963e+00 3.476108e-04 -2.565055e-05 7.027897e-06 2.997643e-05 -4.151615e-05
24142.467237 1.569867e+00 1.371499e+00 1.629431e+00 4.028519e-04 -2.078187e-05 -2.919750e-06 2.385839e-05 -3.618113e-05
24147.216040 1.567833e+00 1.369212e+00 1.629526e+00 4.107909e-04 -1.475435e-05 1.871394e-06 2.797100e-05 -3.705103e-05
24151.977036 1.566181e+00 1.368110e+00 1.630899e+00 3.940737e-04 -2.146209e-05 9.690576e-06 3.214086e-05 -3.759246e-05
24156.750223 1.564474e+00 1.366684e+00 1.631114e+00 3.694102e-04 -2.155811e-05 -2.612087e-06 3.685191e-05 -2.659308e-05
24161.535602 1.562989e+00 1.365885e+00 1.629625e+00 3.642611e-04 -2.169574e-05 2.447632e-06 3.699181e-05 -2.134455e-05
24166.333172 1.562240e+00 1.365022e+00 1.628848e+00 3.927685e-04 -2.366990e-05 1.939062e-06 3.755381e-05 -1.936838e-05
24171.142935 1.559771e+00 1.363088e+00 1.625597e+00 4.139653e-04 -1.880188e-05 4.937940e-06 3.515381e-05 -2.127949e-05
24175.964890 1.558458e+00 1.361954e+00 1.624452e+00 3.619902e-04 -1.790605e-05 1.176738e-05 2.830684e-05 -2.858248e-05
24180.799037 1.557398e+00 1.361082e+00 1.623007e+00 3.781190e-04 -2.182648e-05 1.275162e-05 3.096769e-05 -2.968378e-05
24185.645375 1.554581e+00 1.358914e+00 1.619995e+00 3.941399e-04 -1.424136e-05 1.543614e-05 2.699957e-05 -3.498690e-05
24190.503905 1.553537e+00 1.358178e+00 1.620128e+00 3.977883e-04 -1.163088e-05 1.510829e-05 3.010187e-05 -2.263961e-05
24195.374628 1.383719e+00 1.209705e+00 1.443301e+00 3.581291e-04 -7.874658e-06 1.935485e-05 2.256583e-05 -3.194167e-05
24200.257542 2.045787e-01 1.788588e-01 2.135060e-01 4.800106e-05 -8.579139e-08 3.275796e-06 2.214025e-06 -5.227498e-06
