# Facility: NSLS-II
# Beamline: QAS
# Year: 2023
# Cycle: 1
# SAF: 309826
# PI: Ma
# Proposal: 311269
# Scan ID: 164539
# UID: c790d1fd-f2c0-4cc0-a35b-b79c6dff5b1e
# Comment: new crystal unfocused
# Start time: 02/28/2023  13:44:46
# Stop time: 02/28/2023  13:45:19
# Total time: 00:33
# Trajectory name: Ru-30s-22117.txt
# Element: Ruthenium ( 44)
# Edge: K
# E0: 22117
# Reference Foil Element: Ru
# Keithley Gains I0: 1E7 V/A It: 1E7 V/A Iref: 1E8 V/A PIPS: 1E7 V/A 
# Ion Chamber Gas Flow Rates: I0: 0.00 sccm He + 9.80 sccm N2 + 89.80 sccm Ar 
# Ion Chamber Gas Flow Rates: It&Iref: 9.80 sccm N2 + 90.10 sccm Ar
# Incident Beam Path Vertical: -27.40 mm
# Incident Slits Positions B: TOP: 0.9999937499999998 mm Bottom: -1.0 mm Inboard: -2.0 mm Outboard: 2.0 mm
# Sample Stage Positions: Rotation: 30.0 deg Horizontal: 0.00 mm Vertical: -5.00 mm Beam Direction: 0.00 mm
# PerkinElmer Vertical Position: 500.00 mm
# Front End Mirror Horizontal Positions: Up: 14.00 mm Down: 14.00 mm
#
# energy  i0  it  ir  iff  aux1  aux2  aux3  aux4
21939.117782 1.292815e+00 1.083580e+00 4.322319e+00 2.055529e-04 -2.441103e-05 1.612110e-06 6.564670e-06 -3.113473e-05
21944.117782 2.559727e+00 2.145605e+00 8.564504e+00 3.899239e-04 -4.743417e-05 1.096922e-05 9.065067e-06 -5.368765e-05
21949.117782 2.581331e+00 2.164123e+00 8.644502e+00 4.035533e-04 -4.801106e-05 -1.847374e-06 5.137765e-06 -4.190438e-05
21954.117782 2.578011e+00 2.161226e+00 8.644497e+00 3.724111e-04 -6.120444e-05 5.214518e-06 2.067308e-06 -3.890496e-05
21959.117782 2.573637e+00 2.157722e+00 8.644555e+00 3.952084e-04 -5.970682e-05 7.482211e-06 -4.600869e-06 -3.080535e-05
21964.117782 2.567151e+00 2.152848e+00 8.644551e+00 3.843899e-04 -4.406007e-05 1.240070e-05 -5.646451e-06 -4.393729e-05
21969.117782 2.567102e+00 2.153011e+00 8.644605e+00 3.844344e-04 -5.274873e-05 9.010692e-06 -1.016442e-05 -5.231627e-05
21974.117782 2.567210e+00 2.153081e+00 8.644454e+00 4.122945e-04 -5.288554e-05 -1.088727e-05 -1.272054e-06 -3.487921e-05
21979.117782 2.564146e+00 2.150778e+00 8.644583e+00 4.117054e-04 -5.159481e-05 -1.632664e-05 -1.264326e-06 -2.842005e-05
21984.117782 2.560088e+00 2.147512e+00 8.644336e+00 4.033548e-04 -3.814708e-05 -1.288343e-05 -5.488563e-06 -3.787704e-05
21989.117782 2.557405e+00 2.145696e+00 8.644540e+00 4.134371e-04 -3.820904e-05 -1.034181e-05 -1.115163e-05 -4.314576e-05
21994.117782 2.554666e+00 2.143558e+00 8.644488e+00 3.871075e-04 -5.047525e-05 -1.579806e-05 1.781943e-06 -4.245630e-05
21999.117782 2.552128e+00 2.141888e+00 8.644617e+00 4.130138e-04 -4.710176e-05 6.121360e-06 -3.246369e-06 -5.067443e-05
22004.117782 2.549550e+00 2.139489e+00 8.644590e+00 4.253537e-04 -5.430258e-05 6.904801e-06 4.616074e-06 -3.707099e-05
22009.117782 2.545323e+00 2.136562e+00 8.644469e+00 4.195399e-04 -6.378332e-05 -6.459755e-06 9.837754e-06 -2.967137e-05
22014.117782 2.542837e+00 2.134538e+00 8.644491e+00 4.150797e-04 -5.395278e-05 3.210242e-08 -2.957353e-06 -3.763307e-05
22019.117782 2.540762e+00 2.132887e+00 8.644628e+00 3.971265e-04 -5.331965e-05 -5.466492e-06 -5.565096e-06 -4.967950e-05
22024.117782 2.538081e+00 2.130889e+00 8.644585e+00 3.862120e-04 -4.696320e-05 -9.919691e-06 -3.148134e-06 -3.885736e-05
22029.117782 2.533219e+00 2.127126e+00 8.644409e+00 4.058646e-04 -4.095990e-05 -7.269964e-06 -5.284607e-06 -4.091844e-05
22034.117782 2.531667e+00 2.125879e+00 8.644482e+00 3.993961e-04 -4.828391e-05 8.474050e-06 -8.140455e-06 -4.667544e-05
22039.117782 2.529573e+00 2.124661e+00 8.644747e+00 4.163051e-04 -5.222340e-05 1.620814e-05 -1.923973e-05 -4.619023e-05
22044.117782 2.525937e+00 2.121794e+00 8.644441e+00 4.305876e-04 -5.216443e-05 1.167619e-05 -1.213486e-05 -4.250494e-05
22049.117782 2.522702e+00 2.119395e+00 8.644455e+00 4.444420e-04 -5.478098e-05 1.389714e-05 -7.653977e-06 -4.409548e-05
22054.117782 2.519680e+00 2.117033e+00 8.644538e+00 4.013875e-04 -4.685542e-05 1.086930e-06 -8.304397e-06 -4.911268e-05
22059.117782 2.516257e+00 2.114379e+00 8.644669e+00 4.098517e-04 -4.962554e-05 7.245727e-06 -1.185576e-05 -8.831457e-05
22064.117782 2.514045e+00 2.112940e+00 8.644562e+00 3.814852e-04 -5.273657e-05 1.297284e-06 -1.407705e-05 -9.154633e-05
22069.117782 2.512493e+00 2.111738e+00 8.644372e+00 4.036777e-04 -5.345967e-05 -9.894957e-06 -1.109227e-05 -8.808395e-05
22074.117782 2.509713e+00 2.109535e+00 8.644620e+00 4.067280e-04 -5.186763e-05 -1.714224e-05 -1.201273e-05 -6.714417e-05
22079.117782 2.506101e+00 2.106565e+00 8.644720e+00 3.989028e-04 -5.042228e-05 -7.282200e-07 -3.643702e-06 -3.776024e-05
22084.117782 2.503927e+00 2.104813e+00 8.644302e+00 3.638992e-04 -3.606479e-05 2.405593e-07 3.374390e-06 -4.121901e-05
22087.000000 2.502420e+00 2.103529e+00 8.644302e+00 4.131841e-04 -4.048007e-05 -4.053290e-06 7.458743e-06 -4.192324e-05
22088.000000 2.501013e+00 2.102348e+00 8.640935e+00 3.358729e-04 -4.471828e-05 -7.497180e-06 1.243803e-05 -3.650719e-05
22089.000000 2.503296e+00 2.104831e+00 8.650692e+00 3.722677e-04 -4.438729e-05 -1.409232e-05 4.125362e-06 -3.369905e-05
22090.000000 2.496793e+00 2.099716e+00 8.630754e+00 2.629528e-04 -4.139497e-05 -1.689832e-05 1.966393e-06 -4.592336e-05
22091.000000 2.504497e+00 2.105653e+00 8.657776e+00 3.983008e-04 -3.566397e-05 -1.768466e-05 6.021043e-06 -2.974718e-05
22092.000000 2.494153e+00 2.097191e+00 8.630970e+00 2.854019e-04 -3.472248e-05 -2.326466e-05 1.406112e-05 -3.039411e-05
22093.000000 2.501876e+00 2.103395e+00 8.650240e+00 4.157371e-04 -3.442783e-05 -1.396139e-05 9.067444e-06 -3.969212e-05
22094.000000 2.502496e+00 2.103527e+00 8.653280e+00 3.258331e-04 -4.427675e-05 -2.440769e-05 1.016675e-05 -3.857635e-05
22094.200000 2.496129e+00 2.097307e+00 8.635633e+00 1.832122e-04 -3.884281e-05 -1.799741e-05 6.739440e-06 -4.624804e-05
22094.400000 2.518133e+00 2.116898e+00 8.706941e+00 4.550936e-04 -4.615224e-05 -1.809078e-05 1.051535e-05 -3.587831e-05
22094.600000 2.408134e+00 2.024979e+00 8.329081e+00 5.547517e-04 -4.305914e-05 -8.308016e-06 4.702535e-06 -2.549482e-05
22094.800000 2.556425e+00 2.148672e+00 8.848553e+00 3.319342e-04 -4.151306e-05 -1.939175e-05 4.500047e-06 -3.290455e-05
22095.000000 2.513711e+00 2.113513e+00 8.711303e+00 5.742475e-04 -4.063834e-05 -2.478799e-06 4.658962e-07 -4.251384e-05
22095.200000 2.463067e+00 2.070784e+00 8.519266e+00 4.596459e-04 -4.545222e-05 -1.432075e-05 1.019402e-05 -4.697734e-05
22095.400000 2.589042e+00 2.177129e+00 8.953722e+00 3.440653e-04 -3.391427e-05 -2.463734e-05 8.901046e-06 -3.559827e-05
22095.600000 2.368523e+00 1.991239e+00 8.200051e+00 3.123758e-04 -3.567304e-05 -2.972547e-05 5.206698e-06 -2.967411e-05
22095.800000 2.537437e+00 2.133459e+00 8.781684e+00 3.308630e-04 -4.266180e-05 -2.103976e-05 1.112529e-05 -4.077055e-05
22096.000000 2.481843e+00 2.087310e+00 8.597066e+00 1.371325e-04 -4.133809e-05 -1.531147e-05 9.880351e-06 -4.208231e-05
22096.200000 2.497203e+00 2.100439e+00 8.628085e+00 2.309351e-04 -4.019676e-05 -1.751067e-05 6.729050e-06 -4.150207e-05
22096.400000 2.515862e+00 2.115598e+00 8.710307e+00 3.281665e-04 -4.173498e-05 -1.825034e-05 5.486108e-06 -4.484520e-05
22096.600000 2.484569e+00 2.088391e+00 8.591961e+00 3.024681e-04 -4.304929e-05 -2.391579e-05 6.522879e-06 -3.834295e-05
22096.800000 2.551932e+00 2.144836e+00 8.854954e+00 2.946043e-04 -4.359799e-05 -3.851532e-05 -7.645734e-06 -4.924694e-05
22097.000000 2.373311e+00 1.995766e+00 8.227757e+00 5.467676e-04 -3.879026e-05 -2.544030e-05 -7.074701e-06 -4.374009e-05
22097.200000 2.572483e+00 2.163711e+00 8.894821e+00 3.999720e-04 -4.070538e-05 -2.496429e-05 -1.157244e-05 -4.573891e-05
22097.400000 2.460142e+00 2.067752e+00 8.525234e+00 2.468701e-04 -2.774932e-05 -1.639172e-05 1.380425e-05 -4.738349e-05
22097.600000 2.483937e+00 2.088919e+00 8.592273e+00 3.495902e-04 -3.641776e-05 -2.210076e-05 3.949125e-06 -4.923640e-05
22097.800000 2.540440e+00 2.135390e+00 8.799999e+00 4.040432e-04 -4.305820e-05 -1.351796e-05 5.018859e-06 -5.233675e-05
22098.000000 2.495661e+00 2.097799e+00 8.640408e+00 4.238134e-04 -4.571011e-05 -1.676521e-05 2.345295e-05 -4.667768e-05
22098.200000 2.489718e+00 2.094094e+00 8.607777e+00 5.164942e-04 -4.957350e-05 -9.639633e-06 1.354586e-05 -5.177827e-05
22098.400000 2.495261e+00 2.098441e+00 8.655128e+00 2.809631e-04 -5.731966e-05 -3.395695e-05 1.963625e-05 -4.660712e-05
22098.600000 2.501488e+00 2.103004e+00 8.654877e+00 4.645405e-04 -5.373632e-05 -2.994862e-05 5.744917e-06 -5.424892e-05
22098.800000 2.495972e+00 2.098836e+00 8.624723e+00 5.791194e-04 -4.462013e-05 -2.254656e-05 1.681110e-05 -5.473699e-05
22099.000000 2.499786e+00 2.101406e+00 8.668271e+00 4.162486e-04 -4.472846e-05 -1.749991e-05 1.760896e-05 -4.330994e-05
22099.200000 2.544708e+00 2.139855e+00 8.794698e+00 3.195864e-04 -6.604364e-05 -2.703449e-05 -8.124963e-06 -4.896435e-05
22099.400000 2.507351e+00 2.108491e+00 8.679707e+00 2.905208e-04 -4.991399e-05 -1.856705e-05 9.862133e-06 -3.793789e-05
22099.600000 2.494859e+00 2.097151e+00 8.632089e+00 2.089751e-04 -4.867193e-05 -8.427778e-06 2.093110e-05 -3.853154e-05
22099.800000 2.577685e+00 2.166605e+00 8.938986e+00 3.627080e-04 -5.359461e-05 -1.243700e-05 1.352986e-05 -2.917784e-05
22100.000000 2.228387e+00 1.872208e+00 7.735332e+00 5.492230e-04 -4.885110e-05 -1.837449e-05 5.783859e-07 -3.504056e-05
22100.200000 2.567382e+00 2.159292e+00 8.885246e+00 3.642270e-04 -5.546184e-05 -1.441503e-05 1.757341e-05 -3.348492e-05
22100.400000 2.494718e+00 2.099054e+00 8.622253e+00 4.577177e-04 -5.233083e-05 -1.046489e-05 1.728953e-05 -2.013272e-05
22100.600000 2.541958e+00 2.136334e+00 8.800974e+00 4.156661e-04 -5.852996e-05 -1.127223e-05 6.127350e-06 -2.390628e-05
22100.800000 2.530870e+00 2.127514e+00 8.767537e+00 2.959664e-04 -5.612649e-05 -1.310453e-05 1.224657e-05 -2.083989e-05
22101.000000 2.502726e+00 2.104585e+00 8.681619e+00 5.186288e-04 -6.181228e-05 -2.068852e-05 3.742883e-05 -1.434470e-05
22101.200000 2.438670e+00 2.049187e+00 8.425752e+00 3.338163e-04 -5.622909e-05 -1.884963e-05 1.497556e-05 -1.499948e-05
22101.400000 2.611400e+00 2.196082e+00 9.066454e+00 4.657782e-04 -6.461716e-05 -2.831332e-05 -7.437845e-06 -3.242979e-05
22101.600000 2.540855e+00 2.137506e+00 8.793089e+00 4.149732e-04 -5.263185e-05 -2.889328e-05 9.965543e-06 -3.564894e-05
22101.800000 2.408162e+00 2.024850e+00 8.339470e+00 4.321608e-04 -5.500871e-05 -8.684809e-06 4.427503e-06 -5.149025e-05
22102.000000 2.522255e+00 2.120216e+00 8.747123e+00 3.165266e-04 -6.370390e-05 -8.154588e-06 1.122486e-05 -4.596931e-05
22102.200000 2.506051e+00 2.107094e+00 8.676442e+00 2.995253e-04 -6.622666e-05 -1.210788e-05 -8.453078e-07 -3.370492e-05
22102.400000 2.473445e+00 2.081927e+00 8.585008e+00 3.442840e-04 -5.957744e-05 -6.678867e-06 -5.483702e-06 -3.602582e-05
22102.600000 2.505656e+00 2.107717e+00 8.676866e+00 4.563714e-04 -5.888534e-05 -2.310143e-05 -1.850411e-05 -3.972474e-05
22102.800000 2.488304e+00 2.092881e+00 8.635966e+00 4.160734e-04 -4.831599e-05 -2.204999e-05 -1.645843e-05 -2.136496e-05
22103.000000 2.486947e+00 2.091679e+00 8.617320e+00 5.800854e-04 -4.373349e-05 -2.241699e-05 -2.567405e-05 -3.010890e-05
22103.200000 2.506959e+00 2.109455e+00 8.697883e+00 3.521620e-04 -5.142595e-05 -1.446560e-05 -1.617622e-05 -2.859417e-05
22103.400000 2.459701e+00 2.069149e+00 8.541970e+00 1.548555e-04 -4.936101e-05 -1.112148e-05 -7.037227e-06 -2.882200e-05
22103.600000 2.509464e+00 2.109354e+00 8.687537e+00 1.472659e-04 -5.118383e-05 -1.928899e-05 -3.957372e-08 -3.963418e-05
22103.800000 2.492137e+00 2.095519e+00 8.647308e+00 3.269826e-04 -4.080603e-05 -7.765074e-06 3.094591e-07 -4.965940e-05
22104.000000 2.495487e+00 2.098022e+00 8.644661e+00 4.458587e-04 -4.496513e-05 -6.428049e-06 2.845921e-06 -4.455106e-05
22104.200000 2.483737e+00 2.088581e+00 8.616196e+00 5.006191e-04 -3.676688e-05 -8.899866e-06 -7.186960e-06 -4.744198e-05
22104.400000 2.539419e+00 2.136907e+00 8.805686e+00 4.369505e-04 -4.416103e-05 -1.987020e-05 -9.915470e-06 -4.543102e-05
22104.600000 2.481173e+00 2.088510e+00 8.612986e+00 2.178540e-04 -4.824911e-05 -2.153095e-05 -1.700372e-05 -4.914328e-05
22104.800000 2.465629e+00 2.074080e+00 8.552844e+00 2.806815e-04 -4.676802e-05 -2.517275e-05 -9.753170e-06 -4.501184e-05
22105.000000 2.498152e+00 2.100933e+00 8.658468e+00 1.582878e-04 -5.489437e-05 -3.317018e-05 3.820924e-06 -2.962564e-05
22105.200000 2.480854e+00 2.085989e+00 8.624956e+00 2.655060e-04 -5.969314e-05 -2.465757e-05 3.283524e-06 -2.745724e-05
22105.400000 2.486171e+00 2.089908e+00 8.606816e+00 4.517258e-04 -5.536113e-05 -3.910828e-05 -7.666080e-06 -3.544241e-05
22105.600000 2.494196e+00 2.097856e+00 8.670084e+00 3.726647e-04 -6.033969e-05 -3.254102e-05 -9.046035e-06 -3.423833e-05
22105.800000 2.488493e+00 2.092396e+00 8.627134e+00 4.050121e-04 -5.449168e-05 -1.667012e-05 6.446710e-06 -2.584286e-05
22106.000000 2.525399e+00 2.123729e+00 8.771745e+00 3.956893e-04 -5.199786e-05 -1.650691e-05 -6.937477e-07 -2.774367e-05
22106.200000 2.511101e+00 2.111968e+00 8.713973e+00 6.479975e-04 -5.266385e-05 -1.434796e-05 5.517981e-06 -2.850695e-05
22106.400000 2.350909e+00 1.977564e+00 8.145632e+00 3.523082e-04 -5.764964e-05 -1.151353e-05 2.653464e-06 -3.293742e-05
22106.600000 2.529660e+00 2.126828e+00 8.784867e+00 3.795331e-04 -5.757663e-05 -2.220298e-05 1.226759e-06 -4.100511e-05
22106.800000 2.484458e+00 2.089365e+00 8.606558e+00 3.395815e-04 -5.676494e-05 -1.640065e-05 2.592223e-05 -2.814930e-05
22107.000000 2.491183e+00 2.094026e+00 8.643625e+00 3.508832e-04 -4.948678e-05 -1.364271e-05 9.608233e-06 -3.052343e-05
22107.200000 2.472085e+00 2.078201e+00 8.575986e+00 2.943651e-04 -4.510911e-05 -3.818399e-06 1.535709e-06 -3.684202e-05
22107.400000 2.512171e+00 2.113679e+00 8.716171e+00 4.855379e-04 -5.255010e-05 -3.494400e-06 -4.035274e-06 -3.776058e-05
22107.600000 2.495992e+00 2.099614e+00 8.658234e+00 3.071228e-04 -5.347960e-05 -2.527232e-05 -3.602677e-06 -5.074527e-05
22107.800000 2.479718e+00 2.084093e+00 8.613306e+00 3.482307e-04 -5.650764e-05 -1.071285e-05 -4.970109e-06 -5.018310e-05
22108.000000 2.497825e+00 2.099916e+00 8.677836e+00 3.156990e-04 -5.206372e-05 -1.771943e-05 1.711427e-05 -3.384443e-05
22108.200000 2.500759e+00 2.103598e+00 8.672195e+00 3.805712e-04 -4.366892e-05 -2.253609e-05 3.300590e-05 -4.553971e-05
22108.400000 2.497443e+00 2.102294e+00 8.690566e+00 5.182443e-04 -3.756864e-05 -2.293313e-05 8.034249e-06 -6.264633e-05
22108.600000 2.439220e+00 2.051235e+00 8.454912e+00 4.600210e-04 -3.983459e-05 -2.242142e-05 7.872594e-06 -5.421194e-05
22108.800000 2.510184e+00 2.109946e+00 8.703976e+00 1.998158e-04 -3.798795e-05 -1.940567e-05 1.365877e-05 -6.580186e-05
22109.000000 2.498633e+00 2.101015e+00 8.674204e+00 4.073527e-04 -4.729134e-05 -2.325244e-06 1.388853e-05 -5.878176e-05
22109.200000 2.489595e+00 2.092925e+00 8.640374e+00 2.403796e-04 -4.784363e-05 -9.481896e-06 1.341999e-05 -4.998419e-05
22109.400000 2.501898e+00 2.104089e+00 8.687834e+00 4.068620e-04 -4.793142e-05 -9.722815e-06 2.383993e-05 -4.939314e-05
22109.600000 2.517982e+00 2.117270e+00 8.754074e+00 5.412678e-04 -5.205390e-05 -1.304493e-05 9.364790e-06 -5.554535e-05
22109.800000 2.410815e+00 2.028435e+00 8.379787e+00 3.821965e-04 -5.323908e-05 -1.630624e-05 1.788131e-06 -4.873801e-05
22110.000000 2.517512e+00 2.117222e+00 8.739424e+00 3.898190e-04 -4.360143e-05 -2.160313e-05 1.020191e-05 -4.561653e-05
22110.200000 2.520906e+00 2.120796e+00 8.757435e+00 2.557405e-04 -2.577703e-05 -1.411515e-05 -2.218434e-06 -4.554850e-05
22110.400000 2.337845e+00 1.965091e+00 8.114497e+00 3.280777e-04 -2.797141e-05 -1.074662e-05 4.300606e-06 -3.893645e-05
22110.600000 2.566839e+00 2.159011e+00 8.923660e+00 3.894841e-04 -4.247334e-05 -4.283325e-06 -1.048323e-06 -3.889347e-05
22110.800000 2.508439e+00 2.109899e+00 8.707597e+00 5.044973e-04 -5.022675e-05 -5.817642e-06 1.434141e-05 -3.674247e-05
22111.000000 2.451567e+00 2.062251e+00 8.538455e+00 6.196039e-04 -4.527156e-05 -1.422717e-05 -7.431456e-07 -3.478423e-05
22111.200000 2.518203e+00 2.118952e+00 8.752979e+00 2.763293e-04 -4.270198e-05 -1.289181e-05 -4.828857e-06 -3.585783e-05
22111.400000 2.511854e+00 2.113481e+00 8.733379e+00 3.430529e-04 -5.021841e-05 -5.393158e-06 -5.118758e-06 -3.054308e-05
22111.600000 2.423145e+00 2.037236e+00 8.401663e+00 4.612568e-04 -4.223657e-05 1.475148e-06 1.322640e-05 -1.353634e-05
22111.800000 2.501137e+00 2.103393e+00 8.698176e+00 4.002033e-04 -5.303249e-05 -4.109308e-06 -1.377022e-05 -2.993945e-05
22112.000000 2.492717e+00 2.095988e+00 8.648741e+00 5.183364e-04 -5.401927e-05 -6.810151e-06 -1.377457e-05 -3.626456e-05
22112.200000 2.476751e+00 2.083410e+00 8.611843e+00 2.943078e-04 -5.159891e-05 -1.702799e-05 -3.353078e-06 -2.665970e-05
22112.400000 2.503834e+00 2.106749e+00 8.694674e+00 3.568142e-04 -4.467979e-05 2.782105e-07 1.067883e-05 -1.882792e-05
22112.600000 2.497032e+00 2.100770e+00 8.676704e+00 3.288046e-04 -3.762058e-05 -1.177938e-06 -3.687001e-06 -3.041963e-05
22112.800000 2.461525e+00 2.071417e+00 8.555268e+00 4.795420e-04 -4.445353e-05 -7.813506e-06 6.466925e-06 -2.680147e-05
22113.000000 2.502205e+00 2.105335e+00 8.699203e+00 5.416258e-04 -5.427659e-05 -6.663735e-06 1.106078e-05 -3.374197e-05
22113.200000 2.493188e+00 2.097773e+00 8.664210e+00 4.579314e-04 -6.016732e-05 -3.315112e-07 3.690304e-06 -2.240850e-05
22113.400000 2.458766e+00 2.069128e+00 8.587388e+00 4.403672e-04 -5.506254e-05 -1.523407e-06 -2.989649e-06 -2.075150e-05
22113.600000 2.485734e+00 2.091240e+00 8.638410e+00 2.597103e-04 -5.629972e-05 1.479416e-06 -1.476193e-05 -2.832032e-05
22113.800000 2.503923e+00 2.104696e+00 8.692274e+00 3.746266e-04 -6.234513e-05 -5.539174e-06 2.625400e-06 -3.874965e-05
22114.000000 2.494382e+00 2.098153e+00 8.668729e+00 5.382407e-04 -4.987927e-05 -1.601697e-06 8.006378e-06 -3.299721e-05
22114.200000 2.515207e+00 2.116464e+00 8.747381e+00 2.647972e-04 -4.411081e-05 -7.420135e-06 3.800170e-07 -3.786769e-05
22114.400000 2.427186e+00 2.043445e+00 8.432540e+00 2.249015e-04 -4.753929e-05 -9.342725e-06 9.863153e-06 -3.553368e-05
22114.600000 2.508659e+00 2.110554e+00 8.728411e+00 4.430742e-04 -4.645942e-05 -4.478080e-06 -6.563780e-06 -4.604542e-05
22114.800000 2.468105e+00 2.075746e+00 8.573703e+00 4.605751e-04 -3.503444e-05 5.682115e-06 -1.113507e-05 -4.812478e-05
22115.000000 2.571950e+00 2.163722e+00 8.923733e+00 3.131878e-04 -4.820385e-05 2.327153e-06 -7.283007e-06 -3.720617e-05
22115.200000 2.293400e+00 1.929382e+00 7.966963e+00 3.598321e-04 -4.591835e-05 -4.282343e-06 -6.731798e-06 -4.764609e-05
22115.400000 2.580620e+00 2.169616e+00 8.969206e+00 4.377745e-04 -5.652128e-05 2.237783e-06 6.355543e-06 -5.012734e-05
22115.600000 2.482058e+00 2.087530e+00 8.635343e+00 5.642819e-04 -5.719184e-05 -1.488029e-05 -3.187377e-06 -4.126346e-05
22115.800000 2.483902e+00 2.090740e+00 8.633208e+00 4.231348e-04 -6.131809e-05 -4.913181e-06 -5.579049e-06 -3.949048e-05
22116.000000 2.492555e+00 2.096991e+00 8.669421e+00 5.726617e-04 -6.171547e-05 -5.593014e-06 1.153560e-05 -3.849848e-05
22116.200000 2.491543e+00 2.095361e+00 8.649116e+00 3.122934e-04 -5.435534e-05 -2.229362e-06 1.693208e-05 -3.088329e-05
22116.400000 2.500956e+00 2.104138e+00 8.701329e+00 3.971720e-04 -5.324837e-05 5.009651e-09 4.292109e-06 -4.098463e-05
22116.600000 2.512656e+00 2.115092e+00 8.749119e+00 5.499807e-04 -6.331261e-05 -1.121133e-05 -6.105524e-06 -3.821233e-05
22116.800000 2.529235e+00 2.129380e+00 8.797835e+00 6.267416e-04 -5.576912e-05 -7.896122e-06 5.073896e-06 -3.366014e-05
22117.000000 2.474112e+00 2.081606e+00 8.604211e+00 4.728509e-04 -5.400621e-05 3.228991e-06 2.194985e-05 -3.121777e-05
22117.200000 2.554755e+00 2.151100e+00 8.889922e+00 6.333128e-04 -6.118255e-05 -2.229469e-06 3.172278e-05 -2.587861e-05
22117.400000 2.406433e+00 2.026134e+00 8.363753e+00 5.215517e-04 -5.667832e-05 1.353959e-06 1.120202e-05 -2.368994e-05
22117.600000 2.511006e+00 2.112943e+00 8.748048e+00 2.978380e-04 -5.700238e-05 -3.453619e-06 9.620585e-06 -3.521785e-05
22117.800000 2.507056e+00 2.108939e+00 8.720012e+00 4.662901e-04 -6.029659e-05 -1.227736e-05 1.061603e-05 -3.703493e-05
22118.000000 2.452210e+00 2.062090e+00 8.524805e+00 5.108814e-04 -6.318752e-05 -1.573339e-05 7.813531e-06 -4.095113e-05
22118.200000 2.481788e+00 2.088201e+00 8.656656e+00 3.721299e-04 -5.518092e-05 -1.675503e-05 1.849072e-05 -3.396751e-05
22118.400000 2.492997e+00 2.097457e+00 8.678562e+00 4.277644e-04 -4.969611e-05 -1.970593e-05 1.422005e-05 -3.140822e-05
22118.600000 2.486586e+00 2.091960e+00 8.656755e+00 5.746259e-04 -5.420457e-05 -1.881188e-05 1.283463e-05 -3.168839e-05
22118.800000 2.560255e+00 2.154794e+00 8.907197e+00 3.487107e-04 -5.248661e-05 -2.031172e-05 2.505493e-05 -2.884662e-05
22119.000000 2.336869e+00 1.967194e+00 8.139137e+00 1.805306e-04 -4.992337e-05 -1.964950e-05 2.956486e-06 -3.289425e-05
22119.200000 2.521985e+00 2.123755e+00 8.790711e+00 2.012022e-04 -5.533234e-05 -1.226353e-05 1.172750e-05 -3.880453e-05
22119.400000 2.445695e+00 2.059123e+00 8.502617e+00 5.513717e-04 -5.529467e-05 -4.152364e-06 2.325412e-06 -4.355973e-05
22119.600000 2.536385e+00 2.134239e+00 8.829088e+00 3.854957e-04 -5.666737e-05 6.577349e-07 7.548034e-06 -3.375334e-05
22119.800000 2.473058e+00 2.080651e+00 8.616281e+00 1.940280e-04 -5.093958e-05 -9.340092e-06 -2.240066e-07 -4.796977e-05
22120.000000 2.447307e+00 2.059075e+00 8.526394e+00 4.894896e-04 -4.651712e-05 -1.071145e-06 3.562380e-06 -4.787668e-05
22120.200000 2.480918e+00 2.087823e+00 8.636564e+00 4.875808e-04 -4.428701e-05 -3.902566e-06 7.284160e-06 -3.286266e-05
22120.400000 2.481815e+00 2.087642e+00 8.640515e+00 4.887458e-04 -4.374415e-05 -5.813359e-06 7.076459e-06 -2.913192e-05
22120.600000 2.498780e+00 2.104183e+00 8.713252e+00 4.322608e-04 -5.457401e-05 -1.010712e-05 8.970997e-06 -4.578376e-05
22120.800000 2.434670e+00 2.048912e+00 8.474197e+00 3.316946e-04 -5.090535e-05 -1.248134e-06 3.359354e-05 -3.651342e-05
22121.000000 2.499332e+00 2.103981e+00 8.707672e+00 5.975775e-04 -4.828037e-05 -1.179084e-05 3.042314e-05 -3.562268e-05
22121.200000 2.484479e+00 2.091060e+00 8.654043e+00 4.863496e-04 -5.392198e-05 -4.642045e-06 8.255207e-06 -4.670367e-05
22121.400000 2.506367e+00 2.109996e+00 8.730668e+00 4.657308e-04 -5.719635e-05 -3.326042e-07 1.429062e-05 -5.141121e-05
22121.600000 2.412813e+00 2.031565e+00 8.406382e+00 4.153469e-04 -4.879541e-05 6.520700e-06 4.488814e-06 -5.092340e-05
22121.800000 2.499642e+00 2.103097e+00 8.718168e+00 4.862735e-04 -5.597192e-05 8.170734e-06 2.056355e-05 -5.777200e-05
22122.000000 2.481702e+00 2.088272e+00 8.652083e+00 5.922002e-04 -5.953094e-05 6.200981e-06 1.697125e-05 -5.520968e-05
22122.200000 2.483670e+00 2.090208e+00 8.651080e+00 4.595187e-04 -5.918499e-05 2.774723e-06 6.616284e-06 -4.553104e-05
22122.400000 2.476823e+00 2.083668e+00 8.625151e+00 4.883192e-04 -5.744395e-05 -4.366784e-06 1.551624e-05 -3.462492e-05
22122.600000 2.479850e+00 2.085200e+00 8.649361e+00 3.788493e-04 -5.868572e-05 -6.572187e-06 2.448538e-05 -3.421826e-05
22122.800000 2.480650e+00 2.087226e+00 8.648270e+00 4.739762e-04 -5.545769e-05 4.044436e-06 1.429407e-05 -2.239910e-05
22123.000000 2.492089e+00 2.097430e+00 8.677735e+00 4.767890e-04 -5.124480e-05 -8.569811e-07 7.233862e-06 -3.771342e-05
22123.200000 2.506674e+00 2.109970e+00 8.735008e+00 5.555954e-04 -4.696898e-05 -6.166724e-06 6.844190e-06 -3.447275e-05
22123.400000 2.400260e+00 2.019346e+00 8.353251e+00 4.665643e-04 -4.510024e-05 1.803233e-06 5.177919e-06 -2.862806e-05
22123.600000 2.493747e+00 2.098724e+00 8.682322e+00 4.309567e-04 -5.692849e-05 5.896123e-06 2.599179e-06 -3.885493e-05
22123.800000 2.498047e+00 2.102309e+00 8.697364e+00 3.731136e-04 -5.259647e-05 4.420566e-06 1.232073e-05 -4.073066e-05
22124.000000 2.478689e+00 2.085634e+00 8.611884e+00 5.400598e-04 -4.167308e-05 -2.911015e-06 -1.071975e-05 -5.706191e-05
22124.200000 2.393013e+00 2.013523e+00 8.298134e+00 6.654289e-04 -5.117058e-05 -3.761477e-06 -9.468774e-06 -5.666260e-05
22124.400000 2.545185e+00 2.142897e+00 8.787648e+00 4.510720e-04 -5.424997e-05 1.820034e-06 1.105930e-05 -4.348630e-05
22124.600000 2.442039e+00 2.056811e+00 8.385176e+00 5.728174e-04 -4.582520e-05 -8.569010e-06 1.177321e-05 -3.606294e-05
22124.800000 2.491632e+00 2.096827e+00 8.466477e+00 4.423956e-04 -3.796190e-05 -2.395647e-06 8.111238e-06 -3.594506e-05
22125.000000 2.498653e+00 2.102148e+00 8.403579e+00 4.850207e-04 -4.275837e-05 -5.824171e-06 6.396683e-06 -3.654559e-05
22125.200000 2.512499e+00 2.114463e+00 8.378789e+00 5.646274e-04 -6.070029e-05 -7.870305e-06 1.440786e-05 -3.131513e-05
22125.400000 2.320045e+00 1.952219e+00 7.669127e+00 4.538893e-04 -5.856443e-05 -4.301878e-06 7.136270e-06 -2.443772e-05
22125.600000 2.577365e+00 2.169696e+00 8.444271e+00 5.449588e-04 -6.260737e-05 -1.442698e-05 1.910179e-06 -2.680351e-05
22125.800000 2.519671e+00 2.119502e+00 8.175186e+00 6.030804e-04 -7.521137e-05 -6.044418e-06 -1.361050e-06 -3.590649e-05
22126.000000 2.497138e+00 2.101779e+00 8.008023e+00 4.932864e-04 -6.426634e-05 -9.033312e-07 1.392738e-05 -3.023796e-05
22126.200000 2.476580e+00 2.084170e+00 7.867992e+00 4.388801e-04 -5.441357e-05 -1.225671e-05 2.168094e-05 -3.451414e-05
22126.400000 2.479601e+00 2.086431e+00 7.807183e+00 4.398236e-04 -4.724284e-05 -1.579333e-05 3.169805e-05 -3.402042e-05
22126.600000 2.478018e+00 2.085324e+00 7.749049e+00 3.944901e-04 -5.379886e-05 -5.940959e-06 3.334244e-05 -3.245603e-05
22126.800000 2.491152e+00 2.096719e+00 7.710471e+00 4.366913e-04 -5.881352e-05 4.016830e-06 3.131305e-05 -3.351829e-05
22127.000000 2.431423e+00 2.045646e+00 7.459296e+00 5.168350e-04 -6.705992e-05 -3.922866e-08 1.274669e-05 -3.784704e-05
22127.200000 2.501595e+00 2.106277e+00 7.602513e+00 4.940452e-04 -5.034559e-05 -2.840869e-06 3.148228e-05 -4.036419e-05
22127.400000 2.479051e+00 2.086642e+00 7.455155e+00 5.529434e-04 -4.700206e-05 -1.268294e-05 3.456309e-05 -2.920717e-05
22127.600000 2.478421e+00 2.085598e+00 7.394872e+00 4.512500e-04 -5.683323e-05 -1.871807e-05 2.390181e-05 -2.172416e-05
22127.800000 2.481524e+00 2.088143e+00 7.330145e+00 4.564932e-04 -5.185814e-05 -1.853486e-05 1.996500e-05 -1.916956e-05
22128.000000 2.500275e+00 2.105116e+00 7.310952e+00 4.757165e-04 -4.555936e-05 -1.861916e-05 2.315576e-05 -2.424059e-05
22128.200000 2.449353e+00 2.063035e+00 7.094339e+00 5.343416e-04 -4.450258e-05 -1.902089e-05 7.532622e-05 -2.817509e-06
22128.400000 2.486733e+00 2.093625e+00 7.127475e+00 5.671591e-04 -4.891089e-05 -2.335911e-05 3.122156e-05 -3.398685e-05
22128.600000 2.475753e+00 2.083265e+00 7.027664e+00 5.164600e-04 -3.978690e-05 -1.597267e-05 5.122853e-05 -1.370110e-05
22128.800000 2.489568e+00 2.094983e+00 6.986891e+00 3.218647e-04 -5.021674e-05 -9.352567e-06 5.319527e-05 -2.930968e-05
22129.000000 2.480471e+00 2.087635e+00 6.898040e+00 4.714369e-04 -4.420486e-05 -1.251036e-05 4.289069e-05 -4.228356e-05
22129.200000 2.455429e+00 2.067746e+00 6.766341e+00 5.368445e-04 -4.609575e-05 -9.949806e-06 3.352709e-05 -4.161840e-05
22129.400000 2.484569e+00 2.092215e+00 6.771364e+00 5.433853e-04 -5.077759e-05 -1.170834e-06 1.792148e-05 -4.602122e-05
22129.600000 2.485094e+00 2.092105e+00 6.697292e+00 4.602592e-04 -4.166081e-05 -4.287155e-06 1.701090e-05 -4.057124e-05
22129.800000 2.476665e+00 2.085119e+00 6.612431e+00 4.104817e-04 -4.862925e-05 -1.028300e-05 1.126810e-05 -4.472501e-05
22130.000000 2.487002e+00 2.093856e+00 6.561131e+00 7.028070e-04 -4.794043e-05 -1.102226e-05 3.142087e-05 -4.655748e-05
22130.200000 2.496009e+00 2.100834e+00 6.512379e+00 5.679246e-04 -5.113419e-05 -1.227142e-05 2.655925e-05 -4.325291e-05
22130.400000 2.570054e+00 2.163166e+00 6.631755e+00 4.945491e-04 -3.117903e-05 -1.751664e-05 3.232597e-05 -3.918993e-05
22130.600000 2.121246e+00 1.785216e+00 5.404084e+00 5.198031e-04 -2.765054e-05 -2.051732e-05 3.638397e-05 -3.156950e-05
22130.800000 2.637810e+00 2.220780e+00 6.643879e+00 4.979317e-04 -3.974311e-05 2.456933e-06 2.630955e-05 -4.398622e-05
22131.000000 2.487993e+00 2.095185e+00 6.182122e+00 5.111591e-04 -3.770187e-05 1.510256e-05 2.985421e-05 -3.157094e-05
22131.200000 2.464694e+00 2.074520e+00 6.059099e+00 4.769274e-04 -3.810935e-05 -4.149648e-06 2.432602e-05 -3.082565e-05
22131.400000 2.481721e+00 2.089089e+00 6.036442e+00 5.001933e-04 -3.434394e-05 -1.498191e-05 1.308929e-05 -3.695237e-05
22131.600000 2.493166e+00 2.099730e+00 5.992155e+00 5.759491e-04 -2.715659e-05 7.018054e-07 5.776873e-06 -3.789843e-05
22131.800000 2.457168e+00 2.069027e+00 5.837147e+00 3.166095e-04 -2.778243e-05 9.770693e-06 -1.288683e-06 -5.210694e-05
22132.000000 2.482373e+00 2.089550e+00 5.817403e+00 4.761339e-04 -4.055530e-05 1.708723e-05 8.014067e-06 -5.131978e-05
22132.200000 2.471414e+00 2.081342e+00 5.741713e+00 5.533637e-04 -4.374206e-05 1.739194e-05 1.727598e-06 -5.828343e-05
22132.400000 2.471667e+00 2.080209e+00 5.671757e+00 5.086387e-04 -4.580670e-05 2.230013e-06 6.678740e-06 -6.480828e-05
22132.600000 2.480437e+00 2.087972e+00 5.632304e+00 4.744433e-04 -4.192294e-05 -1.231593e-06 1.628838e-05 -9.719153e-05
22132.800000 2.476290e+00 2.084966e+00 5.557884e+00 5.067300e-04 -3.900091e-05 -1.166694e-05 1.687485e-05 -7.122719e-05
22133.000000 2.477075e+00 2.084968e+00 5.502024e+00 5.426652e-04 -3.814919e-05 -2.521596e-06 1.341732e-05 -5.833232e-05
22133.200000 2.477829e+00 2.086073e+00 5.427577e+00 4.838637e-04 -4.102046e-05 -4.570229e-06 2.861160e-05 -5.521434e-05
22133.400000 2.471216e+00 2.081125e+00 5.356783e+00 5.261835e-04 -4.208153e-05 5.217252e-06 4.771742e-05 -4.487738e-05
22133.600000 2.476992e+00 2.085260e+00 5.317215e+00 5.165270e-04 -4.354764e-05 4.255076e-06 4.186356e-05 -4.056909e-05
22133.800000 2.476821e+00 2.085221e+00 5.267783e+00 5.124184e-04 -3.911271e-05 -3.157624e-07 1.770264e-05 -5.449254e-05
22134.000000 2.475423e+00 2.084386e+00 5.206712e+00 4.655730e-04 -3.977860e-05 -7.583508e-06 9.352764e-06 -4.766951e-05
22134.200000 2.476643e+00 2.085050e+00 5.154839e+00 4.512488e-04 -4.836074e-05 -1.146285e-05 3.375311e-06 -5.154437e-05
22134.400000 2.475846e+00 2.084197e+00 5.091220e+00 5.372477e-04 -3.802787e-05 6.915165e-07 5.325084e-06 -4.643216e-05
22134.600000 2.477140e+00 2.085555e+00 5.043472e+00 5.911837e-04 -4.060832e-05 3.797917e-07 -1.402736e-05 -5.097780e-05
22134.800000 2.475741e+00 2.084523e+00 4.996884e+00 5.363606e-04 -3.633034e-05 7.434229e-06 -3.073970e-07 -4.500944e-05
22135.000000 2.478908e+00 2.087746e+00 4.951808e+00 6.236561e-04 -4.256289e-05 -5.954044e-06 -3.738762e-06 -5.637114e-05
22135.200000 2.495396e+00 2.101463e+00 4.929693e+00 5.904930e-04 -3.509007e-05 -1.003614e-05 -1.922598e-05 -5.809187e-05
22135.400000 2.415231e+00 2.033976e+00 4.745547e+00 3.944650e-04 -3.277601e-05 -1.135238e-06 8.718430e-06 -4.458186e-05
22135.600000 2.478691e+00 2.086855e+00 4.826247e+00 5.962561e-04 -3.436463e-05 -9.461234e-06 -6.073717e-06 -4.751835e-05
22135.800000 2.481614e+00 2.090030e+00 4.795286e+00 5.004699e-04 -3.560845e-05 -1.407101e-05 2.449374e-06 -4.603338e-05
22136.000000 2.492961e+00 2.099198e+00 4.773242e+00 5.262872e-04 -4.031058e-05 -1.501283e-05 2.960541e-06 -4.187229e-05
22136.200000 2.442753e+00 2.056588e+00 4.632047e+00 5.302021e-04 -3.083284e-05 -1.252284e-05 -2.607733e-06 -3.954672e-05
22136.400000 2.434666e+00 2.050562e+00 4.584659e+00 4.327792e-04 -4.085296e-05 -1.480608e-05 4.815836e-06 -3.251384e-05
22136.600000 2.488723e+00 2.095400e+00 4.645085e+00 4.753850e-04 -4.662311e-05 -1.024968e-05 2.111007e-05 -3.318052e-05
22136.800000 2.474507e+00 2.083738e+00 4.587372e+00 4.861546e-04 -4.652951e-05 -1.436029e-05 2.419111e-05 -3.562885e-05
22137.000000 2.474581e+00 2.083470e+00 4.551275e+00 5.097195e-04 -4.320755e-05 -7.633852e-06 1.918389e-05 -3.332043e-05
22137.200000 2.475560e+00 2.084373e+00 4.527310e+00 4.746476e-04 -3.796732e-05 1.559812e-06 1.374317e-05 -4.318133e-05
22137.400000 2.483143e+00 2.089910e+00 4.512631e+00 5.105835e-04 -4.732504e-05 -1.000659e-05 2.030838e-05 -4.501999e-05
22137.600000 2.470349e+00 2.079421e+00 4.468210e+00 6.014550e-04 -5.221591e-05 -1.495552e-05 2.556454e-05 -4.200244e-05
22137.800000 2.473795e+00 2.082439e+00 4.451593e+00 5.791488e-04 -5.939270e-05 -1.190958e-05 2.987716e-05 -4.707845e-05
22138.000000 2.467607e+00 2.077483e+00 4.417713e+00 5.858798e-04 -6.167466e-05 -1.969224e-06 1.865891e-05 -4.687132e-05
22138.200000 2.482746e+00 2.089002e+00 4.420823e+00 5.226632e-04 -5.581657e-05 1.960191e-06 9.672831e-06 -4.366682e-05
22138.400000 2.463977e+00 2.073509e+00 4.379675e+00 5.297330e-04 -4.727053e-05 5.397754e-07 1.593124e-05 -5.173748e-05
22138.600000 2.476892e+00 2.085905e+00 4.386824e+00 5.727743e-04 -5.275605e-05 6.387893e-06 9.639988e-06 -5.157205e-05
22138.800000 2.472156e+00 2.081798e+00 4.368748e+00 5.713930e-04 -5.850752e-05 1.173316e-05 3.926097e-06 -5.754124e-05
22139.000000 2.474741e+00 2.083622e+00 4.356971e+00 5.637116e-04 -5.164651e-05 6.773056e-06 5.330008e-06 -6.992009e-05
22139.200000 2.481466e+00 2.089702e+00 4.358445e+00 3.558366e-04 -4.954310e-05 -4.955492e-06 2.041226e-05 -6.780169e-05
22139.400000 2.462506e+00 2.073672e+00 4.318871e+00 4.890620e-04 -4.172707e-05 -5.613716e-06 2.597541e-05 -7.123633e-05
22139.600000 2.483760e+00 2.091406e+00 4.349695e+00 5.278955e-04 -3.980662e-05 9.256235e-06 1.904783e-05 -8.039051e-05
22139.800000 2.450451e+00 2.064104e+00 4.283241e+00 6.413292e-04 -4.812760e-05 7.871121e-06 1.127493e-05 -6.684008e-05
22140.000000 2.481894e+00 2.089718e+00 4.338034e+00 4.305064e-04 -5.358353e-05 1.264433e-05 -1.210778e-06 -6.389009e-05
22140.200000 2.473952e+00 2.082532e+00 4.326921e+00 5.775492e-04 -4.606851e-05 7.333552e-06 8.214561e-06 -4.919728e-05
22140.400000 2.475274e+00 2.083923e+00 4.325315e+00 6.122141e-04 -3.993027e-05 9.254221e-07 1.203631e-05 -3.366353e-05
22140.600000 2.421918e+00 2.039973e+00 4.231953e+00 5.320737e-04 -2.304529e-05 1.801904e-05 -8.298585e-06 -5.156268e-05
22140.800000 2.579786e+00 2.171969e+00 4.514082e+00 5.727355e-04 -3.313290e-05 3.130124e-07 -5.803878e-06 -4.903586e-05
22141.000000 2.383797e+00 2.006929e+00 4.176179e+00 2.907247e-04 -2.839254e-05 -1.335961e-05 -1.711734e-05 -5.494383e-05
22141.200000 2.462484e+00 2.074294e+00 4.314740e+00 6.061118e-04 -3.870718e-05 -2.944762e-05 -2.017739e-06 -6.497441e-05
22141.400000 2.523185e+00 2.124899e+00 4.430974e+00 5.194346e-04 -3.734973e-05 -2.384853e-05 1.590762e-05 -5.403167e-05
22141.600000 2.357757e+00 1.986741e+00 4.148225e+00 5.087509e-04 -3.347885e-05 -2.705279e-05 1.829926e-05 -5.837658e-05
22141.800000 2.518936e+00 2.121462e+00 4.439085e+00 4.498706e-04 -3.720691e-05 -1.723846e-05 2.474900e-05 -4.839555e-05
22142.000000 2.471497e+00 2.081409e+00 4.367293e+00 5.894447e-04 -4.318768e-05 -1.070063e-05 2.092843e-06 -5.950894e-05
22142.200000 2.474849e+00 2.083849e+00 4.376745e+00 5.938293e-04 -4.042518e-05 -1.716492e-05 5.769744e-06 -4.900894e-05
22142.400000 2.470168e+00 2.079431e+00 4.378038e+00 4.993680e-04 -4.622995e-05 -2.646561e-05 9.222539e-06 -4.835883e-05
22142.600000 2.510594e+00 2.113871e+00 4.459882e+00 5.532230e-04 -5.174575e-05 -2.243422e-05 1.411604e-05 -5.173105e-05
22142.800000 2.393914e+00 2.015926e+00 4.266841e+00 6.053490e-04 -4.674984e-05 -2.642703e-05 1.542631e-05 -5.211389e-05
22143.000000 2.510159e+00 2.113899e+00 4.488727e+00 5.205514e-04 -4.892301e-05 -3.020659e-05 2.449093e-05 -5.622867e-05
22143.200000 2.462732e+00 2.072477e+00 4.409098e+00 5.395985e-04 -4.581809e-05 -2.612995e-05 7.345738e-06 -6.307316e-05
22143.400000 2.481026e+00 2.089787e+00 4.452136e+00 5.800510e-04 -4.452497e-05 -2.871182e-05 1.111032e-05 -5.927283e-05
22143.600000 2.464919e+00 2.076387e+00 4.430774e+00 6.081506e-04 -4.720991e-05 -3.423832e-05 9.857003e-06 -4.566842e-05
22143.800000 2.482107e+00 2.090283e+00 4.473358e+00 5.022543e-04 -5.332313e-05 -3.313339e-05 2.113002e-05 -4.842762e-05
22144.000000 2.470280e+00 2.080528e+00 4.460727e+00 5.333663e-04 -4.922254e-05 -2.730677e-05 2.209445e-05 -4.606070e-05
22144.200000 2.464768e+00 2.075568e+00 4.458059e+00 5.027138e-04 -4.697350e-05 -2.211466e-05 1.244788e-05 -5.086408e-05
22144.400000 2.493610e+00 2.099633e+00 4.518622e+00 4.746878e-04 -6.257650e-05 -2.669681e-05 -1.084840e-06 -6.009933e-05
22144.600000 2.430227e+00 2.047178e+00 4.417641e+00 6.040211e-04 -5.991877e-05 -2.280439e-05 1.342236e-05 -4.972505e-05
22144.800000 2.486831e+00 2.094043e+00 4.531351e+00 5.217405e-04 -6.626751e-05 -2.263401e-05 -2.965849e-06 -5.439425e-05
22145.000000 2.482429e+00 2.090290e+00 4.531869e+00 4.411902e-04 -7.370653e-05 -2.055383e-05 -1.473021e-05 -5.189730e-05
22145.200000 2.424338e+00 2.040759e+00 4.426018e+00 6.689463e-04 -7.546103e-05 -7.950791e-06 3.508835e-06 -4.893939e-05
22145.400000 2.508545e+00 2.112344e+00 4.591981e+00 5.062439e-04 -6.281188e-05 -1.670470e-05 -1.439431e-06 -4.877891e-05
22145.600000 2.466503e+00 2.077552e+00 4.524219e+00 3.693756e-04 -5.822466e-05 -1.502155e-05 -6.936893e-06 -4.538969e-05
22145.800000 2.486121e+00 2.093246e+00 4.560290e+00 3.270441e-04 -5.562250e-05 -9.784397e-06 -3.834973e-06 -4.803053e-05
22146.000000 2.420758e+00 2.039477e+00 4.444900e+00 5.565048e-04 -5.371904e-05 -1.556237e-05 7.395642e-06 -4.545505e-05
22146.200000 2.529932e+00 2.130477e+00 4.657013e+00 6.380970e-04 -6.568617e-05 -1.056423e-05 1.799900e-06 -4.616082e-05
22146.400000 2.625773e+00 2.211864e+00 4.831419e+00 4.745225e-04 -6.339782e-05 -1.085926e-05 9.667365e-06 -4.355067e-05
22146.600000 2.154074e+00 1.814798e+00 3.965405e+00 5.887575e-04 -4.968766e-05 -1.594558e-05 7.389245e-06 -4.448195e-05
22146.800000 2.561398e+00 2.156746e+00 4.727250e+00 5.519296e-04 -5.834369e-05 -1.364179e-05 3.103382e-08 -6.399420e-05
22147.000000 2.481148e+00 2.089516e+00 4.581058e+00 4.489857e-04 -5.445420e-05 2.735985e-07 8.418033e-06 -6.309256e-05
22147.200000 2.412266e+00 2.031827e+00 4.453606e+00 5.033185e-04 -4.929528e-05 -5.670865e-07 4.777190e-06 -5.913347e-05
22147.400000 2.490337e+00 2.097348e+00 4.601360e+00 4.229181e-04 -4.829054e-05 -8.586882e-06 1.702482e-05 -4.652517e-05
22147.600000 2.477453e+00 2.085799e+00 4.584937e+00 5.391383e-04 -3.829417e-05 -1.285298e-05 1.942830e-05 -5.090078e-05
22147.800000 2.492179e+00 2.098323e+00 4.614787e+00 6.943152e-04 -3.287732e-05 -1.664637e-05 1.444189e-05 -3.808752e-05
22148.000000 2.416850e+00 2.035827e+00 4.477267e+00 4.392587e-04 -2.850196e-05 -2.523239e-05 -8.432005e-06 -3.001960e-05
22148.200000 2.516384e+00 2.119228e+00 4.664366e+00 4.065973e-04 -4.176009e-05 -2.480939e-05 1.618283e-05 -4.058747e-05
22148.400000 2.455757e+00 2.069091e+00 4.550462e+00 2.799505e-04 -4.945706e-05 -1.646530e-05 2.261298e-05 -4.251402e-05
22148.600000 2.440961e+00 2.055192e+00 4.527114e+00 5.655778e-04 -5.533103e-05 -1.658541e-05 2.479765e-05 -4.507701e-05
22148.800000 2.500014e+00 2.104733e+00 4.637103e+00 5.102682e-04 -5.670873e-05 -8.808231e-06 1.581395e-05 -4.902392e-05
22149.000000 2.403204e+00 2.023750e+00 4.456570e+00 5.057790e-04 -5.592337e-05 -1.244070e-05 2.106180e-05 -4.651324e-05
22149.200000 2.497469e+00 2.103024e+00 4.627758e+00 5.088817e-04 -5.795124e-05 -1.111285e-05 2.439822e-05 -5.043655e-05
22149.400000 2.487442e+00 2.093952e+00 4.606960e+00 5.220502e-04 -5.506119e-05 -5.395300e-06 7.647801e-06 -5.507546e-05
22149.600000 2.462882e+00 2.075057e+00 4.569817e+00 5.282312e-04 -5.827034e-05 -9.954842e-06 5.419380e-06 -5.560573e-05
22149.800000 2.477940e+00 2.086492e+00 4.595720e+00 4.041295e-04 -6.101659e-05 -1.098596e-05 -3.625696e-07 -6.104245e-05
22150.000000 2.478021e+00 2.087026e+00 4.594221e+00 5.597677e-04 -5.753377e-05 -4.017991e-06 8.666671e-06 -5.484154e-05
22150.700000 2.466597e+00 2.077886e+00 4.564730e+00 5.437689e-04 -5.290043e-05 -4.978062e-06 -7.669787e-06 -5.062422e-05
22151.400000 2.465123e+00 2.075105e+00 4.549624e+00 5.240665e-04 -4.985605e-05 6.532082e-06 -1.405229e-05 -5.771770e-05
22152.100000 2.458806e+00 2.070798e+00 4.519793e+00 4.937849e-04 -4.380011e-05 8.363695e-06 1.587445e-05 -5.127780e-05
22152.800000 2.467574e+00 2.079034e+00 4.512284e+00 5.180125e-04 -4.606792e-05 4.935172e-06 1.527615e-05 -4.823825e-05
22153.500000 2.465779e+00 2.076864e+00 4.477161e+00 5.365745e-04 -4.419924e-05 4.290874e-06 9.284196e-06 -3.522188e-05
22154.200000 2.468368e+00 2.079609e+00 4.445955e+00 5.653708e-04 -5.135482e-05 1.653203e-05 2.044042e-05 -4.862931e-05
22154.900000 2.462907e+00 2.074918e+00 4.394627e+00 5.442953e-04 -6.090797e-05 1.073386e-05 1.225167e-05 -5.748355e-05
22155.600000 2.459075e+00 2.071777e+00 4.331241e+00 4.887309e-04 -5.803391e-05 5.738396e-06 1.352647e-05 -6.298072e-05
22156.300000 2.464277e+00 2.075472e+00 4.279592e+00 4.906393e-04 -5.976787e-05 -2.243827e-06 1.442772e-05 -5.864560e-05
22157.993695 2.463285e+00 2.074912e+00 4.129777e+00 5.029649e-04 -6.727334e-05 1.241200e-06 7.218146e-06 -5.701590e-05
22158.999583 2.457357e+00 2.070460e+00 4.030603e+00 5.083306e-04 -6.428496e-05 -1.664258e-05 8.975085e-08 -5.246791e-05
22160.017662 2.463804e+00 2.075374e+00 3.951375e+00 5.533594e-04 -5.058194e-05 -1.462011e-05 -4.523275e-06 -5.599078e-05
22161.047933 2.460776e+00 2.072823e+00 3.865839e+00 5.573649e-04 -4.858177e-05 -1.057588e-05 -1.655514e-06 -5.613595e-05
22162.090396 2.459927e+00 2.072161e+00 3.800405e+00 5.228245e-04 -5.551426e-05 -2.696684e-06 -1.628524e-05 -5.591384e-05
22163.145051 2.457286e+00 2.069754e+00 3.745951e+00 5.468331e-04 -4.279013e-05 -1.127463e-06 -1.830135e-05 -5.771177e-05
22164.211898 2.457270e+00 2.070181e+00 3.724097e+00 5.309444e-04 -4.722220e-05 -1.375384e-05 -1.074263e-05 -6.520451e-05
22165.290937 2.458045e+00 2.070149e+00 3.729171e+00 5.572543e-04 -5.028977e-05 -1.696883e-05 -3.659211e-06 -5.605672e-05
22166.382167 2.456565e+00 2.069032e+00 3.755448e+00 6.188856e-04 -3.937274e-05 -1.871962e-05 -5.666156e-07 -5.050459e-05
22167.485590 2.458754e+00 2.071685e+00 3.819880e+00 5.580363e-04 -3.894125e-05 -9.326541e-06 3.797786e-06 -4.544505e-05
22168.601204 2.456274e+00 2.069317e+00 3.893858e+00 5.892217e-04 -3.895783e-05 -7.299232e-06 8.508408e-06 -4.907951e-05
22169.729011 2.455538e+00 2.069207e+00 3.982430e+00 4.661453e-04 -4.065646e-05 9.814000e-08 4.554464e-06 -5.189511e-05
22170.869009 2.455976e+00 2.068981e+00 4.075145e+00 5.155761e-04 -4.857633e-05 1.014959e-05 4.265279e-06 -5.034402e-05
22172.021199 2.455050e+00 2.068725e+00 4.168864e+00 5.348136e-04 -4.066776e-05 1.191766e-06 1.545643e-05 -5.485574e-05
22173.185582 2.454840e+00 2.068599e+00 4.255073e+00 5.378130e-04 -4.761809e-05 -9.608277e-06 9.122281e-06 -5.668978e-05
22174.362156 2.452540e+00 2.066784e+00 4.318550e+00 5.395869e-04 -4.699450e-05 -9.110069e-06 8.263555e-06 -4.964778e-05
22175.550922 2.452113e+00 2.065941e+00 4.371845e+00 5.773728e-04 -4.173341e-05 -8.807841e-06 1.107716e-05 -4.928352e-05
22176.751879 2.450173e+00 2.064763e+00 4.405650e+00 5.423239e-04 -4.904082e-05 8.158170e-08 5.959783e-06 -4.270963e-05
22177.965029 2.452039e+00 2.066042e+00 4.430560e+00 5.072900e-04 -3.898759e-05 9.237805e-06 1.740495e-05 -3.763753e-05
22179.190371 2.450788e+00 2.065095e+00 4.434488e+00 5.218250e-04 -4.045809e-05 -2.561740e-06 2.017828e-05 -3.252670e-05
22180.427904 2.450367e+00 2.064337e+00 4.431255e+00 5.015301e-04 -3.800824e-05 3.267273e-06 1.777542e-05 -4.961333e-05
22181.677630 2.449162e+00 2.064217e+00 4.420673e+00 5.419307e-04 -4.330061e-05 -1.165844e-06 1.506654e-05 -5.436607e-05
22182.939547 2.448660e+00 2.063520e+00 4.409303e+00 5.184793e-04 -4.812005e-05 -1.526512e-05 8.894225e-06 -5.269094e-05
22184.213657 2.446758e+00 2.061898e+00 4.393836e+00 5.371218e-04 -4.329994e-05 -1.534801e-05 1.535451e-05 -5.271860e-05
22185.499958 2.447149e+00 2.062477e+00 4.387133e+00 5.181424e-04 -4.389572e-05 -2.015116e-05 1.211657e-05 -4.926194e-05
22186.798451 2.447316e+00 2.061850e+00 4.375968e+00 5.921115e-04 -4.190693e-05 -1.880156e-05 1.071828e-05 -4.649707e-05
22188.109136 2.444993e+00 2.060787e+00 4.365523e+00 5.535812e-04 -4.573608e-05 -2.140567e-05 2.266220e-06 -5.194212e-05
22189.432013 2.445331e+00 2.061155e+00 4.361174e+00 5.562073e-04 -4.566301e-05 -1.688432e-05 -2.840144e-06 -5.243202e-05
22190.767082 2.445479e+00 2.061239e+00 4.354936e+00 5.310391e-04 -3.752590e-05 -3.625261e-06 9.611917e-06 -6.049841e-05
22192.114342 2.441950e+00 2.058695e+00 4.337707e+00 5.609739e-04 -3.947262e-05 -3.361600e-06 2.180118e-05 -5.707899e-05
22193.473795 2.443397e+00 2.059943e+00 4.325973e+00 5.532124e-04 -4.615837e-05 -5.677338e-06 4.467103e-06 -6.088763e-05
22194.845440 2.441160e+00 2.057898e+00 4.295187e+00 5.079565e-04 -4.477740e-05 -6.026310e-06 -4.512219e-06 -5.850940e-05
22196.229276 2.440612e+00 2.058160e+00 4.259998e+00 5.466496e-04 -4.604240e-05 -1.211032e-05 -8.632047e-06 -5.141474e-05
22197.625305 2.439900e+00 2.057085e+00 4.216026e+00 5.486382e-04 -4.829144e-05 -4.820790e-06 -1.998466e-06 -5.682931e-05
22199.033525 2.439146e+00 2.056707e+00 4.166528e+00 5.162500e-04 -4.723633e-05 -1.083075e-06 -1.869341e-06 -5.308594e-05
22200.453937 2.434056e+00 2.052606e+00 4.108341e+00 4.976379e-04 -4.318444e-05 -8.837555e-06 -3.392081e-06 -4.977388e-05
22201.886541 2.435302e+00 2.053598e+00 4.062133e+00 5.047861e-04 -3.716058e-05 -1.553033e-05 2.501131e-06 -4.161014e-05
22203.331337 2.439478e+00 2.056826e+00 4.030030e+00 5.486335e-04 -4.068800e-05 -1.425055e-05 1.378219e-05 -3.887161e-05
22204.788325 2.434239e+00 2.052368e+00 3.988719e+00 5.762945e-04 -3.906674e-05 -2.262866e-05 1.470638e-05 -3.287605e-05
22206.257505 2.434917e+00 2.053668e+00 3.973003e+00 5.365782e-04 -4.910509e-05 -2.913484e-05 1.786177e-05 -3.587764e-05
22207.738877 2.436547e+00 2.054681e+00 3.979705e+00 4.981505e-04 -5.109172e-05 -2.154931e-05 8.072498e-06 -3.808988e-05
22209.232440 2.433471e+00 2.051517e+00 3.986653e+00 5.469118e-04 -4.801899e-05 -1.410787e-05 1.814534e-05 -3.911836e-05
22210.738196 2.430699e+00 2.049968e+00 4.009895e+00 5.487318e-04 -4.596837e-05 -1.686763e-05 2.481847e-05 -4.748353e-05
22212.256143 2.431689e+00 2.050460e+00 4.052206e+00 5.667682e-04 -4.966047e-05 -1.920939e-05 1.733488e-05 -4.294750e-05
22213.786283 2.430399e+00 2.049008e+00 4.089892e+00 4.789483e-04 -5.445107e-05 -2.047973e-05 1.315220e-05 -4.174945e-05
22215.328614 2.430759e+00 2.049557e+00 4.132994e+00 4.965249e-04 -4.584366e-05 -2.502087e-05 5.933963e-06 -3.544180e-05
22216.883137 2.429345e+00 2.049363e+00 4.171833e+00 5.191509e-04 -4.519565e-05 -9.497303e-06 1.379145e-05 -3.636654e-05
22218.449852 2.428928e+00 2.048534e+00 4.200677e+00 5.460383e-04 -4.979401e-05 -1.218312e-05 7.870165e-07 -3.833515e-05
22220.028759 2.424344e+00 2.044878e+00 4.218947e+00 5.327855e-04 -5.162287e-05 -8.388281e-06 5.294140e-06 -4.765761e-05
22221.619858 2.425716e+00 2.046036e+00 4.236590e+00 4.954084e-04 -5.509085e-05 -8.859350e-06 1.571553e-05 -5.353579e-05
22223.223149 2.424755e+00 2.045272e+00 4.244900e+00 4.985887e-04 -5.991626e-05 -1.760054e-05 6.761384e-06 -6.256529e-05
22224.838632 2.425231e+00 2.045512e+00 4.250431e+00 4.912476e-04 -6.291133e-05 -1.318381e-05 4.515735e-06 -4.603430e-05
22226.466307 2.425436e+00 2.045947e+00 4.256587e+00 4.869913e-04 -5.571835e-05 -6.817739e-06 2.217445e-05 -4.689315e-05
22228.106173 2.421910e+00 2.043056e+00 4.255223e+00 5.366606e-04 -5.081825e-05 -1.239366e-05 2.111489e-05 -4.524006e-05
22229.758232 2.422297e+00 2.043567e+00 4.266438e+00 5.576861e-04 -5.391661e-05 -1.277862e-05 2.024847e-05 -3.786384e-05
22231.422482 2.419907e+00 2.041451e+00 4.268929e+00 5.655928e-04 -5.837593e-05 -1.801573e-05 1.949456e-05 -3.806983e-05
22233.098924 2.417295e+00 2.039131e+00 4.274510e+00 5.182016e-04 -5.247176e-05 -1.962357e-05 3.254166e-05 -4.238970e-05
22234.787558 2.418927e+00 2.040854e+00 4.281230e+00 5.325324e-04 -5.750356e-05 -1.317263e-05 3.148092e-05 -3.328578e-05
22236.488385 2.417698e+00 2.040007e+00 4.279934e+00 5.298958e-04 -5.451112e-05 -1.354201e-05 2.084012e-05 -3.138121e-05
22238.201403 2.418019e+00 2.040296e+00 4.268717e+00 5.473915e-04 -4.533760e-05 -9.424929e-06 1.452949e-05 -3.475029e-05
22239.926613 2.415543e+00 2.038010e+00 4.245693e+00 5.455237e-04 -5.023234e-05 -1.973575e-05 8.877828e-06 -3.556809e-05
22241.664014 2.416197e+00 2.037999e+00 4.223395e+00 5.474377e-04 -4.574234e-05 -1.513159e-05 2.038649e-06 -3.660726e-05
22243.413608 2.415239e+00 2.038118e+00 4.194476e+00 4.820576e-04 -4.700479e-05 -1.073975e-05 6.024780e-07 -4.265432e-05
22245.175394 2.411483e+00 2.035921e+00 4.154131e+00 4.855899e-04 -4.725052e-05 -2.821486e-07 -1.830018e-06 -4.405511e-05
22246.949371 2.412791e+00 2.035996e+00 4.120423e+00 5.040884e-04 -5.295909e-05 -4.631723e-06 -1.637093e-05 -5.574989e-05
22248.735541 2.411567e+00 2.035209e+00 4.084740e+00 4.849064e-04 -5.463745e-05 -4.774120e-06 -1.362368e-05 -5.037557e-05
22250.533902 2.410036e+00 2.034024e+00 4.060325e+00 5.219956e-04 -5.465096e-05 -1.040836e-05 -2.008898e-05 -3.911184e-05
22252.344455 2.406949e+00 2.031619e+00 4.039934e+00 5.077862e-04 -6.436362e-05 -1.422603e-05 -1.321169e-05 -4.001241e-05
22254.167201 2.407485e+00 2.032342e+00 4.034627e+00 5.996879e-04 -5.830070e-05 -1.600643e-05 -1.023453e-05 -4.196642e-05
22256.002138 2.407132e+00 2.031744e+00 4.042607e+00 4.517854e-04 -5.212865e-05 -3.901275e-06 -1.113107e-05 -4.263733e-05
22257.849267 2.404001e+00 2.029095e+00 4.058020e+00 5.462319e-04 -5.202492e-05 -5.571879e-06 -3.257070e-06 -4.835950e-05
22259.708588 2.403403e+00 2.028269e+00 4.087068e+00 4.909377e-04 -5.280457e-05 -5.249768e-06 -1.687399e-06 -4.489676e-05
22261.580100 2.402616e+00 2.027883e+00 4.127853e+00 5.156154e-04 -5.034705e-05 -2.577859e-06 -1.137391e-06 -4.188688e-05
22263.463805 2.402224e+00 2.027780e+00 4.172237e+00 5.709115e-04 -4.731152e-05 -1.309099e-05 -1.205726e-06 -3.716828e-05
22265.359702 2.402330e+00 2.027962e+00 4.224958e+00 5.365190e-04 -5.849543e-05 -9.089232e-06 -5.703317e-06 -3.814873e-05
22267.267790 2.402024e+00 2.027676e+00 4.277951e+00 4.334851e-04 -6.100155e-05 -8.881650e-06 -5.139842e-06 -4.246866e-05
22269.188071 2.397432e+00 2.023576e+00 4.320231e+00 5.377403e-04 -5.212350e-05 1.909548e-06 7.823426e-06 -5.717053e-05
22271.120543 2.398196e+00 2.024539e+00 4.369072e+00 5.334850e-04 -5.040984e-05 -9.412951e-06 -7.539157e-07 -6.638842e-05
22273.065207 2.395130e+00 2.021285e+00 4.397511e+00 5.888190e-04 -4.478454e-05 -1.943473e-05 3.788455e-06 -5.905556e-05
22275.022064 2.396728e+00 2.023656e+00 4.425686e+00 5.245294e-04 -4.783485e-05 -1.926658e-05 3.538236e-06 -5.806952e-05
22276.991112 2.395453e+00 2.022995e+00 4.433514e+00 5.151643e-04 -4.053105e-05 -1.582921e-05 1.085028e-05 -5.462635e-05
22278.972352 2.394857e+00 2.021830e+00 4.425093e+00 5.935479e-04 -3.949103e-05 -1.741158e-05 1.154773e-05 -4.920215e-05
22280.965784 2.391494e+00 2.019389e+00 4.401552e+00 5.070224e-04 -5.174493e-05 -1.475843e-05 1.105282e-06 -4.310838e-05
22282.971407 2.392513e+00 2.020734e+00 4.371769e+00 5.254002e-04 -6.914481e-05 -1.519110e-05 6.745971e-07 -4.355820e-05
22284.989223 2.389217e+00 2.018260e+00 4.330235e+00 5.559513e-04 -6.187915e-05 -1.661542e-05 -8.654138e-06 -5.621361e-05
22287.019231 2.388362e+00 2.017526e+00 4.292648e+00 5.202092e-04 -5.991710e-05 -2.137941e-05 -8.161274e-06 -4.133521e-05
22289.061430 2.386456e+00 2.015079e+00 4.249073e+00 4.996624e-04 -6.569655e-05 -9.655912e-06 -1.277792e-05 -4.607598e-05
22291.115822 2.386664e+00 2.015869e+00 4.215834e+00 5.145758e-04 -7.168754e-05 -1.074469e-05 -1.280693e-05 -4.135329e-05
22293.182405 2.383339e+00 2.012707e+00 4.182601e+00 4.785408e-04 -6.821832e-05 -1.482125e-05 5.283438e-06 -3.814488e-05
22295.261180 2.383544e+00 2.013283e+00 4.162434e+00 4.874017e-04 -6.843701e-05 -3.507047e-06 9.037146e-06 -4.689336e-05
22297.352148 2.380348e+00 2.011021e+00 4.144223e+00 5.068057e-04 -6.267018e-05 -4.480834e-06 1.473463e-06 -4.905753e-05
22299.455307 2.379904e+00 2.010403e+00 4.132202e+00 5.511531e-04 -5.319093e-05 -1.136661e-05 3.638453e-06 -4.996034e-05
22301.570658 2.379276e+00 2.010063e+00 4.125081e+00 5.811634e-04 -5.297147e-05 -2.285873e-05 -4.232126e-06 -5.036800e-05
22303.698201 2.377950e+00 2.009620e+00 4.120039e+00 5.068793e-04 -5.984199e-05 -1.311222e-05 -3.089770e-06 -5.716581e-05
22305.837935 2.373559e+00 2.006000e+00 4.110401e+00 5.093455e-04 -6.639807e-05 -7.442956e-06 -8.496354e-06 -5.146890e-05
22307.989862 2.373568e+00 2.005667e+00 4.108054e+00 4.466204e-04 -6.704022e-05 -6.253950e-06 -4.054693e-06 -5.065558e-05
22310.153981 2.372580e+00 2.005311e+00 4.109270e+00 5.508803e-04 -6.730275e-05 -1.497865e-05 -8.673197e-06 -4.688140e-05
22312.330291 2.370902e+00 2.004252e+00 4.107781e+00 4.671249e-04 -6.524261e-05 -1.873361e-05 -3.798220e-06 -4.151272e-05
22314.518794 2.370353e+00 2.003708e+00 4.106328e+00 5.143156e-04 -6.337669e-05 -2.603926e-05 2.941454e-06 -4.820302e-05
22316.719488 2.368104e+00 2.001088e+00 4.105267e+00 5.098878e-04 -5.865594e-05 -2.480136e-05 -8.560232e-07 -3.970779e-05
22318.932374 2.362170e+00 1.996692e+00 4.099820e+00 5.017861e-04 -5.922084e-05 -2.416278e-05 -3.347206e-06 -4.111413e-05
22321.157453 2.362198e+00 1.997047e+00 4.110824e+00 5.615120e-04 -5.868216e-05 -2.015789e-05 -1.163843e-05 -4.755349e-05
22323.394723 2.361603e+00 1.996592e+00 4.127992e+00 5.865233e-04 -5.944508e-05 -1.030603e-05 -1.489654e-05 -4.344517e-05
22325.644185 2.357865e+00 1.993261e+00 4.145543e+00 4.525110e-04 -5.951740e-05 -2.235769e-06 -1.228168e-05 -5.514517e-05
22327.905838 2.355505e+00 1.991187e+00 4.171793e+00 5.410449e-04 -5.814313e-05 -8.950851e-06 -8.683325e-06 -6.312854e-05
22330.179684 2.347981e+00 1.985362e+00 4.196772e+00 4.314551e-04 -5.510826e-05 -9.725896e-06 -1.121360e-05 -6.303220e-05
22332.465722 2.345279e+00 1.982829e+00 4.225733e+00 5.074554e-04 -4.999221e-05 -1.399299e-05 -2.003774e-05 -5.836429e-05
22334.763952 2.337315e+00 1.976427e+00 4.256638e+00 5.356483e-04 -4.741795e-05 -8.725282e-06 -1.509285e-05 -6.179993e-05
22337.074373 2.325862e+00 1.966295e+00 4.278176e+00 4.733777e-04 -5.697959e-05 -3.493235e-06 -1.295304e-05 -5.356722e-05
22339.396987 2.299279e+00 1.943994e+00 4.271540e+00 4.826484e-04 -5.801094e-05 -5.110007e-06 -1.121598e-05 -5.877194e-05
22341.731792 2.222737e+00 1.879808e+00 4.167936e+00 4.664511e-04 -5.868896e-05 -8.389977e-06 -6.299565e-06 -5.731105e-05
22344.078789 2.098168e+00 1.774109e+00 3.963538e+00 4.225275e-04 -6.036501e-05 -1.053612e-05 -2.620501e-06 -6.093404e-05
22346.437978 2.072108e+00 1.752823e+00 3.929799e+00 4.245971e-04 -5.960533e-05 -2.255056e-05 -1.147516e-05 -5.642598e-05
22348.809359 2.150165e+00 1.818296e+00 4.085010e+00 4.813844e-04 -6.410100e-05 -1.488066e-05 -8.323705e-06 -6.437131e-05
22351.192932 2.224215e+00 1.881055e+00 4.224555e+00 5.275714e-04 -6.336812e-05 -4.996719e-06 -1.656289e-05 -6.499966e-05
22353.588697 2.282190e+00 1.929865e+00 4.320982e+00 5.036975e-04 -6.731317e-05 9.468124e-06 -1.371570e-05 -5.581772e-05
22355.996654 2.320099e+00 1.962213e+00 4.381370e+00 5.307169e-04 -5.256495e-05 6.679641e-06 -1.378237e-05 -5.918724e-05
22358.416803 2.340362e+00 1.979658e+00 4.403686e+00 4.808424e-04 -5.269103e-05 -1.272794e-06 -1.130298e-05 -7.057856e-05
22360.849143 2.350630e+00 1.988741e+00 4.402322e+00 5.153926e-04 -6.124340e-05 -1.113143e-05 -8.480748e-06 -6.506448e-05
22363.293676 2.350719e+00 1.988185e+00 4.376326e+00 5.524115e-04 -6.332275e-05 -1.716083e-05 -6.380859e-06 -6.366953e-05
22365.750400 2.350756e+00 1.989041e+00 4.347278e+00 5.381767e-04 -6.052123e-05 -8.659641e-06 -2.383555e-05 -6.018288e-05
22368.219317 2.351568e+00 1.989119e+00 4.315347e+00 5.383886e-04 -6.616055e-05 -8.854240e-06 -2.166812e-05 -7.557255e-05
22370.700425 2.347248e+00 1.986222e+00 4.272083e+00 5.323056e-04 -7.263883e-05 -1.656919e-05 -1.157854e-05 -6.346159e-05
22373.193725 2.344199e+00 1.983706e+00 4.232644e+00 4.857599e-04 -6.632522e-05 -2.789694e-05 -1.431865e-05 -6.165099e-05
22375.699217 2.339181e+00 1.979483e+00 4.190301e+00 5.085601e-04 -6.237963e-05 -3.649832e-05 -8.284484e-06 -6.604307e-05
22378.216901 2.338728e+00 1.978304e+00 4.164017e+00 4.364553e-04 -6.325704e-05 -1.528029e-05 -3.793559e-06 -6.296083e-05
22380.746777 2.334230e+00 1.974992e+00 4.132707e+00 4.634840e-04 -6.756741e-05 -2.059644e-05 -8.564374e-06 -6.177609e-05
22383.288845 2.336953e+00 1.977767e+00 4.123400e+00 5.241595e-04 -6.519116e-05 -2.650565e-05 -8.904359e-06 -5.733442e-05
22385.843105 2.338006e+00 1.979024e+00 4.111437e+00 4.442808e-04 -5.884624e-05 -3.196601e-05 -3.006611e-06 -6.258818e-05
22388.409556 2.334999e+00 1.976938e+00 4.105433e+00 4.785033e-04 -5.824956e-05 -2.221578e-05 3.885274e-07 -6.564253e-05
22390.988200 2.334523e+00 1.976275e+00 4.109642e+00 5.222824e-04 -5.338072e-05 -2.889051e-05 -2.135690e-06 -5.900553e-05
22393.579035 2.334199e+00 1.975881e+00 4.125147e+00 4.990902e-04 -5.398572e-05 -2.415200e-05 -7.215375e-06 -6.112044e-05
22396.182062 2.331509e+00 1.973483e+00 4.145589e+00 4.852932e-04 -4.687359e-05 -2.876199e-05 -1.573618e-05 -5.341558e-05
22398.797282 2.331360e+00 1.972715e+00 4.172696e+00 5.096318e-04 -4.047507e-05 -2.288471e-05 -4.834775e-06 -5.323324e-05
22401.424693 2.330187e+00 1.972543e+00 4.201537e+00 4.676612e-04 -3.907732e-05 -1.833726e-05 -1.440337e-05 -6.529632e-05
22404.064296 2.328809e+00 1.972356e+00 4.226770e+00 4.632266e-04 -4.838382e-05 -2.235501e-05 -2.277691e-05 -5.801367e-05
22406.716091 2.326935e+00 1.970182e+00 4.245917e+00 5.171384e-04 -5.735524e-05 -1.723346e-05 -2.485411e-05 -5.774621e-05
22409.380078 2.324930e+00 1.968373e+00 4.266056e+00 4.996397e-04 -6.137591e-05 -1.724153e-05 -2.395475e-05 -6.270008e-05
22412.056256 2.321445e+00 1.966150e+00 4.283653e+00 5.561545e-04 -6.016383e-05 -1.952028e-05 -1.427957e-05 -6.331321e-05
22414.744627 2.323777e+00 1.967539e+00 4.312821e+00 5.226321e-04 -6.697845e-05 -1.859868e-05 -4.272490e-06 -5.468283e-05
22417.445190 2.318919e+00 1.963669e+00 4.325511e+00 5.155611e-04 -6.238022e-05 -2.813980e-05 -1.371689e-07 -4.626914e-05
22420.157944 2.318397e+00 1.963561e+00 4.350824e+00 5.088097e-04 -5.824836e-05 -3.999180e-05 -1.748029e-06 -3.947241e-05
22422.882891 2.316497e+00 1.962000e+00 4.376350e+00 5.415685e-04 -6.271740e-05 -2.681680e-05 2.668343e-06 -3.888471e-05
22425.620029 2.315423e+00 1.960707e+00 4.406679e+00 4.848187e-04 -5.913175e-05 -1.498473e-05 7.526526e-06 -4.749957e-05
22428.369359 2.314295e+00 1.959704e+00 4.433532e+00 5.223621e-04 -5.423831e-05 -1.725800e-05 -7.265781e-06 -4.123961e-05
22431.130881 2.309839e+00 1.956503e+00 4.454123e+00 4.925751e-04 -5.101682e-05 -1.577422e-05 -7.937858e-06 -3.698268e-05
22433.904595 2.308933e+00 1.956438e+00 4.475982e+00 4.899701e-04 -5.559505e-05 -1.671160e-05 8.957031e-06 -4.486233e-05
22436.690501 2.305129e+00 1.953225e+00 4.481332e+00 4.811869e-04 -6.013484e-05 -1.189599e-05 1.165551e-05 -4.811414e-05
22439.488599 2.305118e+00 1.952937e+00 4.479743e+00 5.316053e-04 -6.265405e-05 -9.481350e-06 1.644255e-05 -4.572491e-05
22442.298889 2.302550e+00 1.950699e+00 4.460892e+00 4.767192e-04 -6.743485e-05 1.616708e-06 6.379781e-06 -5.235435e-05
22445.121371 2.297567e+00 1.947108e+00 4.428213e+00 4.538866e-04 -6.595222e-05 -4.501288e-06 9.855802e-06 -4.620286e-05
22447.956044 2.291134e+00 1.941643e+00 4.386269e+00 5.024564e-04 -6.953941e-05 -8.232356e-06 1.550670e-05 -3.192312e-05
22450.802910 2.271045e+00 1.924674e+00 4.315804e+00 5.019683e-04 -7.068810e-05 -1.882081e-05 9.363921e-06 -2.785655e-05
22453.661967 2.205139e+00 1.869438e+00 4.162838e+00 5.157349e-04 -7.167161e-05 -1.151585e-05 -7.564727e-06 -2.993341e-05
22456.533217 2.170796e+00 1.839902e+00 4.064323e+00 4.571725e-04 -6.814058e-05 -8.322248e-06 -1.182957e-05 -3.689219e-05
22459.416658 2.210011e+00 1.873802e+00 4.102445e+00 4.776533e-04 -7.298432e-05 -1.245271e-05 -7.882363e-06 -3.117382e-05
22462.312291 2.237909e+00 1.897549e+00 4.123780e+00 5.222669e-04 -7.661988e-05 -9.877452e-06 -6.797764e-06 -3.456333e-05
22465.220116 2.264238e+00 1.919254e+00 4.144317e+00 4.774555e-04 -6.565717e-05 -1.067313e-05 1.222661e-06 -4.622020e-05
22468.140133 2.282481e+00 1.934524e+00 4.157662e+00 4.553479e-04 -6.061033e-05 -3.259108e-06 5.679510e-06 -4.089584e-05
22471.072342 2.289363e+00 1.940778e+00 4.156332e+00 5.043336e-04 -6.310963e-05 -1.216282e-05 4.665537e-06 -4.419256e-05
22474.016743 2.288280e+00 1.939945e+00 4.149229e+00 5.071689e-04 -6.016281e-05 -1.593148e-05 -1.814325e-06 -4.414011e-05
22476.973335 2.288420e+00 1.940156e+00 4.146822e+00 4.688437e-04 -6.495101e-05 -2.238567e-05 6.373583e-06 -4.342774e-05
22479.942120 2.287310e+00 1.938986e+00 4.151368e+00 5.181114e-04 -6.243607e-05 -1.421001e-05 1.000864e-05 -3.660636e-05
22482.923096 2.284501e+00 1.936956e+00 4.164771e+00 5.165516e-04 -5.517015e-05 -9.950241e-06 3.342625e-06 -4.240924e-05
22485.916265 2.281699e+00 1.935095e+00 4.186128e+00 4.546298e-04 -6.450512e-05 -5.795069e-06 -7.147017e-06 -4.377359e-05
22488.921625 2.280487e+00 1.933953e+00 4.210828e+00 5.092943e-04 -6.343145e-05 -4.938810e-06 -1.026054e-05 -4.522541e-05
22491.939177 2.280534e+00 1.934681e+00 4.242145e+00 5.336221e-04 -6.039593e-05 -2.905157e-06 -1.031565e-05 -4.282576e-05
22494.968921 2.277246e+00 1.932035e+00 4.258461e+00 5.426777e-04 -6.190264e-05 -1.252548e-06 -1.235457e-05 -4.067980e-05
22498.010858 2.276919e+00 1.931238e+00 4.270996e+00 5.059193e-04 -6.342317e-05 -1.244223e-05 -1.144703e-05 -3.449442e-05
22501.064985 2.273864e+00 1.928768e+00 4.274694e+00 4.997079e-04 -5.186951e-05 -7.166609e-06 -7.071126e-06 -3.487576e-05
22504.131305 2.268413e+00 1.925257e+00 4.276428e+00 4.685886e-04 -5.724675e-05 -1.109031e-05 -1.151757e-05 -4.130474e-05
22507.209817 2.268822e+00 1.925661e+00 4.283651e+00 4.391564e-04 -6.044918e-05 6.477306e-07 -1.911248e-05 -4.194478e-05
22510.300521 2.268568e+00 1.925176e+00 4.292312e+00 4.839524e-04 -6.340347e-05 -6.084631e-06 -1.723615e-05 -4.303283e-05
22513.403416 2.267418e+00 1.923737e+00 4.296285e+00 4.808838e-04 -6.667247e-05 -1.323514e-05 -5.697754e-06 -3.944404e-05
22516.518504 2.264846e+00 1.922035e+00 4.303378e+00 4.337019e-04 -5.826796e-05 -1.877227e-05 -1.367749e-06 -3.940784e-05
22519.645783 2.261326e+00 1.919549e+00 4.312321e+00 4.706578e-04 -6.985039e-05 -1.868353e-05 -2.956703e-06 -5.011672e-05
22522.785255 2.260206e+00 1.918406e+00 4.329043e+00 4.691096e-04 -7.121148e-05 -1.248167e-05 -4.589679e-06 -5.511179e-05
22525.936918 2.256991e+00 1.915248e+00 4.347179e+00 4.411800e-04 -6.307783e-05 -1.233104e-05 -1.080125e-05 -6.372943e-05
22529.100773 2.256482e+00 1.914922e+00 4.372436e+00 5.013522e-04 -6.823507e-05 -2.140198e-05 -4.126308e-06 -7.058606e-05
22532.276820 2.251882e+00 1.911396e+00 4.379449e+00 4.646770e-04 -6.321586e-05 -2.112958e-05 -4.417143e-06 -5.175047e-05
22535.465059 2.245958e+00 1.906770e+00 4.373777e+00 4.972734e-04 -6.363332e-05 -2.155904e-05 -6.068293e-06 -5.543895e-05
22538.665490 2.243971e+00 1.905065e+00 4.369332e+00 4.526484e-04 -5.994779e-05 -1.476801e-05 3.977222e-07 -5.265019e-05
22541.878112 2.242608e+00 1.903018e+00 4.364444e+00 4.324329e-04 -6.248012e-05 -1.299650e-05 -1.168826e-05 -4.518269e-05
22545.102927 2.240470e+00 1.901719e+00 4.355551e+00 4.855723e-04 -6.074338e-05 -1.081110e-05 -1.048268e-05 -5.180227e-05
22548.339934 2.237456e+00 1.899982e+00 4.342936e+00 4.454872e-04 -5.649430e-05 -3.613047e-08 -1.829568e-05 -5.349041e-05
22551.589132 2.232750e+00 1.896029e+00 4.325835e+00 4.465286e-04 -5.167185e-05 4.063739e-06 -1.083963e-05 -4.869533e-05
22554.850523 2.225316e+00 1.889408e+00 4.302018e+00 3.784603e-04 -5.983372e-05 3.722973e-06 -1.044718e-05 -4.935803e-05
22558.124105 2.209516e+00 1.876737e+00 4.260835e+00 4.933716e-04 -5.767010e-05 9.616871e-06 -1.935113e-05 -5.358555e-05
22561.409879 2.172836e+00 1.845737e+00 4.178322e+00 4.670790e-04 -5.866269e-05 4.069292e-06 -8.183594e-06 -5.399995e-05
22564.707845 2.048779e+00 1.741086e+00 3.924493e+00 4.677044e-04 -5.653649e-05 5.546117e-06 -6.986301e-06 -4.645930e-05
22568.018003 1.972614e+00 1.675767e+00 3.766662e+00 4.434996e-04 -5.815368e-05 2.528471e-06 -1.283013e-05 -5.290084e-05
22571.340353 2.064781e+00 1.754285e+00 3.924005e+00 4.309870e-04 -5.647483e-05 4.725576e-06 -1.095721e-05 -5.794239e-05
22574.674895 2.149272e+00 1.826267e+00 4.063844e+00 4.418883e-04 -5.762161e-05 8.072506e-06 -2.164607e-07 -4.458279e-05
22578.021629 2.203601e+00 1.872175e+00 4.146445e+00 4.788667e-04 -6.934758e-05 5.222311e-06 -6.963145e-06 -4.941848e-05
22581.380554 2.226451e+00 1.891896e+00 4.175665e+00 4.873419e-04 -6.098946e-05 7.805548e-06 -6.494566e-06 -5.145411e-05
22584.751672 2.231978e+00 1.896454e+00 4.173480e+00 4.621463e-04 -6.835714e-05 8.245980e-06 -1.195879e-05 -5.097496e-05
22588.134982 2.232029e+00 1.896754e+00 4.169224e+00 4.586659e-04 -7.052678e-05 5.067740e-06 -1.025263e-05 -5.029537e-05
22591.530483 2.230419e+00 1.895049e+00 4.170195e+00 4.434180e-04 -7.205969e-05 -4.290836e-06 -5.407506e-06 -6.340080e-05
22594.938176 2.228316e+00 1.893707e+00 4.181722e+00 4.302851e-04 -6.554263e-05 -8.526849e-07 -8.443088e-06 -6.579373e-05
22598.358061 2.226929e+00 1.892571e+00 4.208313e+00 4.404102e-04 -6.616899e-05 -3.779992e-06 -9.143089e-06 -6.256958e-05
22601.790139 2.224475e+00 1.889990e+00 4.233464e+00 4.438814e-04 -6.061581e-05 -1.947249e-06 -1.297287e-05 -4.880169e-05
22605.234408 2.221787e+00 1.888851e+00 4.258103e+00 4.479546e-04 -6.075865e-05 9.517233e-07 -2.124582e-05 -4.790939e-05
22608.690868 2.220770e+00 1.888271e+00 4.276578e+00 4.302269e-04 -5.377289e-05 7.993265e-06 -2.253463e-05 -5.077129e-05
22612.159521 2.219421e+00 1.886822e+00 4.285347e+00 4.324099e-04 -4.197401e-05 1.174248e-05 -2.736521e-05 -4.278692e-05
22615.640366 2.216561e+00 1.884000e+00 4.287407e+00 4.949573e-04 -4.235445e-05 1.640887e-05 -3.024245e-05 -4.434629e-05
22619.133403 2.214816e+00 1.882739e+00 4.293255e+00 4.421499e-04 -4.805610e-05 5.795982e-06 -2.158964e-05 -4.539811e-05
22622.638631 2.212959e+00 1.881562e+00 4.303756e+00 4.865775e-04 -4.694234e-05 -2.365892e-06 -2.054338e-05 -5.431927e-05
22626.156052 2.212170e+00 1.880920e+00 4.321527e+00 5.116135e-04 -3.437175e-05 4.970790e-06 -2.183724e-05 -5.395225e-05
22629.685664 2.209859e+00 1.879890e+00 4.333673e+00 5.014431e-04 -4.717069e-05 5.058990e-06 -1.064806e-05 -5.107617e-05
22633.227468 2.206868e+00 1.877513e+00 4.348721e+00 4.430205e-04 -5.203569e-05 3.632896e-06 -1.589221e-05 -5.261244e-05
22636.781465 2.205968e+00 1.876131e+00 4.362510e+00 4.458282e-04 -4.928726e-05 1.107614e-05 -9.806865e-06 -5.530852e-05
22640.347653 2.203233e+00 1.874308e+00 4.366948e+00 4.251214e-04 -4.888768e-05 2.133023e-05 -3.876115e-06 -5.115619e-05
22643.926033 2.202230e+00 1.873070e+00 4.368405e+00 4.615376e-04 -5.452600e-05 2.391816e-05 -8.854387e-06 -5.336444e-05
22647.516605 2.199254e+00 1.870942e+00 4.361643e+00 4.271515e-04 -5.793580e-05 2.406808e-05 -2.090239e-05 -5.125591e-05
22651.119369 2.197404e+00 1.870222e+00 4.354431e+00 4.042347e-04 -6.233914e-05 1.967434e-05 -3.018224e-05 -5.635325e-05
22654.734324 2.195685e+00 1.868363e+00 4.337644e+00 4.405732e-04 -6.301428e-05 2.266595e-05 -1.419911e-05 -4.941870e-05
22658.361472 2.193565e+00 1.866794e+00 4.322843e+00 4.532593e-04 -6.807523e-05 2.319314e-05 -6.767884e-06 -4.845820e-05
22662.000811 2.192983e+00 1.866488e+00 4.307892e+00 4.675588e-04 -7.092231e-05 1.571513e-05 -2.547116e-05 -4.472509e-05
22665.652343 2.190772e+00 1.864231e+00 4.292250e+00 4.451888e-04 -6.300058e-05 1.346999e-05 -2.591167e-05 -4.051186e-05
22669.316066 2.187150e+00 1.861655e+00 4.273593e+00 4.774860e-04 -6.799808e-05 9.211583e-06 -2.293803e-05 -4.926172e-05
22672.991982 2.185349e+00 1.859981e+00 4.259297e+00 4.773738e-04 -6.130951e-05 2.146154e-05 -2.028544e-05 -4.526174e-05
22676.680089 2.184122e+00 1.859035e+00 4.247719e+00 4.039768e-04 -6.796487e-05 3.014726e-05 -1.471662e-05 -5.318371e-05
22680.380388 2.182111e+00 1.857781e+00 4.239960e+00 4.802651e-04 -7.240606e-05 2.797899e-05 -8.029623e-06 -4.715336e-05
22684.092879 2.180117e+00 1.856268e+00 4.236229e+00 4.409739e-04 -6.436580e-05 3.064221e-05 -1.995463e-05 -5.145156e-05
22687.817562 2.178733e+00 1.854883e+00 4.239580e+00 4.106680e-04 -5.737642e-05 2.535992e-05 -1.811454e-05 -5.714244e-05
22691.554437 2.176584e+00 1.853404e+00 4.243818e+00 4.507808e-04 -6.675256e-05 1.678698e-05 -9.453569e-06 -5.029820e-05
22695.303503 2.174514e+00 1.851569e+00 4.245489e+00 5.083287e-04 -6.459311e-05 1.005027e-05 -8.144717e-06 -4.854894e-05
22699.064762 2.172269e+00 1.850387e+00 4.245425e+00 4.625162e-04 -5.805967e-05 1.851262e-05 -1.192121e-05 -4.179804e-05
22702.838213 2.172048e+00 1.849866e+00 4.239284e+00 4.751534e-04 -6.110877e-05 1.300781e-05 -1.505077e-05 -4.384686e-05
22706.623855 2.168486e+00 1.847080e+00 4.225689e+00 4.809818e-04 -6.662287e-05 1.325396e-06 -1.603949e-05 -5.662797e-05
22710.421689 2.166141e+00 1.845071e+00 4.217294e+00 4.795728e-04 -6.956279e-05 1.845659e-06 -6.711993e-06 -7.099843e-05
22714.231716 2.165595e+00 1.845139e+00 4.217697e+00 4.489626e-04 -6.139663e-05 1.192557e-06 -3.839040e-06 -6.451342e-05
22718.053934 2.164153e+00 1.844216e+00 4.224489e+00 4.763406e-04 -6.476072e-05 -5.211468e-06 -3.916994e-06 -6.671113e-05
22721.888344 2.161772e+00 1.842273e+00 4.226373e+00 4.534321e-04 -5.816039e-05 -3.539998e-06 -6.638063e-06 -6.494987e-05
22725.734946 2.160528e+00 1.840935e+00 4.237253e+00 4.710616e-04 -5.408162e-05 7.413925e-06 -2.488871e-06 -6.417870e-05
22729.593740 2.158959e+00 1.839498e+00 4.243427e+00 4.448256e-04 -5.307057e-05 1.262793e-05 3.969708e-06 -7.470896e-05
22733.464726 2.156273e+00 1.837207e+00 4.250747e+00 4.338428e-04 -4.992039e-05 1.731594e-05 -8.544536e-07 -7.895670e-05
22737.347903 2.151022e+00 1.832980e+00 4.255029e+00 4.429211e-04 -4.623211e-05 9.845239e-06 -2.621812e-06 -8.086841e-05
22741.243273 2.150553e+00 1.832929e+00 4.273935e+00 4.388907e-04 -4.110141e-05 5.813439e-06 -7.326953e-06 -7.585900e-05
22745.150835 2.148721e+00 1.831364e+00 4.282367e+00 4.705091e-04 -4.793132e-05 -4.993390e-06 -7.039574e-06 -7.968993e-05
22749.070588 2.146642e+00 1.829666e+00 4.285184e+00 4.321428e-04 -5.085932e-05 -1.422239e-05 4.000728e-06 -7.618581e-05
22753.002533 2.144034e+00 1.827291e+00 4.288072e+00 4.190532e-04 -4.166420e-05 -1.060796e-05 -3.015317e-06 -7.339697e-05
22756.946671 2.141948e+00 1.825752e+00 4.288797e+00 4.444258e-04 -5.105184e-05 -1.345129e-05 -2.458584e-06 -6.480134e-05
22760.903000 2.140648e+00 1.825656e+00 4.290464e+00 4.805584e-04 -6.033847e-05 -1.260678e-05 4.676910e-06 -5.831079e-05
22764.871521 2.140352e+00 1.825394e+00 4.298401e+00 4.418510e-04 -6.125584e-05 -1.711577e-06 7.812843e-06 -7.345722e-05
22768.852234 2.139153e+00 1.824476e+00 4.304115e+00 4.708222e-04 -5.949620e-05 3.518379e-06 7.643427e-07 -7.708581e-05
22772.845139 2.136245e+00 1.822034e+00 4.304374e+00 4.137016e-04 -5.744339e-05 8.226296e-06 2.488789e-06 -8.096252e-05
22776.850236 2.132460e+00 1.818875e+00 4.298131e+00 4.321829e-04 -5.703354e-05 1.088815e-05 1.086158e-06 -9.353474e-05
22780.867524 2.129461e+00 1.816396e+00 4.288886e+00 4.447070e-04 -5.417704e-05 9.874681e-06 6.101245e-06 -8.626382e-05
22784.897005 2.128294e+00 1.815410e+00 4.279300e+00 4.069638e-04 -5.356517e-05 8.982725e-06 1.369296e-05 -6.991757e-05
22788.938678 2.128041e+00 1.814943e+00 4.270062e+00 4.371021e-04 -5.132513e-05 7.976058e-06 1.233290e-06 -6.964488e-05
22792.992542 2.126899e+00 1.814851e+00 4.260373e+00 4.075849e-04 -5.527636e-05 1.228329e-05 -5.092357e-06 -6.681990e-05
22797.058598 2.125419e+00 1.813625e+00 4.249956e+00 4.772339e-04 -4.491880e-05 1.762687e-05 -5.427321e-06 -5.865952e-05
22801.136847 2.122925e+00 1.811609e+00 4.243255e+00 4.442341e-04 -4.771821e-05 2.679982e-05 4.541286e-06 -5.657691e-05
22805.227287 2.121024e+00 1.810027e+00 4.239847e+00 4.578944e-04 -5.061108e-05 1.905774e-05 3.941273e-06 -6.014085e-05
22809.329919 2.119503e+00 1.809114e+00 4.243598e+00 4.520000e-04 -5.440884e-05 1.001755e-05 -5.066918e-06 -5.769373e-05
22813.444743 2.117377e+00 1.807158e+00 4.247439e+00 4.341411e-04 -5.904818e-05 9.937210e-06 -7.407556e-06 -5.453229e-05
22817.571759 2.115352e+00 1.805620e+00 4.251086e+00 4.411309e-04 -6.291441e-05 9.929298e-06 -7.383040e-06 -5.304620e-05
22821.710967 2.112440e+00 1.802974e+00 4.249402e+00 3.505093e-04 -6.811964e-05 2.693825e-05 -9.835401e-07 -5.160815e-05
22825.862366 2.112077e+00 1.803388e+00 4.250739e+00 4.519706e-04 -6.612973e-05 2.008671e-05 -8.263373e-06 -5.825059e-05
22830.025958 2.109176e+00 1.800721e+00 4.243991e+00 4.710727e-04 -7.216226e-05 1.677260e-05 -9.985779e-06 -6.196404e-05
22834.201742 2.105283e+00 1.797465e+00 4.230720e+00 4.568974e-04 -7.281533e-05 2.026647e-05 8.253036e-06 -6.144643e-05
22838.389717 2.102934e+00 1.795300e+00 4.223495e+00 4.363336e-04 -5.772598e-05 2.254458e-05 9.724451e-06 -5.748806e-05
22842.589884 2.102305e+00 1.795248e+00 4.217358e+00 4.685432e-04 -5.352014e-05 1.989411e-05 2.149493e-06 -5.915201e-05
22846.802244 2.100534e+00 1.793936e+00 4.210128e+00 4.454576e-04 -5.171049e-05 1.513281e-05 -7.072213e-06 -6.011691e-05
22851.026795 2.100939e+00 1.794541e+00 4.209195e+00 4.675969e-04 -6.255546e-05 1.679360e-05 2.113163e-08 -5.586557e-05
22855.263538 2.097568e+00 1.791476e+00 4.204318e+00 4.457501e-04 -5.510720e-05 2.718166e-05 -7.559058e-06 -6.756445e-05
22859.512473 2.095468e+00 1.790046e+00 4.208306e+00 4.141485e-04 -4.737182e-05 2.006548e-05 -2.910717e-06 -6.742745e-05
22863.773600 2.094085e+00 1.788788e+00 4.215837e+00 4.009623e-04 -5.003029e-05 7.069817e-06 -8.198581e-06 -5.429421e-05
22868.046919 2.090409e+00 1.785782e+00 4.223543e+00 4.320880e-04 -4.099310e-05 6.672653e-06 -1.660479e-05 -4.715389e-05
22872.332429 2.088981e+00 1.784816e+00 4.237629e+00 3.876481e-04 -3.922281e-05 2.028866e-05 -1.715722e-05 -5.310676e-05
22876.630132 2.087204e+00 1.784010e+00 4.249951e+00 4.133628e-04 -3.431725e-05 2.207076e-05 -5.988562e-06 -4.654846e-05
22880.940026 2.085790e+00 1.782425e+00 4.260382e+00 3.917456e-04 -4.593782e-05 1.350436e-05 3.116235e-06 -4.756833e-05
22885.262113 2.082823e+00 1.779786e+00 4.268726e+00 4.223093e-04 -4.684625e-05 2.268997e-05 9.587573e-07 -4.807422e-05
22889.596391 2.081607e+00 1.779215e+00 4.278362e+00 4.626396e-04 -5.095136e-05 2.095382e-05 -6.209469e-06 -5.632196e-05
22893.942861 2.080404e+00 1.777720e+00 4.282872e+00 4.337079e-04 -4.663378e-05 1.586769e-05 -6.489335e-06 -6.000053e-05
22898.301524 2.077528e+00 1.775684e+00 4.282447e+00 4.487157e-04 -4.698102e-05 3.014164e-05 -1.494608e-06 -4.603164e-05
22902.672378 2.076342e+00 1.774840e+00 4.282330e+00 4.272546e-04 -5.225327e-05 2.479385e-05 3.716540e-06 -4.551074e-05
22907.055424 2.073937e+00 1.773319e+00 4.280073e+00 4.392387e-04 -6.332587e-05 1.501588e-05 -2.260596e-06 -5.278591e-05
22911.450662 2.070807e+00 1.770486e+00 4.273111e+00 4.623767e-04 -5.737285e-05 1.372188e-05 3.010347e-06 -6.247018e-05
22915.858091 2.069990e+00 1.770106e+00 4.268125e+00 4.311640e-04 -5.874941e-05 2.002321e-05 3.091586e-07 -9.754792e-05
22920.277713 2.068537e+00 1.768913e+00 4.257044e+00 4.074286e-04 -6.575731e-05 2.686481e-05 9.549278e-06 -1.066382e-04
22924.709527 2.065915e+00 1.766755e+00 4.243604e+00 4.244153e-04 -5.958605e-05 2.739266e-05 4.522900e-07 -6.970497e-05
22929.153532 2.063812e+00 1.765374e+00 4.231439e+00 4.611585e-04 -6.176348e-05 2.526379e-05 5.473548e-06 -5.227761e-05
22933.609730 2.061770e+00 1.763723e+00 4.225578e+00 4.375980e-04 -7.051883e-05 1.758814e-05 3.311479e-06 -4.998974e-05
22938.078119 2.058522e+00 1.760604e+00 4.219358e+00 4.658077e-04 -7.521810e-05 2.076378e-05 -1.213718e-06 -5.537336e-05
22942.558700 2.056094e+00 1.758913e+00 4.218516e+00 4.690614e-04 -7.040829e-05 1.956037e-05 -2.615597e-06 -6.300174e-05
22947.051473 2.055278e+00 1.758409e+00 4.222110e+00 4.270668e-04 -6.487302e-05 1.588836e-05 -7.033520e-06 -6.949655e-05
22951.556438 2.052897e+00 1.756836e+00 4.223819e+00 4.393695e-04 -5.914010e-05 8.317018e-06 -1.983908e-05 -6.843420e-05
22956.073595 2.050522e+00 1.754432e+00 4.224530e+00 4.543394e-04 -5.584769e-05 -9.433436e-07 -1.315804e-05 -5.844336e-05
22960.602944 2.049749e+00 1.754373e+00 4.227118e+00 4.902471e-04 -6.132580e-05 -1.006292e-05 -1.044171e-05 -5.825360e-05
22965.144485 2.047767e+00 1.752382e+00 4.227052e+00 4.931893e-04 -6.403410e-05 -1.190298e-05 6.569663e-07 -5.973767e-05
22969.698218 2.044345e+00 1.749741e+00 4.225750e+00 4.515967e-04 -5.631994e-05 -8.382327e-06 9.896143e-07 -5.060090e-05
22974.264142 2.042418e+00 1.748407e+00 4.226391e+00 4.213724e-04 -5.645216e-05 -9.504860e-06 2.567305e-06 -4.961371e-05
22978.842259 2.041375e+00 1.747355e+00 4.227124e+00 4.416952e-04 -6.386201e-05 -1.082923e-05 4.154420e-06 -5.044709e-05
22983.432567 2.039400e+00 1.746076e+00 4.224928e+00 4.210125e-04 -7.532990e-05 -2.683492e-06 1.114134e-06 -4.542060e-05
22988.035068 2.035981e+00 1.743359e+00 4.218385e+00 4.215773e-04 -7.385300e-05 1.150360e-05 5.836512e-07 -3.971135e-05
22992.649760 2.033658e+00 1.741620e+00 4.216260e+00 4.053248e-04 -6.493992e-05 8.149204e-06 -1.372749e-07 -4.468227e-05
22997.276644 2.031215e+00 1.739432e+00 4.212747e+00 4.251872e-04 -6.342644e-05 -3.643562e-06 -5.938858e-06 -5.260385e-05
23001.915720 2.029958e+00 1.738560e+00 4.213184e+00 4.553420e-04 -5.964822e-05 -7.959470e-06 -9.491542e-06 -5.098405e-05
23006.566988 2.027424e+00 1.736742e+00 4.211468e+00 4.776731e-04 -6.129680e-05 -2.591913e-06 -6.383243e-06 -4.928742e-05
23011.230448 2.025950e+00 1.735574e+00 4.215570e+00 4.439933e-04 -6.028846e-05 -1.344146e-05 -1.202733e-06 -5.363016e-05
23015.906100 2.023620e+00 1.733619e+00 4.216288e+00 4.008771e-04 -6.253497e-05 -4.045188e-06 5.112993e-08 -5.058021e-05
23020.593943 2.021486e+00 1.732083e+00 4.221471e+00 4.411718e-04 -6.607674e-05 7.722191e-07 1.034274e-07 -4.738964e-05
23025.293979 2.019024e+00 1.730222e+00 4.224776e+00 4.324226e-04 -6.914831e-05 -1.230941e-05 -7.691208e-08 -4.614281e-05
23030.006206 2.017175e+00 1.728387e+00 4.228098e+00 4.167345e-04 -6.888284e-05 -4.038272e-06 1.888096e-06 -4.507499e-05
23034.730626 2.011388e+00 1.723702e+00 4.223140e+00 4.316719e-04 -6.421080e-05 -4.870690e-06 1.608215e-06 -4.463636e-05
23039.467237 2.004743e+00 1.718206e+00 4.216116e+00 4.340511e-04 -6.127122e-05 -1.327129e-05 2.278827e-06 -4.473737e-05
23044.216040 2.003291e+00 1.717043e+00 4.218692e+00 4.502172e-04 -6.888747e-05 -3.570580e-06 -1.003028e-05 -3.845827e-05
23048.977036 2.005024e+00 1.718937e+00 4.224704e+00 4.254431e-04 -6.697101e-05 3.312784e-06 -5.626990e-06 -4.104756e-05
23053.750223 2.005067e+00 1.719212e+00 4.227226e+00 4.077724e-04 -6.296682e-05 -9.972402e-07 1.720014e-06 -4.285950e-05
23058.535602 2.003050e+00 1.717371e+00 4.227244e+00 4.107121e-04 -6.472315e-05 9.123074e-07 -1.123676e-05 -4.017336e-05
23063.333172 2.000910e+00 1.715834e+00 4.226286e+00 4.006080e-04 -5.881435e-05 1.822201e-06 3.792301e-07 -4.635366e-05
23068.142935 1.998546e+00 1.714076e+00 4.223480e+00 4.313945e-04 -6.605287e-05 -6.382991e-07 6.495649e-08 -4.021441e-05
23072.964890 1.995760e+00 1.711745e+00 4.219380e+00 4.391625e-04 -6.118775e-05 3.028771e-06 3.176658e-06 -4.125032e-05
23077.799037 1.994312e+00 1.710540e+00 4.217677e+00 4.227165e-04 -5.532449e-05 5.266963e-06 -3.017590e-06 -4.889676e-05
23082.645375 1.992532e+00 1.709200e+00 4.215893e+00 4.269736e-04 -5.144260e-05 4.017777e-06 2.480629e-06 -3.954392e-05
23087.503905 1.988319e+00 1.705715e+00 4.210069e+00 4.143550e-04 -5.893904e-05 -3.295158e-06 4.790605e-06 -3.799762e-05
23092.374628 1.569397e+00 1.346421e+00 3.324440e+00 3.265007e-04 -4.470747e-05 5.141547e-06 6.515257e-07 -3.335055e-05
23097.257542 1.197603e-01 1.027391e-01 2.537044e-01 2.545842e-05 -3.082646e-06 1.199415e-06 -1.566585e-08 -2.815754e-06
