# energy mu dmude
2.511616275999999925e+04 1.385388915449440095e+00 -7.968334769122024233e-06
2.512532494999999835e+04 1.385585280159439936e+00 -9.468894364912251496e-06
2.513477178999999887e+04 1.385753236442260006e+00 -1.200804176133659250e-05
2.514478210000000036e+04 1.385905150045809942e+00 -1.604481064358593659e-05
2.515480040999999983e+04 1.385982583726419914e+00 -9.814113489176364008e-06
2.516510536000000138e+04 1.386294361119889906e+00 -8.645768848135108800e-08
2.517513993000000119e+04 1.386616620978049941e+00 -8.336078912448023951e-06
2.518546159999999873e+04 1.386721386276859924e+00 -1.634508909077090038e-05
2.519523316999999952e+04 1.386839251804490081e+00 -1.260948468561151159e-05
2.520529186000000118e+04 1.387032650608629902e+00 -1.595469423146080947e-06
2.521535860999999932e+04 1.387429084256410095e+00 -2.608978731932692498e-06
2.522543343000000095e+04 1.387597728117009988e+00 1.555967890435539681e-06
2.523523614000000089e+04 1.388089066402200089e+00 -4.186771043393574256e-06
2.524504649000000063e+04 1.388109735173409964e+00 -1.199018441261072323e-05
2.525542575999999826e+04 1.388421423437339985e+00 -4.782967590293765161e-07
2.526525187000000005e+04 1.388729806594799943e+00 1.518432593087617837e-06
2.527564781999999832e+04 1.389091906773429974e+00 3.845291332234075601e-06
2.528548973000000115e+04 1.389459009487379992e+00 5.379592961847510150e-06
2.529562084999999934e+04 1.389849438773999912e+00 7.161722415585434519e-06
2.530547837000000072e+04 1.390261156447200053e+00 1.223769195920283380e-05
2.531590755999999965e+04 1.390790805840780076e+00 9.175421960716629999e-06
2.532549873999999909e+04 1.391114398947330022e+00 1.353248675113314038e-06
2.533537963999999920e+04 1.391432447820809992e+00 1.533804954640301943e-05
2.534555092000000150e+04 1.392121712868320094e+00 2.325206571149358254e-05
2.535544752000000153e+04 1.392636820755619897e+00 2.132995557424383274e-05
2.536563496999999916e+04 1.393279348840700038e+00 3.154677147715699825e-05
2.537554732000000149e+04 1.394049148136389915e+00 5.857381847990017796e-05
2.538575098000000071e+04 1.395364702888119979e+00 6.527726343280716270e-05
2.539539533999999912e+04 1.396271146995980095e+00 4.582855313512554829e-05
2.540533103000000119e+04 1.397086092680569935e+00 4.723973364735698286e-05
2.541555874000000040e+04 1.398078986639859966e+00 7.687216013249534958e-05
2.542579470999999830e+04 1.399670244030289945e+00 1.108407753919972080e-04
2.543575429000000076e+04 1.401477071417460030e+00 1.501477079886360578e-04
2.544600659000000087e+04 1.404052896964719910e+00 2.050735128821204066e-04
2.545598205999999846e+04 1.407236201874350057e+00 2.950701487168017100e-04
2.546568001999999979e+04 1.411842275946179948e+00 4.476503556926663590e-04
2.547624211999999898e+04 1.419078127209459916e+00 7.331456182936280357e-04
2.548595558000000165e+04 1.430846915920799933e+00 9.972300984145150270e-04
2.548709882999999900e+04 1.432797526618210027e+00 1.286010403415118342e-03
2.548881390000000101e+04 1.435478996626990078e+00 1.460735103690621308e-03
2.548995740999999907e+04 1.438047278358610015e+00 1.920551520198418355e-03
2.549138693000000058e+04 1.441666467346419900e+00 2.067873166849227597e-03
2.549310257999999885e+04 1.446183218118620051e+00 2.156032180559367805e-03
2.549481844999999885e+04 1.450916998974630001e+00 2.525877543045230468e-03
2.549596250000000146e+04 1.455200021742719896e+00 3.137605927866782447e-03
2.549767875999999887e+04 1.462097392010409891e+00 3.795872495985764660e-03
2.549882306999999855e+04 1.468708507259320006e+00 4.323528565083217291e-03
2.550053972000000067e+04 1.477473321008540008e+00 5.012432521395300024e-03
2.550197044000000096e+04 1.488303271892940094e+00 6.616692103346932981e-03
2.550368750999999975e+04 1.503311448050639987e+00 8.240978983278069575e-03
2.550511857999999847e+04 1.520463630418450007e+00 1.260163892008770922e-02
2.550683608000000095e+04 1.552443853226789905e+00 1.716581431377082329e-02
2.550798121000000174e+04 1.581280735096290080e+00 2.420317918311090319e-02
2.550969910000000164e+04 1.638168746318060087e+00 3.351967211278316511e-02
2.551113085000000137e+04 1.711851129268209926e+00 4.470554841540335528e-02
2.551256276000000071e+04 1.796470205088029903e+00 5.401273549524779338e-02
2.551399482999999964e+04 1.903111874375019941e+00 5.790893701605842603e-02
2.551571353000000090e+04 2.022054207550810112e+00 5.323029051626699398e-02
2.551714594999999827e+04 2.110501228147910080e+00 5.229112298566138128e-02
2.551857853999999861e+04 2.207288119085140110e+00 5.069417457470986460e-02
2.552029785999999876e+04 2.308063890388550199e+00 5.078589133466938216e-02
2.552144420000000173e+04 2.387233355793259904e+00 4.935931553271363792e-02
2.552316390999999931e+04 2.482980784834420085e+00 3.809504645159517144e-02
2.552488384999999835e+04 2.549275297474120183e+00 2.776173340339859602e-02
2.552603059999999823e+04 2.581422530399489990e+00 1.316987005367258046e-02
2.552775092999999833e+04 2.596028501515760034e+00 3.248500493312697635e-03
2.552918471000000136e+04 2.594183588524320072e+00 -3.461883420204959171e-03
2.553061865000000034e+04 2.583849308592020222e+00 -6.169228671655800980e-03
2.553233959999999934e+04 2.570229157719679858e+00 -8.411254260504182415e-03
2.553348703000000023e+04 2.554122735507549979e+00 -1.008363267518342168e-02
2.553520836000000054e+04 2.534569598102530019e+00 -8.897087191176778972e-03
2.553664299000000028e+04 2.519520966121179928e+00 -6.262653229971241672e-03
2.553807776999999987e+04 2.512451467025509810e+00 -3.628702920984970830e-04
2.553979972999999882e+04 2.518204088213019887e+00 6.584780046068956956e-03
2.554152190999999948e+04 2.540586306507119918e+00 1.370491163766673903e-02
2.554238308999999936e+04 2.562038857454310037e+00 2.064434599486032751e-02
2.554410562999999820e+04 2.606584938625790215e+00 1.994158440164773768e-02
2.554582839999999851e+04 2.647053760732540173e+00 1.839255291395946665e-02
2.554755141000000003e+04 2.685015084471920055e+00 1.288225342798162559e-02
2.554956187000000136e+04 2.706608068532390110e+00 1.599097391883788502e-03
2.555185993999999846e+04 2.693664375006580070e+00 -9.131644547449399574e-03
2.555358376000000135e+04 2.661346460276460046e+00 -1.782100562925495110e-02
2.555559518000000025e+04 2.611517756918989797e+00 -2.021671927508973329e-02
2.555760690999999861e+04 2.560956780986110015e+00 -1.581620099004635641e-02
2.555961896999999954e+04 2.532994528304989945e+00 -8.006022983929267714e-03
2.556163133999999991e+04 2.521264847289950151e+00 -1.103343940682188296e-03
2.556335647999999856e+04 2.528015200174579924e+00 5.047605542665675564e-03
2.556536943999999858e+04 2.544699840398270130e+00 7.593201088231157567e-03
2.556767036000000007e+04 2.568630945519120079e+00 8.147019153109053349e-03
2.556968400000000111e+04 2.588274963608609980e+00 7.247638889317264618e-03
2.557169796000000133e+04 2.604831325818380172e+00 5.741118152800931546e-03
2.557371224000000075e+04 2.616981348189430179e+00 5.171055551701319968e-03
2.557572683999999936e+04 2.630703939789469814e+00 5.562873462500443622e-03
2.557774176000000080e+04 2.644809236330779800e+00 6.658398689549599112e-03
2.557975699000000168e+04 2.663992498525900032e+00 8.599899586784849267e-03
2.558148459000000003e+04 2.684704929725649780e+00 8.212668135633937466e-03
2.558350042000000030e+04 2.702103170982330216e+00 3.545707280726128046e-03
2.558580460999999923e+04 2.703769807125600000e+00 -2.542631561023633423e-03
2.558753302999999869e+04 2.689557871746299789e+00 -8.934669274723718718e-03
2.558983795000000100e+04 2.659361164701969926e+00 -1.155087384570918987e-02
2.559185510000000068e+04 2.627996232457900039e+00 -1.356864637896156717e-02
2.559329610999999932e+04 2.601481374158950199e+00 -1.035567924676727633e-02
2.559589035000000149e+04 2.576480190650610069e+00 -7.210043852850719914e-03
2.559733181999999942e+04 2.565648073046269850e+00 -3.392986757294409218e-03
2.559935014999999839e+04 2.562081018296920032e+00 1.815881322168821945e-05
2.560165721000000121e+04 2.565880435584180219e+00 2.318674524259762074e-03
2.560367623000000094e+04 2.574612592714330184e+00 3.888884317259277447e-03
2.560569556000000011e+04 2.585414950826570024e+00 4.290238444632282419e-03
2.560771521999999823e+04 2.596153553361410182e+00 4.339432404802437068e-03
2.560973519999999917e+04 2.607204968085730101e+00 4.215762697395367652e-03
2.561146686000000045e+04 2.615816706835520034e+00 3.411434207397703693e-03
2.561377610999999888e+04 2.624367552961280214e+00 2.604837523288966884e-03
2.561579704000000129e+04 2.629891512125840158e+00 2.372973182004132261e-03
2.561752952999999980e+04 2.635492141938879929e+00 2.269996883208129281e-03
2.561983986999999979e+04 2.641359377675060127e+00 2.084847642910393241e-03
2.562157290999999896e+04 2.646036395109999884e+00 2.025314179786001471e-03
2.562359506999999940e+04 2.650875839625189911e+00 1.423768902112455652e-03
2.562561755999999878e+04 2.653279577295689862e+00 3.172332785205780100e-04
2.562764037000000098e+04 2.652588310823519979e+00 -9.372798062948885581e-04
2.562966349999999875e+04 2.648719672276000026e+00 -2.130789504808374476e-03
2.563139787000000069e+04 2.642811300114639828e+00 -2.948147292600917374e-03
2.563371072999999888e+04 2.634100639213800221e+00 -3.043969389513375215e-03
2.563573482000000149e+04 2.626632189156799857e+00 -2.876942369418662715e-03
2.563775922999999966e+04 2.619833273299859933e+00 -2.818267725902270319e-03
2.563949469999999928e+04 2.613654586749940112e+00 -2.459530261283272932e-03
2.564151970000000074e+04 2.608520786024400184e+00 -1.942938432699182864e-03
2.564354503000000113e+04 2.604055919454300039e+00 -1.478563105015770181e-03
2.564528127999999924e+04 2.601765129165510171e+00 -7.265117341677665083e-04
2.564759664999999950e+04 2.600544946462600038e+00 -5.952110295810223009e-05
2.564962294000000111e+04 2.601581572385680108e+00 7.736904654790614918e-04
2.565136002000000008e+04 2.604260987889969847e+00 1.543358457274204495e-03
2.565367649000000165e+04 2.609439773001339891e+00 2.150327226830957283e-03
2.565570375000000058e+04 2.615939988053459953e+00 2.616627730732988717e-03
2.565744165000000066e+04 2.621732899490949897e+00 2.322095077682788302e-03
2.565946949999999924e+04 2.626864344832629872e+00 1.813110607055730709e-03
2.566149768000000040e+04 2.630948049810299949e+00 1.264921373508350348e-03
2.566352617000000100e+04 2.633332698133480143e+00 6.579235302148749714e-04
2.566555499000000054e+04 2.634373865720330166e+00 1.321769174427953617e-04
2.566758412999999928e+04 2.634122485812549819e+00 -2.529655283166246755e-04
2.566932364999999845e+04 2.633313586917310101e+00 -4.421689073668737474e-04
2.567164338000000134e+04 2.632031310721360207e+00 -6.338751510898026683e-04
2.567367348000000129e+04 2.630042175990860098e+00 -8.924555432504565613e-04
2.567570391000000018e+04 2.627679894746569822e+00 -1.143459837345093969e-03
2.567744453000000067e+04 2.624831209811529842e+00 -1.326976143798363084e-03
2.567947555999999895e+04 2.621612713209190204e+00 -1.242762646500908267e-03
2.568179711999999927e+04 2.618282498910729839e+00 -1.145156260231930444e-03
2.568353857000000062e+04 2.615989788680269879e+00 -1.057708234877132152e-03
2.568528025999999954e+04 2.613838498189299919e+00 -8.515613242082630202e-04
2.568731252999999924e+04 2.612136200277670017e+00 -8.393930684605733833e-04
2.568934512000000177e+04 2.609748998549420218e+00 -9.283465095235533728e-04
2.569166848000000027e+04 2.607274993545659836e+00 -1.019789405046510333e-03
2.569341127000000051e+04 2.604751702080509990e+00 -1.078096428388859718e-03
2.569544483000000037e+04 2.602361748115450180e+00 -8.795645775345109886e-04
2.569747871999999916e+04 2.600457668717690130e+00 -7.491510988184143724e-04
2.569980355000000054e+04 2.598462705126189931e+00 -6.308707201731498029e-04
2.570154744999999821e+04 2.597412773851719869e+00 -4.428223754190135268e-04
2.570358229999999821e+04 2.596512981626629912e+00 -3.817775441350715012e-04
2.570561748000000080e+04 2.595619803964010153e+00 -2.702088367225286914e-04
2.570765297999999893e+04 2.595280987329720013e+00 -3.251893567407817105e-05
2.570939794999999867e+04 2.595586127074330118e+00 2.739001769263026999e-04
2.571172494999999981e+04 2.596786686279739964e+00 5.280247529287982865e-04
2.571347047000000020e+04 2.598371016360539798e+00 1.059059399179486122e-03
2.571841742000000158e+04 2.605755193965630045e+00 1.170904140867249027e-03
2.572103715999999986e+04 2.609556927021759787e+00 1.062514210871697354e-03
2.572394860999999946e+04 2.613191098316889782e+00 8.055769804096682852e-04
2.572656949000000168e+04 2.615237689266439958e+00 4.489714832696694484e-04
2.572977350999999908e+04 2.616605239638340130e+00 2.280216743203513383e-04
2.573239557000000059e+04 2.617061682966229874e+00 4.129410927888757608e-05
2.573530961000000025e+04 2.617060925583869935e+00 -1.396218007353944236e-04
2.573822430000000168e+04 2.616238268237800035e+00 -4.179399054160585179e-04
2.574113966000000073e+04 2.614232067746149912e+00 -7.043511087318066318e-04
2.574376405000000159e+04 2.611589455844499863e+00 -1.051878342468605789e-03
2.574697236999999950e+04 2.606832366492790154e+00 -1.398692347460176073e-03
2.575018148999999903e+04 2.600697414378089878e+00 -1.727365932364870009e-03
2.575280772000000070e+04 2.594558064979040068e+00 -1.823173920200856033e-03
2.575601829999999973e+04 2.587728953608229965e+00 -1.543783078078368601e-03
2.575893770999999833e+04 2.583054753186429853e+00 -1.175509110249129850e-03
2.576214981999999873e+04 2.579013356568189863e+00 -8.559977088600537144e-04
2.576536273000000074e+04 2.576458943208579822e+00 -5.005054352882534058e-04
2.576828426000000036e+04 2.575410866578669911e+00 -2.301845514517244574e-04
2.577120645000000150e+04 2.574979384545140082e+00 -7.158182920668342420e-05
2.577442163000000073e+04 2.575059913722800076e+00 2.813631572988151911e-05
2.577763762000000133e+04 2.575404169907910212e+00 1.069687677315602468e-04
2.578056193999999959e+04 2.576063694576080199e+00 2.945174299831946111e-04
2.578407200999999986e+04 2.577947368309290166e+00 4.778037458901200196e-04
2.578699779000000126e+04 2.580065250688679868e+00 7.140284716499161865e-04
2.579050962000000072e+04 2.583829362542839903e+00 8.336981760472353961e-04
2.579343687000000136e+04 2.586900867173250074e+00 8.048859968087271159e-04
2.579695045000000027e+04 2.590437499775319896e+00 6.797773922722596040e-04
2.580017208000000028e+04 2.592769686447990107e+00 4.963948574039178750e-04
2.580339450999999826e+04 2.594592214884550163e+00 3.023551226202847767e-04
2.580691082000000097e+04 2.595498450892849807e+00 5.879060289686045116e-05
2.581013493999999992e+04 2.595292776708689964e+00 -2.856784385808294616e-04
2.581365308999999979e+04 2.593329001305240133e+00 -5.858103419147437816e-04
2.581687889999999970e+04 2.590621382025000141e+00 -7.878536563086189224e-04
2.582010552000000098e+04 2.587248437511830090e+00 -9.474555916320268317e-04
2.582391984999999841e+04 2.582597460786809851e+00 -1.054410286878020454e-03
2.582714823999999862e+04 2.578291613162530194e+00 -1.175089763280619086e-03
2.583037743000000046e+04 2.573421735095430041e+00 -1.109313146497998637e-03
2.583419480000000112e+04 2.568851794590869986e+00 -9.209009159202324489e-04
2.583742577000000165e+04 2.565620696650630084e+00 -6.686851462842450513e-04
2.584095137999999861e+04 2.563479658993120136e+00 -3.832172679648125440e-04
2.584477188999999998e+04 2.562371440642739806e+00 -2.015413304106814137e-04
2.584800549999999930e+04 2.561943343173930021e+00 -6.431836947224270720e-05
2.585182809999999881e+04 2.562031284822650079e+00 3.644793389125435961e-05
2.585535766000000149e+04 2.562504479960749926e+00 7.042852050626151599e-05
2.585918244000000050e+04 2.562901426041999997e+00 -3.101279701910735134e-06
2.586241967999999906e+04 2.562698310441810179e+00 -9.908017009637423483e-05
2.586624654999999984e+04 2.562257419265900005e+00 -1.131356226540585689e-04
2.587007456000000093e+04 2.561867479872430131e+00 -1.376312259707509891e-05
2.587360912000000098e+04 2.562362488588879827e+00 1.816347284990718202e-04
2.587714463999999862e+04 2.563675637782070194e+00 3.024669320239473189e-04
2.588127064999999857e+04 2.565465983394419780e+00 3.290277058943240243e-04
2.588480828000000110e+04 2.567031541769150049e+00 2.801692792796738572e-04
2.588864180000000124e+04 2.568248733467620060e+00 2.036724713907134754e-04
2.589218145000000004e+04 2.569118020716540052e+00 1.139227582681242185e-04
2.589631225999999879e+04 2.569568573186050031e+00 4.012335883747492028e-05
2.589985401999999885e+04 2.569738462212619812e+00 -7.649171600357656132e-05
2.590369200999999885e+04 2.569101798909520173e+00 -1.801574899517725836e-04
2.590753114999999889e+04 2.568269341873770095e+00 -2.484295554526321751e-04
2.591137141999999949e+04 2.566984313705570120e+00 -4.284719073389716814e-04
2.591550838999999905e+04 2.564294794871710081e+00 -6.201237856435272162e-04
2.591935104000000138e+04 2.561118625680999905e+00 -7.394130840213308711e-04
2.592349054999999862e+04 2.557250506180420047e+00 -8.218188097690539871e-04
2.592703976999999941e+04 2.553550278509880034e+00 -7.863294015637185830e-04
2.593088584999999875e+04 2.550295342428019918e+00 -5.506137926651366891e-04
2.593502906000000075e+04 2.548363778522289902e+00 -2.823159120977844494e-04
2.593917359999999826e+04 2.547663045815680150e+00 -8.363880069150180397e-05
2.594302329000000100e+04 2.547787528680609981e+00 3.968967347723174557e-05
2.594717039999999906e+04 2.548305420182459979e+00 4.031609480894010909e-05
2.595131883000000016e+04 2.548460322468629968e+00 1.074503422685703714e-05
2.595546860000000015e+04 2.548675175365859857e+00 6.912623599181556696e-06
2.595961969999999928e+04 2.548790882203200159e+00 9.253599330163430470e-06
2.596347548000000097e+04 2.549017191897120060e+00 2.242078211304765782e-05
2.596792588999999862e+04 2.549280844721330208e+00 4.157411021393209567e-05
2.597208097999999882e+04 2.549728503228560150e+00 6.376359608005995115e-05
2.597594048000000112e+04 2.550163091039369778e+00 9.181525450139063887e-05
2.598039516999999978e+04 2.550931956557109803e+00 7.307886009510468296e-05
2.598455427000000054e+04 2.551210459402319941e+00 2.594126893323935371e-05
2.598871471000000020e+04 2.551458902366980031e+00 2.385548817783156307e-06
2.599317380000000048e+04 2.551505485549689922e+00 -5.251805372075156914e-05
2.599733699999999953e+04 2.551168990887890065e+00 -1.119218129973644589e-04
2.600179906000000119e+04 2.550582272104870096e+00 -1.391904790840969115e-04
2.600596502999999939e+04 2.549954722891779824e+00 -1.954729678111677969e-04
2.601043005999999878e+04 2.548767255313140190e+00 -2.601484076494687907e-04
2.601459880999999950e+04 2.547449046017080221e+00 -2.996100729078207442e-04
2.601906682000000001e+04 2.545839519290379993e+00 -2.984405041399383141e-04
2.602323834999999963e+04 2.544532855031520047e+00 -2.795729100229150011e-04
2.602800745000000097e+04 2.543030167069979974e+00 -2.631825935775484299e-04
2.603248007000000143e+04 2.541816089302360027e+00 -2.816256974528613894e-04
2.603665592000000106e+04 2.540290678117480105e+00 -2.633589002873104080e-04
2.604142995000000155e+04 2.539183165026769995e+00 -2.020540795959522120e-04
2.604560867000000144e+04 2.538335186869470128e+00 -1.651750379722599020e-04
2.605008737000000110e+04 2.537686751050439948e+00 -1.124678131127249570e-04
2.605486635000000024e+04 2.537338035002239867e+00 -7.222742173923120954e-05
2.605934823999999935e+04 2.537149798609729778e+00 -7.221633176539750409e-05
2.606383166999999958e+04 2.536818341652140152e+00 -7.253162536756642073e-05
2.606831666000000041e+04 2.536626431043389918e+00 -5.440062479595779687e-05
2.607310235000000102e+04 2.536485060575610184e+00 -4.772302909437277515e-05
2.607759053000000131e+04 2.536369566279430110e+00 -2.637062327441065589e-05
2.608208026999999856e+04 2.536473300421210109e+00 -1.058097587362748713e-05
2.608687102999999843e+04 2.536538502095750047e+00 -2.706303707025432833e-05
2.609166355000000112e+04 2.536452546886959869e+00 -2.687882535776138989e-05
2.609645783999999912e+04 2.536519923383429909e+00 -3.118366195860552053e-05
2.610095409999999902e+04 2.536385116440469822e+00 -8.141438670220982148e-05
2.610605172999999922e+04 2.535854738325309832e+00 -1.208563454874981305e-04
2.611055129999999917e+04 2.535251902933859824e+00 -1.600003121143948621e-04
2.611565268999999898e+04 2.534256634322920032e+00 -1.436632162535581752e-04
2.612045582999999897e+04 2.533803238988700191e+00 -1.539217604930635211e-04
2.612496038000000044e+04 2.532777265340290018e+00 -1.661339983909516753e-04
2.612976696000000084e+04 2.532182798161239923e+00 -1.565204554557614292e-04
2.613457530000000042e+04 2.531218186493469968e+00 -1.753503993953623027e-04
2.613938542999999845e+04 2.530399317307379992e+00 -1.727590086261400623e-04
2.614449812999999995e+04 2.529410048306929948e+00 -1.747398497913135523e-04
2.614931191000000035e+04 2.528566214304530213e+00 -1.762975760438040024e-04
2.615442851000000155e+04 2.527557108385470208e+00 -1.722187109232873312e-04
2.615924596999999994e+04 2.526762662880849941e+00 -1.495110710851493081e-04
2.616406520000000091e+04 2.526077975942150111e+00 -1.370748406570643013e-04
2.616888622000000032e+04 2.525431144803030215e+00 -1.226913144765868016e-04
2.617431198999999833e+04 2.524844823852860021e+00 -1.050899707563144274e-04
2.617883520000000135e+04 2.524450244355589845e+00 -7.557568406715222829e-05
2.618426511000000028e+04 2.524226549610669945e+00 -7.891701821600696700e-05
2.618909359000000040e+04 2.523770647216950103e+00 -7.865561402082531250e-05
2.619452778000000035e+04 2.523549984279029879e+00 -4.769057066734716407e-05
2.619936005999999907e+04 2.523486701544760180e+00 -6.807069507112019813e-05
2.620449631999999838e+04 2.523023208750740043e+00 -6.780409225071745791e-05
2.620963460000000123e+04 2.522947141006199878e+00 -5.113400179338854626e-05
2.621507733999999982e+04 2.522685536165360176e+00 -6.662370111254044963e-05
2.621991722999999911e+04 2.522422155458010185e+00 -8.532904783105794413e-05
2.622506158000000141e+04 2.521944984454259853e+00 -9.336064623016811952e-05
2.623051074000000153e+04 2.521531265640669872e+00 -1.107052607462571101e-04
2.623565926000000036e+04 2.520826584044599805e+00 -1.337333380299627196e-04
2.624080980999999883e+04 2.520151280947790173e+00 -1.168542277927865489e-04
2.624626554000000033e+04 2.519626678572069789e+00 -1.222423388930746538e-04
2.625172353999999905e+04 2.518843921354379845e+00 -1.317173454340056721e-04
2.625627361999999994e+04 2.518310618204859797e+00 -1.254152199634834945e-04
2.626203931999999986e+04 2.517567741003340132e+00 -1.235318270109557774e-04
2.626750390999999945e+04 2.516947441423489806e+00 -1.232496095052434753e-04
2.627236323999999877e+04 2.516318183660629870e+00 -1.243814855943477596e-04
2.627783213999999862e+04 2.515682915308190104e+00 -1.061822481336427367e-04
2.628330331999999908e+04 2.515224800033729835e+00 -1.004359863546208469e-04
2.628877678999999989e+04 2.514666796860059783e+00 -1.171403719794764027e-04
2.629425254000000132e+04 2.513982225307009877e+00 -1.141116830926407395e-04
2.629942618999999831e+04 2.513498107158150141e+00 -1.072220827769046725e-04
2.630490639999999985e+04 2.512903756586990056e+00 -1.047482837914336248e-04
2.631069354000000021e+04 2.512391982372149890e+00 -9.958312538805035074e-05
2.631587368000000060e+04 2.511897096483690195e+00 -8.837673592045711005e-05
2.632166566999999850e+04 2.511536831359410193e+00 -8.318183476238396093e-05
2.632746021000000110e+04 2.511068445338790145e+00 -7.335878237306253311e-05
2.633264698000000135e+04 2.510884772827230105e+00 -9.225646957207903434e-05
2.633814108000000124e+04 2.510184783506570039e+00 -1.132155009974772342e-04
2.634333206000000064e+04 2.509724001484470168e+00 -9.538887555916831466e-05
2.634944172999999864e+04 2.509206099399460044e+00 -9.529020687662108976e-05
2.635494285999999920e+04 2.508719872861279843e+00 -1.035365782794282416e-04
2.636105792999999903e+04 2.508083122447029911e+00 -1.102670021607958815e-04
2.636625797999999850e+04 2.507531887546280203e+00 -9.941409944442225444e-05
2.637207223000000158e+04 2.507074447226110170e+00 -1.026631510251998900e-04
2.637758284999999887e+04 2.506449298520669888e+00 -1.083877041862076404e-04
2.638370846000000165e+04 2.505879773168279812e+00 -1.060070537663483647e-04
2.638953043999999863e+04 2.505257808157660193e+00 -1.133833687546451411e-04
2.639535498999999982e+04 2.504612138785109909e+00 -1.161638470097546848e-04
2.640087537000000157e+04 2.503984017387729910e+00 -1.151385960838041233e-04
2.640701183999999921e+04 2.503318095693200185e+00 -1.008264335987708068e-04
2.641284413000000131e+04 2.502867043753659981e+00 -6.533072823068232613e-05
2.641867900999999983e+04 2.502741064465570098e+00 -8.394401281111766688e-05
2.642451647999999841e+04 2.502021260506289924e+00 -1.136921435428083583e-04
2.643035654000000068e+04 2.501465599933370143e+00 -1.189577992474689548e-04
2.643589160999999876e+04 2.500704802537569993e+00 -1.197508828426830160e-04
2.644204440999999861e+04 2.500101492766719780e+00 -1.178539793724844625e-04
2.644789224000000104e+04 2.499332325043869929e+00 -1.039242388897350773e-04
2.645405065000000104e+04 2.498935057393799841e+00 -1.076370930331492043e-04
2.646021194000000105e+04 2.498078908189329983e+00 -1.544043911079924221e-04
2.646606782999999996e+04 2.497017873094180107e+00 -1.267629001711867941e-04
2.647192631999999867e+04 2.496610194740810140e+00 -8.046172199193928477e-05
2.647809595999999874e+04 2.496198072875220220e+00 -9.253372678056748062e-05
2.648426848999999856e+04 2.495584859424719859e+00 -1.048995549624593012e-04
2.649044389999999839e+04 2.494983557324399914e+00 -9.607168951615121578e-05
2.649662220000000161e+04 2.494504551346949928e+00 -8.955793801111814343e-05
2.650249426999999923e+04 2.494026779330469790e+00 -1.022220185601135543e-04
2.650898747999999978e+04 2.493329246498300122e+00 -1.055881187449331904e-04
2.651486504000000059e+04 2.492799491453860039e+00 -9.170736360393745362e-05
2.652136434000000008e+04 2.492313669009630139e+00 -1.004385581113422465e-04
2.652693770999999833e+04 2.491678607492370023e+00 -1.155160633873771579e-04
2.653375278999999864e+04 2.490932630988770047e+00 -9.926804559515538999e-05
2.653964138000000094e+04 2.490517514941720023e+00 -9.738956149573437405e-05
2.654584272000000055e+04 2.489855699621609908e+00 -9.704069937367251970e-05
2.655235725000000093e+04 2.489390309105190102e+00 -9.398515114168606941e-05
2.655825412000000142e+04 2.488802350599299995e+00 -1.047020578606380758e-04
2.656477476999999999e+04 2.488171980584279908e+00 -1.013798178247008434e-04
2.657098789000000033e+04 2.487605274670499966e+00 -9.863493122864788200e-05
2.657751481000000058e+04 2.487017531907670165e+00 -8.742848465239901404e-05
2.658404494999999952e+04 2.486602928590460060e+00 -8.012348861389987471e-05
2.659057831000000078e+04 2.486132624562729987e+00 -9.535033672285296981e-05
2.659680354000000079e+04 2.485498588365879780e+00 -1.111764054116961376e-04
2.660303170999999929e+04 2.484811134242769892e+00 -1.123386421519285359e-04
2.660957443000000058e+04 2.484125064582659803e+00 -9.905851306754024819e-05
2.661612037000000055e+04 2.483618243543940007e+00 -9.379356720806204155e-05
2.662266954999999871e+04 2.483016789052220119e+00 -8.114694139561700345e-05
2.662922195999999894e+04 2.482714185049499811e+00 -6.950436605180639700e-05
2.663577761000000100e+04 2.482300884978189792e+00 -1.247148291379806032e-04
2.664233649000000150e+04 2.481103118609500058e+00 -1.275576290993598574e-04
2.664858606000000145e+04 2.480682420605509808e+00 -8.561705114061911412e-05
2.665546398000000045e+04 2.480124753200709797e+00 -9.160406393621675300e-05
2.666203258999999889e+04 2.479580788427920179e+00 -7.883921423156924708e-05
2.666891747000000032e+04 2.479234780868909915e+00 -9.089865947772900016e-05
2.667517956000000049e+04 2.478515159201140072e+00 -1.190062015847760988e-04
2.668207125000000087e+04 2.477711690703519931e+00 -9.952412216576832368e-05
2.668865302000000156e+04 2.477279445349080067e+00 -9.081407294766571828e-05
2.669523804999999993e+04 2.476645830531559955e+00 -9.444651695940670252e-05
2.670214013999999952e+04 2.476127110630379935e+00 -8.736026351511703893e-05
2.670841788000000088e+04 2.475635170997709800e+00 -8.741842576764654422e-05
2.671564094000000114e+04 2.475090867968449793e+00 -9.602760100397811870e-05
2.672255361999999877e+04 2.474399798032659969e+00 -9.271469547884349498e-05
2.672915543999999863e+04 2.473965117977340089e+00 -7.457709251906013601e-05
2.673576052999999956e+04 2.473595701205959951e+00 -8.182145429375207307e-05
2.674299842999999964e+04 2.472998360903989834e+00 -9.278747803801718874e-05
2.674961037999999826e+04 2.472440771011399807e+00 -8.705592304994629114e-05
2.675622561000000132e+04 2.471989045350380110e+00 -8.056593901649837281e-05
