# energy mu dmude
1.172855102499999884e+04 -1.233799463307009958e+00 5.615648628061395691e-05
1.173355102499999884e+04 -1.234594719388190098e+00 2.992937398821485519e-05
1.173855102499999884e+04 -1.235676506297630040e+00 -2.773504795676917738e-06
1.174355102499999884e+04 -1.236829040863760110e+00 -3.130571851509712366e-05
1.174855102499999884e+04 -1.238222541801720089e+00 -3.788271129146398881e-05
1.175355102499999884e+04 -1.239446929920259954e+00 -3.334389930568335708e-06
1.175855102499999884e+04 -1.240462990939400045e+00 -1.116954468303544658e-05
1.176355102499999884e+04 -1.241772978012019912e+00 -3.143667304464924409e-05
1.176855102499999884e+04 -1.243010457119859913e+00 -1.884307456939780863e-05
1.177355102499999884e+04 -1.244182859308500033e+00 -1.156494452568898979e-05
1.177855102499999884e+04 -1.245340824949269898e+00 -1.297028712849719991e-05
1.178355102499999884e+04 -1.246528580485829929e+00 -1.232537778435353849e-05
1.178855102499999884e+04 -1.247679500501200023e+00 9.550718272058035408e-06
1.179355102499999884e+04 -1.248628259999909895e+00 4.812373343505380774e-06
1.179855102499999884e+04 -1.249830946366139894e+00 -1.970852874386475376e-05
1.180355102499999884e+04 -1.251047596370920001e+00 -1.166873292190678357e-05
1.180855102499999884e+04 -1.252162448082299928e+00 -1.776017035683564465e-07
1.181355102499999884e+04 -1.253253557642179938e+00 6.355086052067321494e-06
1.181855102499999884e+04 -1.254297039832870109e+00 1.854596136157859031e-05
1.182355102499999884e+04 -1.255254964253619931e+00 1.165921684051068569e-05
1.182855102499999884e+04 -1.256373684030120064e+00 1.896581875471987447e-05
1.183355102499999884e+04 -1.257251783929020039e+00 5.548233341093926016e-05
1.183855102499999884e+04 -1.257971561302980046e+00 4.017772568710714501e-05
1.184355102499999884e+04 -1.259016863823289922e+00 4.144187672366568992e-05
1.184855102499999884e+04 -1.259722830365179957e+00 7.707848336603989852e-05
1.185355102499999884e+04 -1.260378803465469932e+00 9.348005183341727105e-05
1.185855102499999884e+04 -1.260905583105450090e+00 1.274073949376187227e-04
1.186355102499999884e+04 -1.261190900465529952e+00 1.488392520881256045e-04
1.186855102499999884e+04 -1.261483537371379970e+00 1.932184427885465705e-04
1.187355102499999884e+04 -1.261284012705119917e+00 2.691322130363517405e-04
1.187855102499999884e+04 -1.260747292752200099e+00 3.595208482705350319e-04
1.188355102499999884e+04 -1.259560273533349983e+00 4.625505913805574745e-04
1.188679999999999927e+04 -1.258396881249820076e+00 5.613150668911620449e-04
1.188779999999999927e+04 -1.257891132480130070e+00 6.663690077675617565e-04
1.188879999999999927e+04 -1.257381671061009953e+00 6.765719984280294322e-04
1.188979999999999927e+04 -1.256853628785790100e+00 7.504892170276927094e-04
1.189079999999999927e+04 -1.256182658454580103e+00 9.138484107955192198e-04
1.189179999999999927e+04 -1.255297676806300000e+00 9.862191232052463369e-04
1.189279999999999927e+04 -1.254468576674619973e+00 1.105405511231728234e-03
1.189379999999999927e+04 -1.253323173107999899e+00 1.316589012801375148e-03
1.189400000000000000e+04 -1.253007013246010048e+00 1.634637888393812924e-03
1.189419999999999891e+04 -1.252696998121020089e+00 1.440728912517784703e-03
1.189439999999999964e+04 -1.252465576371019962e+00 1.753556026258816817e-03
1.189459999999999854e+04 -1.252018855975540079e+00 1.086555487985725295e-03
1.189479999999999927e+04 -1.252078913080779898e+00 8.811772697858746535e-04
1.189500000000000000e+04 -1.251721942849649993e+00 1.333322214464086747e-03
1.189519999999999891e+04 -1.251584412871650009e+00 9.223985903676339571e-04
1.189539999999999964e+04 -1.251407016030150032e+00 1.394109961010728390e-03
1.189559999999999854e+04 -1.251063348451910029e+00 7.756905936676916071e-04
1.189579999999999927e+04 -1.251156200521629902e+00 7.658174760104169724e-04
1.189600000000000000e+04 -1.250816847490179962e+00 1.099492996132813045e-03
1.189619999999999891e+04 -1.250763883547699962e+00 1.914135114842623227e-03
1.189639999999999964e+04 -1.250068532374470021e+00 1.721094829341134015e-03
1.189659999999999854e+04 -1.250099926926780070e+00 5.685272692285103487e-04
1.189679999999999927e+04 -1.249908247120709914e+00 1.232353860133613256e-03
1.189700000000000000e+04 -1.249649549830970097e+00 1.303105967864504836e-03
1.189719999999999891e+04 -1.249426951394130070e+00 6.497172363986475786e-04
1.189739999999999964e+04 -1.249453784607809981e+00 5.865281262888407190e-04
1.189759999999999854e+04 -1.249258799776090001e+00 1.739770769774877596e-03
1.189779999999999927e+04 -1.248781666611560093e+00 1.714600031325262414e-03
1.189800000000000000e+04 -1.248597681378200042e+00 1.704573043364461570e-03
1.189819999999999891e+04 -1.248124930001700106e+00 1.045570469864481747e-03
1.189839999999999964e+04 -1.248228928517530090e+00 1.060908580135047369e-03
1.189859999999999854e+04 -1.247749474395579927e+00 2.002816879880554846e-03
1.189879999999999927e+04 -1.247441859521019936e+00 1.808432164106111954e-03
1.189900000000000000e+04 -1.247047351409120042e+00 1.676514331727418580e-03
1.189919999999999891e+04 -1.246797384552160048e+00 1.696646058270697734e-03
1.189939999999999964e+04 -1.246394078887230084e+00 1.784800594978130147e-03
1.189959999999999854e+04 -1.246105588547949949e+00 2.298044352485907171e-03
1.189979999999999927e+04 -1.245477995653379910e+00 2.676269254492324133e-03
1.190000000000000000e+04 -1.245024221247390095e+00 1.519392635318617861e-03
1.190019999999999891e+04 -1.244902182776340016e+00 1.621174356952843551e-03
1.190039999999999964e+04 -1.244403929815979915e+00 2.511725814070990114e-03
1.190059999999999854e+04 -1.243892720865509949e+00 2.311364827334098145e-03
1.190079999999999927e+04 -1.243482025542210101e+00 2.166552979159157809e-03
1.190100000000000000e+04 -1.243034099286890015e+00 1.976015326541366232e-03
1.190119999999999891e+04 -1.242706668809240078e+00 2.572328071908604099e-03
1.190139999999999964e+04 -1.241998154223910023e+00 2.042365416265007252e-03
1.190159999999999854e+04 -1.241902317124859989e+00 1.831117028858091425e-03
1.190179999999999927e+04 -1.241286117964480074e+00 1.839920016140043175e-03
1.190200000000000000e+04 -1.241186433965000058e+00 2.927826347663619808e-03
1.190219999999999891e+04 -1.240094820357519945e+00 3.319992068587033964e-03
1.190239999999999964e+04 -1.239823760161409938e+00 2.538661926806217925e-03
1.190259999999999854e+04 -1.239073587380769892e+00 2.844027460432755131e-03
1.190279999999999927e+04 -1.238669082620430073e+00 2.864918880789863505e-03
1.190300000000000000e+04 -1.237909780300989970e+00 2.811321058320971622e-03
1.190319999999999891e+04 -1.237528697758540019e+00 2.608117268290163597e-03
1.190339999999999964e+04 -1.236858195379580083e+00 3.097117486069503583e-03
1.190359999999999854e+04 -1.236263420020540016e+00 3.449902504511664133e-03
1.190379999999999927e+04 -1.235438750789499940e+00 3.258983850253717278e-03
1.190400000000000000e+04 -1.234927406773600023e+00 2.842347239202427673e-03
1.190419999999999891e+04 -1.234284807504240078e+00 3.580463771421528527e-03
1.190439999999999964e+04 -1.233450906984260076e+00 3.654559812914594946e-03
1.190459999999999854e+04 -1.232775927786980086e+00 3.456122565892748300e-03
1.190479999999999927e+04 -1.232028744230899919e+00 3.515689448108419088e-03
1.190500000000000000e+04 -1.231327734340019964e+00 3.702529842658718821e-03
1.190519999999999891e+04 -1.230498901637969933e+00 4.145208203208585428e-03
1.190539999999999964e+04 -1.229604441555719907e+00 3.834726344971781282e-03
1.190559999999999854e+04 -1.228911289248840077e+00 3.990407681106880600e-03
1.190579999999999927e+04 -1.227948796511389995e+00 4.435970178488004775e-03
1.190600000000000000e+04 -1.227060933646979990e+00 4.875287263553528677e-03
1.190619999999999891e+04 -1.225906459593639974e+00 4.580660120814472429e-03
1.190639999999999964e+04 -1.225147348622759980e+00 4.264682109578747660e-03
1.190659999999999854e+04 -1.224130956780320023e+00 5.168695660287426358e-03
1.190679999999999927e+04 -1.222976792402789892e+00 4.855661750098634946e-03
1.190700000000000000e+04 -1.222097196200760072e+00 4.700149687708207041e-03
1.190719999999999891e+04 -1.221010990505910110e+00 6.001078063793818286e-03
1.190739999999999964e+04 -1.219562889344659951e+00 5.481334806782176688e-03
1.190759999999999854e+04 -1.218703811157030081e+00 5.508662274925753277e-03
1.190779999999999927e+04 -1.217243767907769891e+00 6.094884325141977643e-03
1.190800000000000000e+04 -1.216128511018149894e+00 6.089143567661434338e-03
1.190819999999999891e+04 -1.214670976476649900e+00 6.856675713377410539e-03
1.190839999999999964e+04 -1.213220308476609999e+00 6.568416861915278397e-03
1.190859999999999854e+04 -1.211888742888979964e+00 7.041685027217602089e-03
1.190879999999999927e+04 -1.210231256970319969e+00 7.723467944498606415e-03
1.190900000000000000e+04 -1.208601752636230042e+00 7.134321772835090954e-03
1.190919999999999891e+04 -1.207201723258970016e+00 7.907856453354115966e-03
1.190939999999999964e+04 -1.205234184710169965e+00 8.400553637463871459e-03
1.190959999999999854e+04 -1.203618846944140008e+00 8.238593084220443771e-03
1.190979999999999927e+04 -1.201722085064840018e+00 9.768129201901008460e-03
1.191000000000000000e+04 -1.199438340886729959e+00 1.009603829248756530e-02
1.191019999999999891e+04 -1.197398282921670054e+00 8.904853155395889633e-03
1.191039999999999964e+04 -1.195635085969859901e+00 9.630630338736104537e-03
1.191059999999999854e+04 -1.193277863789149906e+00 1.090359101815575361e-02
1.191079999999999927e+04 -1.190958383745629900e+00 1.062267069275868968e-02
1.191100000000000000e+04 -1.188723923587059916e+00 1.143952620673311174e-02
1.191119999999999891e+04 -1.186047478149309997e+00 1.312350100741561248e-02
1.191139999999999964e+04 -1.183077121962190059e+00 1.312405476024399754e-02
1.191159999999999854e+04 -1.180400434534770060e+00 1.331572221534988061e-02
1.191179999999999927e+04 -1.177346319778959982e+00 1.472666011311278556e-02
1.191200000000000000e+04 -1.174053053293989901e+00 1.529758495009414521e-02
1.191219999999999891e+04 -1.170749444709699993e+00 1.598203355495757261e-02
1.191239999999999964e+04 -1.167157074574330045e+00 1.662370108079988529e-02
1.191259999999999854e+04 -1.163573057646799969e+00 1.744995625851548243e-02
1.191279999999999927e+04 -1.159619614469479920e+00 1.898758938430840371e-02
1.191300000000000000e+04 -1.155363652741919989e+00 1.931777348234129527e-02
1.191319999999999891e+04 -1.151265919301899920e+00 2.078347116130560557e-02
1.191339999999999964e+04 -1.146369448523629986e+00 2.301771674065111739e-02
1.191359999999999854e+04 -1.141295351038269956e+00 2.387940510046163145e-02
1.191379999999999927e+04 -1.136022322937660034e+00 2.532231570161947581e-02
1.191400000000000000e+04 -1.130317674341559941e+00 2.735901057269664316e-02
1.191419999999999891e+04 -1.124154611742629983e+00 2.915314374126447977e-02
1.191439999999999964e+04 -1.117665927973970019e+00 3.092607749160254313e-02
1.191459999999999854e+04 -1.110728094336169924e+00 3.290935634292976170e-02
1.191479999999999927e+04 -1.103372718839340072e+00 3.592750530754344751e-02
1.191500000000000000e+04 -1.095115955823350085e+00 3.763979389539147402e-02
1.191519999999999891e+04 -1.087012311189180069e+00 4.054650024227970245e-02
1.191539999999999964e+04 -1.077485319155530030e+00 4.488007512817508010e-02
1.191559999999999854e+04 -1.067487904765030082e+00 4.660251908214180228e-02
1.191579999999999927e+04 -1.057208205704760040e+00 5.017928054462697518e-02
1.191600000000000000e+04 -1.045647748592710036e+00 5.505431493518020414e-02
1.191619999999999891e+04 -1.033237662281139890e+00 5.935457895835827280e-02
1.191639999999999964e+04 -1.019797992240790041e+00 6.229108336033826326e-02
1.191659999999999854e+04 -1.006104655178460039e+00 6.789978172707197834e-02
1.191679999999999927e+04 -9.902139871470829746e-01 7.305414131203161188e-02
1.191700000000000000e+04 -9.742681978823819477e-01 7.510533553404352691e-02
1.191719999999999891e+04 -9.574811591446810155e-01 8.009007301920693933e-02
1.191739999999999964e+04 -9.393570424387329698e-01 8.586633533524022643e-02
1.191759999999999854e+04 -9.200457803596200357e-01 8.985171576736282473e-02
1.191779999999999927e+04 -9.001800546752769527e-01 9.243754983844815198e-02
1.191800000000000000e+04 -8.797387845800479500e-01 9.575092510778267230e-02
1.191819999999999891e+04 -8.584251157907949459e-01 9.980326876704916084e-02
1.191839999999999964e+04 -8.362129738250569932e-01 1.036575442678475539e-01
1.191859999999999854e+04 -8.132149888377080416e-01 1.030615932269448309e-01
1.191879999999999927e+04 -7.912632771373360185e-01 1.042585091779705958e-01
1.191900000000000000e+04 -7.677422405610559997e-01 1.080234148692664348e-01
1.191919999999999891e+04 -7.441452672186340545e-01 1.044748593408683784e-01
1.191939999999999964e+04 -7.221749473866779789e-01 1.031502246473849083e-01
1.191959999999999854e+04 -6.991568386506730182e-01 1.036910766726466954e-01
1.191979999999999927e+04 -6.769501667917969812e-01 1.002230334512131255e-01
1.192000000000000000e+04 -6.554475909676410472e-01 9.808771717973963078e-02
1.192019999999999891e+04 -6.341740511031229710e-01 9.345307480721466720e-02
1.192039999999999964e+04 -6.146968113554379665e-01 8.805457930868469674e-02
1.192059999999999854e+04 -5.957824109482939834e-01 8.459897605004712551e-02
1.192079999999999927e+04 -5.778152678560010136e-01 7.941575289673988292e-02
1.192100000000000000e+04 -5.611659330138499824e-01 7.324967869755200089e-02
1.192119999999999891e+04 -5.458933608339919807e-01 6.791338496130576441e-02
1.192139999999999964e+04 -5.315759833145320412e-01 6.161336077626364260e-02
1.192159999999999854e+04 -5.190565181144589646e-01 5.534077515730660701e-02
1.192179999999999927e+04 -5.074802569370370220e-01 4.987496945318811020e-02
1.192200000000000000e+04 -4.973493457157350250e-01 4.456226323528129224e-02
1.192219999999999891e+04 -4.880947341290259867e-01 3.974914599978431051e-02
1.192239999999999964e+04 -4.800671523976379751e-01 3.438147036933865419e-02
1.192259999999999854e+04 -4.731582120035079941e-01 2.927464392254301023e-02
1.192279999999999927e+04 -4.673623105200470085e-01 2.546503413929319254e-02
1.192300000000000000e+04 -4.621181674308399989e-01 2.226594287434906574e-02
1.192319999999999891e+04 -4.577202670077110125e-01 1.885593757132369638e-02
1.192339999999999964e+04 -4.539662942932700118e-01 1.547083689298642088e-02
1.192359999999999854e+04 -4.510476809381069874e-01 1.279740259335330685e-02
1.192379999999999927e+04 -4.484619974895699968e-01 1.077126025441016953e-02
1.192400000000000000e+04 -4.464288071822249959e-01 8.519382861111845714e-03
1.192419999999999891e+04 -4.448271928717020263e-01 6.546696525391430301e-03
1.192439999999999964e+04 -4.436560653692420142e-01 4.892529887762517640e-03
1.192459999999999854e+04 -4.427773209369960106e-01 4.149715335750202815e-03
1.192479999999999927e+04 -4.419308029705890095e-01 3.158432012998091832e-03
1.192500000000000000e+04 -4.414852487856529839e-01 2.056112778212808995e-03
1.192519999999999891e+04 -4.411204436968699794e-01 2.163506841377529650e-03
1.192539999999999964e+04 -4.406279583675120071e-01 2.421960281613326754e-03
1.192559999999999854e+04 -4.401502092725850246e-01 2.880155713179243654e-03
1.192579999999999927e+04 -4.394574928006639847e-01 2.493349879672623545e-03
1.192600000000000000e+04 -4.391487776346140182e-01 2.731393473084639534e-03
1.192619999999999891e+04 -4.383520362479880195e-01 4.269440571230684496e-03
1.192639999999999964e+04 -4.373711953762630111e-01 5.592552546942276825e-03
1.192659999999999854e+04 -4.359962548100180246e-01 6.300029394675400393e-03
1.192679999999999927e+04 -4.347062469588779954e-01 7.027569907987998160e-03
1.192700000000000000e+04 -4.330133716027769752e-01 8.250754690197769498e-03
1.192719999999999891e+04 -4.311888326986639819e-01 9.727650809604991566e-03
1.192739999999999964e+04 -4.288505545797590135e-01 1.080284213001475591e-02
1.192759999999999854e+04 -4.265561576811560118e-01 1.160549045140736070e-02
1.192779999999999927e+04 -4.238671227030649802e-01 1.305196181659027538e-02
1.192800000000000000e+04 -4.209406186418960250e-01 1.362324059296611371e-02
1.192819999999999891e+04 -4.180019351640080205e-01 1.433045387524394150e-02
1.192839999999999964e+04 -4.147663793013779965e-01 1.567324355550996431e-02
1.192859999999999854e+04 -4.112408974981909826e-01 1.666254344526235665e-02
1.192879999999999927e+04 -4.075730181473359859e-01 1.720168655668056698e-02
1.192900000000000000e+04 -4.038119311115719867e-01 1.800260291754451555e-02
1.192919999999999891e+04 -3.997940517673290173e-01 1.827743563575065164e-02
1.192939999999999964e+04 -3.959128629902790020e-01 1.800601584409783351e-02
1.192959999999999854e+04 -3.920135939403630032e-01 1.770068346582553964e-02
1.192979999999999927e+04 -3.882658352386719747e-01 1.810861991905628188e-02
1.193000000000000000e+04 -3.841882981910569872e-01 1.809746627969158195e-02
1.193019999999999891e+04 -3.804454136234500239e-01 1.800856796268457752e-02
1.193039999999999964e+04 -3.764067250897220052e-01 1.810894757546625475e-02
1.193059999999999854e+04 -3.726199746885149877e-01 1.760569336162661966e-02
1.193079999999999927e+04 -3.688012079595350268e-01 1.754110541751427096e-02
1.193100000000000000e+04 -3.650426824530749736e-01 1.651996631958728076e-02
1.193119999999999891e+04 -3.616701529281879934e-01 1.517414215281418649e-02
1.193139999999999964e+04 -3.584997518159019902e-01 1.441305838862878309e-02
1.193159999999999854e+04 -3.554598154623799799e-01 1.364101458343611184e-02
1.193179999999999927e+04 -3.526267970531349882e-01 1.296568952725009501e-02
1.193200000000000000e+04 -3.498819773644130104e-01 1.239818241141516647e-02
1.193219999999999891e+04 -3.472969592415089957e-01 1.144191146647474504e-02
1.193239999999999964e+04 -3.449700294109450116e-01 1.091958235706202464e-02
1.193259999999999854e+04 -3.426132688112870084e-01 1.014772375102120094e-02
1.193279999999999927e+04 -3.406236407518409837e-01 8.827107610058032572e-03
1.193300000000000000e+04 -3.388439886534210244e-01 8.345601884359827791e-03
1.193319999999999891e+04 -3.370647783218119753e-01 7.798111461883736918e-03
1.193339999999999964e+04 -3.355243792261130009e-01 6.707562803681948495e-03
1.193359999999999854e+04 -3.342217380368600055e-01 5.921445822594907128e-03
1.193379999999999927e+04 -3.330248716140509768e-01 5.751351956707233433e-03
1.193400000000000000e+04 -3.317965613472789732e-01 6.184101899343393167e-03
1.193419999999999891e+04 -3.304105834460829838e-01 4.940577203391469281e-03
1.193439999999999964e+04 -3.297256927630149992e-01 3.899112405072118360e-03
1.193459999999999854e+04 -3.287948343853699940e-01 4.283850016848510939e-03
1.193479999999999927e+04 -3.279418135851380200e-01 4.143707957296651617e-03
1.193500000000000000e+04 -3.270721972076710005e-01 4.832558912363181351e-03
1.193519999999999891e+04 -3.259181489325160275e-01 5.558829254886159428e-03
1.193539999999999964e+04 -3.247311528291180194e-01 4.638668815082680474e-03
1.193559999999999854e+04 -3.239792141419480243e-01 4.104540542524251490e-03
1.193579999999999927e+04 -3.230256317893689944e-01 4.853240902122465256e-03
1.193600000000000000e+04 -3.219465114715749920e-01 5.603429844371444341e-03
1.193619999999999891e+04 -3.206650969786190020e-01 5.926750108278372974e-03
1.193639999999999964e+04 -3.194446858896909935e-01 6.000803386514336896e-03
1.193659999999999854e+04 -3.181309101563339903e-01 5.735430922918725513e-03
1.193679999999999927e+04 -3.170264666828159772e-01 6.320283933267711700e-03
1.193700000000000000e+04 -3.154571105171110057e-01 6.983343171408608156e-03
1.193719999999999891e+04 -3.140629105342779837e-01 6.355777556653293726e-03
1.193739999999999964e+04 -3.127678001847010170e-01 6.893656191565453346e-03
1.193759999999999854e+04 -3.111385475448369964e-01 6.874070195840999153e-03
1.193779999999999927e+04 -3.098519962642339864e-01 6.515799130588527908e-03
1.193800000000000000e+04 -3.083793078757680051e-01 7.138187873684362535e-03
1.193819999999999891e+04 -3.068207730690150070e-01 7.821792654366563693e-03
1.193839999999999964e+04 -3.050493497808359766e-01 6.891290930533417250e-03
1.193859999999999854e+04 -3.038974436972979865e-01 5.863146885094542432e-03
1.193879999999999927e+04 -3.025753187712489911e-01 6.867632020730036861e-03
1.193900000000000000e+04 -3.009844532556730234e-01 7.737633238858830122e-03
1.193919999999999891e+04 -2.992821382929489737e-01 8.645426212988230677e-03
1.193939999999999964e+04 -2.972945677648409779e-01 8.530812767945915656e-03
1.193959999999999854e+04 -2.956423388123060048e-01 8.567974837647172881e-03
1.193979999999999927e+04 -2.936385284809099883e-01 1.051349027534542735e-02
1.194000000000000000e+04 -2.911361103904259728e-01 1.126430802780989740e-02
1.194019999999999891e+04 -2.888041931289589970e-01 1.142394762480304117e-02
1.194039999999999964e+04 -2.862320126255349928e-01 1.330284504866180266e-02
1.194059999999999854e+04 -2.830790182602360150e-01 1.535412957416196558e-02
1.194079999999999927e+04 -2.796104275877699941e-01 1.720006112474818660e-02
1.194100000000000000e+04 -2.756507621864450197e-01 1.785479320610586576e-02
1.194119999999999891e+04 -2.718960539674559751e-01 1.879765908978220379e-02
1.194139999999999964e+04 -2.675243567121080024e-01 2.151501307466954782e-02
1.194159999999999854e+04 -2.625821663497799885e-01 2.329563256753107089e-02
1.194179999999999927e+04 -2.574323393904580093e-01 2.492539148790060000e-02
1.194200000000000000e+04 -2.517779453083410224e-01 2.561332041677547716e-02
1.194219999999999891e+04 -2.463274937990579949e-01 2.739604220985841082e-02
1.194239999999999964e+04 -2.398940513089679871e-01 2.873427013208589356e-02
1.194259999999999854e+04 -2.338587949600499927e-01 2.937462738808772900e-02
1.194279999999999927e+04 -2.271455167138939912e-01 3.053761561786348319e-02
1.194300000000000000e+04 -2.206020351710500094e-01 3.130873234253112036e-02
1.194319999999999891e+04 -2.135517793555740118e-01 3.087943987083568639e-02
1.194339999999999964e+04 -2.071958983782959951e-01 3.143185462093411875e-02
1.194359999999999854e+04 -1.999042376317340108e-01 3.100906760696370626e-02
1.194379999999999927e+04 -1.937331143387019949e-01 2.985730609020094406e-02
1.194400000000000000e+04 -1.869447727187560082e-01 2.957722044075181481e-02
1.194419999999999891e+04 -1.808960466950300106e-01 2.720421716027908096e-02
1.194439999999999964e+04 -1.751447061567679986e-01 2.515927529658691306e-02
1.194459999999999854e+04 -1.699896185624860112e-01 2.374942718500967082e-02
1.194479999999999927e+04 -1.648543808458030058e-01 2.158524156913173980e-02
1.194500000000000000e+04 -1.606450411326970085e-01 1.771595722983466958e-02
1.194519999999999891e+04 -1.572006784680249902e-01 1.589889241273959031e-02
1.194539999999999964e+04 -1.537853950448209994e-01 1.359405918100424319e-02
1.194559999999999854e+04 -1.513482431893710123e-01 9.964397727117615955e-03
1.194579999999999927e+04 -1.495191197537230066e-01 7.795898899096658993e-03
1.194600000000000000e+04 -1.480296006507250128e-01 5.162661528751143376e-03
1.194619999999999891e+04 -1.473512004457969982e-01 1.080992301012312969e-03
1.194639999999999964e+04 -1.476453684700229918e-01 -2.043913276997460192e-03
1.194659999999999854e+04 -1.483325502224490111e-01 -4.980230545489993874e-03
1.194679999999999927e+04 -1.499098872202080102e-01 -7.218893805844112457e-03
1.194700000000000000e+04 -1.515753635420729883e-01 -8.271492109213936586e-03
1.194719999999999891e+04 -1.536126853987319907e-01 -1.144465403113900659e-02
1.194739999999999964e+04 -1.566648316727509982e-01 -1.276396477639713672e-02
1.194759999999999854e+04 -1.592786915734860087e-01 -1.465893867064250664e-02
1.194779999999999927e+04 -1.631589403597369925e-01 -1.578098993200748035e-02
1.194800000000000000e+04 -1.662631360224960109e-01 -1.673260020285916722e-02
1.194819999999999891e+04 -1.705592379549520088e-01 -1.879198490344945877e-02
1.194839999999999964e+04 -1.745633835586520022e-01 -1.913621968069176282e-02
1.194859999999999854e+04 -1.790099158926549971e-01 -1.973389589584669326e-02
1.194879999999999927e+04 -1.832752456618859938e-01 -1.939641358945081231e-02
1.194900000000000000e+04 -1.875742984202939945e-01 -1.868752830950843810e-02
1.194919999999999891e+04 -1.915298457259979881e-01 -1.837556393662515344e-02
1.194939999999999964e+04 -1.956925702311800019e-01 -1.844006868097115143e-02
1.194959999999999854e+04 -1.996763060734149942e-01 -1.799548076489631068e-02
1.194979999999999927e+04 -2.036447459125509951e-01 -1.521252609118538442e-02
1.195050000000000000e+04 -2.148323647408280079e-01 -1.315838107060018219e-02
1.195119999999999891e+04 -2.240790264597500026e-01 -9.941440965561152907e-03
1.195189999999999964e+04 -2.303463418117029926e-01 -6.628953294518174534e-03
1.195259999999999854e+04 -2.345265602426130080e-01 -4.540543171910317762e-03
1.195329999999999927e+04 -2.375996564761679863e-01 -3.552778356216576994e-03
1.195400000000000000e+04 -2.402690905910090102e-01 -3.479348467434584258e-03
1.195469999999999891e+04 -2.432298759560780066e-01 -3.725454418616777966e-03
1.195539999999999964e+04 -2.462757286325359951e-01 -3.842075034664175961e-03
1.195609999999999854e+04 -2.494148849973170101e-01 -2.672955554642984181e-03
1.195779369499999848e+04 -2.537933724971889737e-01 -7.627600915875542946e-04
1.195879958299999998e+04 -2.522594799078979877e-01 3.504762425240569561e-03
1.195981766199999947e+04 -2.464897947576150106e-01 6.960903934564987086e-03
1.196084793299999910e+04 -2.371336942765689959e-01 9.716303984827331583e-03
1.196189039599999887e+04 -2.249444582279739868e-01 1.151546223951425973e-02
1.196294505099999878e+04 -2.112128460453419898e-01 1.245088462804026450e-02
1.196401189799999884e+04 -1.965541543597499885e-01 1.238977722127257430e-02
1.196509093699999903e+04 -1.826394901275170124e-01 1.149853684200116688e-02
1.196618216699999903e+04 -1.697692737675859931e-01 9.682538263523072369e-03
1.196728558999999950e+04 -1.599078072916119975e-01 6.758805681634285148e-03
1.196840120399999978e+04 -1.538730169649560053e-01 3.121746640979379712e-03
1.196952901099999872e+04 -1.527510662317030088e-01 -8.112823445378882121e-04
1.197066900899999928e+04 -1.563828577702839895e-01 -3.956428569066193154e-03
1.197182119899999998e+04 -1.631640056707280018e-01 -5.808089810304620931e-03
1.197298558199999934e+04 -1.715928551151719994e-01 -6.383732463333737298e-03
1.197416215599999850e+04 -1.800063034117609928e-01 -5.976290080396214413e-03
1.197535092199999963e+04 -1.875576949714470032e-01 -5.304557445385767872e-03
1.197655187899999873e+04 -1.943819773725699862e-01 -4.694319851589606740e-03
1.197776502900000014e+04 -2.004706081049089927e-01 -4.245505506197274313e-03
1.197899037099999987e+04 -2.062296609796210045e-01 -3.602330908084604415e-03
1.198022790399999940e+04 -2.107061774131830101e-01 -2.924757854639411809e-03
1.198147762999999941e+04 -2.147253813187600113e-01 -2.555848530462679746e-03
1.198273954699999922e+04 -2.182729112905469893e-01 -2.819409434156361621e-03
1.198401365699999951e+04 -2.230957993611449863e-01 -3.608998377362898288e-03
1.198529995799999961e+04 -2.289324852500599916e-01 -4.224330879874700975e-03
1.198659845099999984e+04 -2.355945127643880033e-01 -4.465039364351045502e-03
1.198790913599999840e+04 -2.422352520695119915e-01 -4.021881122210456752e-03
1.198923201299999891e+04 -2.477465618393309976e-01 -2.955022416300808787e-03
1.199056708199999957e+04 -2.514018695940459791e-01 -1.622585330991895740e-03
1.199191434200000003e+04 -2.530926427279360236e-01 -3.303579311976646404e-04
1.199327379499999915e+04 -2.529753296800250073e-01 8.057657770741726488e-04
1.199464543999999842e+04 -2.512904024471699915e-01 1.660373885951717515e-03
1.199602927599999930e+04 -2.485843218881529926e-01 2.435262756631366172e-03
1.199742530499999884e+04 -2.445072010551170016e-01 3.204793758534846097e-03
1.199883352500000001e+04 -2.393840561851920123e-01 3.989420857907557093e-03
1.200025393699999950e+04 -2.328022242289939925e-01 4.680652675457891432e-03
1.200168654099999912e+04 -2.254236660714210028e-01 4.881272360835615595e-03
1.200313133699999889e+04 -2.180918591262580031e-01 4.413428363054948574e-03
1.200458832499999880e+04 -2.120717973200330064e-01 3.490346036212219928e-03
1.200605750499999886e+04 -2.075787345108019988e-01 2.242379473034580763e-03
1.200753887699999905e+04 -2.054938535592250037e-01 8.545969502253376524e-04
1.200903243999999904e+04 -2.054568804076090105e-01 -3.836724877670551486e-04
1.201053819599999952e+04 -2.074121092482109907e-01 -1.382864506808523892e-03
1.201205614299999979e+04 -2.106914533627720076e-01 -1.854191446904611016e-03
1.201358628299999873e+04 -2.142584284700140007e-01 -1.932827906920194568e-03
1.201512861399999929e+04 -2.178564982363689895e-01 -1.843074587333478394e-03
1.201668313699999999e+04 -2.211766716602729943e-01 -1.621399212485427838e-03
1.201824985199999901e+04 -2.240733127531449875e-01 -1.286804850524615696e-03
1.201982875899999999e+04 -2.262921908819789940e-01 -9.260939915933781661e-04
1.202141985799999929e+04 -2.279792624781230015e-01 -4.448895368723503030e-04
1.202302314899999874e+04 -2.285488462405219912e-01 -6.478731237915055655e-05
1.202463863200000014e+04 -2.289165119925589964e-01 7.321968904474081177e-05
1.202626630699999987e+04 -2.290042170548469980e-01 1.836507591406833309e-04
1.202790617299999940e+04 -2.289810913615439869e-01 7.818494133869995056e-05
1.202955823199999941e+04 -2.294485780791900020e-01 -2.384070095132553597e-04
1.203122248199999922e+04 -2.305757764027279999e-01 -6.290616225640922789e-04
1.203289892399999917e+04 -2.324807605946599964e-01 -1.093230931481697704e-03
1.203458755799999926e+04 -2.353365356201770064e-01 -1.489382354256472713e-03
1.203628838499999983e+04 -2.387429599374039924e-01 -1.683600687896696577e-03
1.203800140299999839e+04 -2.423681463639169864e-01 -1.825392933024838063e-03
1.203972661299999891e+04 -2.463574015861670075e-01 -1.892325191351869719e-03
1.204146401399999922e+04 -2.502897854893890162e-01 -1.682476023092592315e-03
1.204321360800000002e+04 -2.535353973796030114e-01 -1.163176311594904533e-03
1.204497539399999914e+04 -2.555258519749389889e-01 -8.606607414044886543e-04
1.204674937099999988e+04 -2.576392610795359972e-01 -7.791934314406941163e-04
1.204853554099999928e+04 -2.593411540397519977e-01 -2.500186030647726164e-04
1.205033390199999849e+04 -2.594083958349969743e-01 4.729114331367799818e-04
1.205214445499999965e+04 -2.582720025500440109e-01 9.733298897675825203e-04
1.205396720099999948e+04 -2.563456722143390154e-01 1.253105696704914264e-03
1.205580213799999910e+04 -2.540707363142959974e-01 1.345654649310392293e-03
1.205764926699999887e+04 -2.517441071047780143e-01 1.350386930222739193e-03
1.205950858799999878e+04 -2.494195355581239892e-01 1.316590739303189709e-03
1.206138009999999849e+04 -2.472000591751389864e-01 1.188656338819057186e-03
1.206326380499999868e+04 -2.453706483477650080e-01 1.030164178428453949e-03
1.206515970199999902e+04 -2.437793273605119992e-01 8.473414525385044357e-04
1.206706778999999915e+04 -2.426876321748250021e-01 6.746801337010911986e-04
1.206898807099999976e+04 -2.418012665710259912e-01 5.794979376524715068e-04
1.207092054300000018e+04 -2.410976065056399942e-01 4.934167810899372977e-04
1.207286520699999892e+04 -2.405657976706770118e-01 3.378189004404226199e-04
1.207482206399999995e+04 -2.405175885635119915e-01 1.108824935384891024e-04
1.207679111199999898e+04 -2.409554952939640116e-01 -3.592583762355200014e-05
1.207877235199999996e+04 -2.415432848876289951e-01 -9.683028048456913007e-05
1.208076578399999926e+04 -2.422519897420870039e-01 -6.473494411953144929e-05
1.208277140700000018e+04 -2.427075095016520134e-01 8.654185702980400077e-05
1.208478922299999977e+04 -2.427583606309769992e-01 2.951413823854180467e-04
1.208681923099999949e+04 -2.422944717978040008e-01 4.282081463640163019e-04
1.208886142999999902e+04 -2.417508367882039988e-01 3.901682959327409136e-04
1.209091582199999903e+04 -2.414511631002189962e-01 2.381074739123622500e-04
1.209298240499999883e+04 -2.415871105395960006e-01 -1.280718685670818380e-04
1.209506117999999879e+04 -2.429448202835980120e-01 -6.000784042184782252e-04
1.209715214799999922e+04 -2.452397507817790090e-01 -1.086913815350860511e-03
1.209925530699999945e+04 -2.488495383073300038e-01 -1.523318608542947438e-03
1.210137065799999982e+04 -2.531900623326620026e-01 -1.750081125087089677e-03
1.210349820099999852e+04 -2.578969294793480027e-01 -1.672663766784830523e-03
1.210563793499999883e+04 -2.619285276540400109e-01 -1.349082091894834986e-03
1.210778986199999963e+04 -2.651681720966129752e-01 -9.898998210268474506e-04
1.210995398099999875e+04 -2.675474422409789832e-01 -6.426252938188253567e-04
1.211213029099999949e+04 -2.691720846663829825e-01 -4.026942460487703242e-04
1.211431879399999889e+04 -2.704297246281979761e-01 -2.837722502731922594e-04
1.211651948799999991e+04 -2.715002151658950091e-01 -1.554601566450870441e-04
1.211873237399999925e+04 -2.721520893437410216e-01 -5.815403893774794973e-05
1.212095745299999908e+04 -2.727603100994669960e-01 1.005823351742337658e-04
1.212319472299999870e+04 -2.726452504824999901e-01 2.822465143401346049e-04
1.212544418499999847e+04 -2.723656938658149951e-01 4.310982567766025696e-04
1.212770583799999986e+04 -2.715148907701079861e-01 6.491743838239075279e-04
1.212997968399999991e+04 -2.701486512798499939e-01 8.469255373403975461e-04
1.213226572200000010e+04 -2.683007979573089896e-01 1.046014883572807643e-03
1.213456395199999861e+04 -2.659202706721969789e-01 1.171027684980560169e-03
1.213687437299999874e+04 -2.634204947225909921e-01 1.233490396916162544e-03
1.213919698699999935e+04 -2.606979858754450152e-01 1.286470685149160992e-03
1.214153179199999977e+04 -2.579011491071159790e-01 1.193759764227297730e-03
1.214387878899999851e+04 -2.556239483809010227e-01 9.944574882873914463e-04
1.214623797799999920e+04 -2.538253977028179786e-01 7.355959441610433139e-04
1.214860935900000004e+04 -2.528649123820420064e-01 3.010060168034012652e-04
1.215099293199999920e+04 -2.533097393597190106e-01 -1.290027698060967117e-04
1.215338869699999850e+04 -2.545918661389059978e-01 -4.841891243904235210e-04
1.215579665399999976e+04 -2.569095430710560124e-01 -8.109638081812397528e-04
1.215821680299999935e+04 -2.599335807585420044e-01 -1.077902638733259800e-03
1.216064914299999873e+04 -2.636933673124259858e-01 -1.260972211118731832e-03
1.216309367599999860e+04 -2.677268844918109791e-01 -1.426814253711057578e-03
1.216555040000000008e+04 -2.724136574842500047e-01 -1.495395885698213396e-03
1.216801931699999841e+04 -2.768596138490190262e-01 -1.395249782097443764e-03
1.217050042500000018e+04 -2.810500180636539835e-01 -1.195495909722752836e-03
1.217299372499999845e+04 -2.844529465622829822e-01 -8.688266760921583383e-04
1.217549921699999868e+04 -2.868965752127889957e-01 -4.800295696514995090e-04
1.217801690099999905e+04 -2.881943774219929977e-01 -1.315949612657420144e-04
1.218054677699999957e+04 -2.887347421360990096e-01 1.753579282370788166e-04
1.218308884499999840e+04 -2.883405701755730188e-01 3.208288497033431668e-04
1.218564310499999920e+04 -2.880716947585539867e-01 2.586576803258538396e-04
1.218820955599999979e+04 -2.880221589896149736e-01 1.101856856435169544e-04
1.219078819999999905e+04 -2.885863297622500157e-01 -9.779162754031612474e-05
1.219337903499999993e+04 -2.897138157374979928e-01 -2.805911247452955930e-04
1.219598206199999913e+04 -2.913232223671969878e-01 -2.311967611589697022e-04
1.219859728199999881e+04 -2.921819642757320090e-01 -4.736587300129428609e-05
1.220122469300000012e+04 -2.927500004425380165e-01 2.082457266946251522e-04
1.220386429599999974e+04 -2.921445365460810240e-01 4.544310852136298671e-04
1.220651609099999951e+04 -2.912892400942460047e-01 5.897640871895792327e-04
1.220918007799999941e+04 -2.898911003929450225e-01 6.640342631146531989e-04
1.221185625599999912e+04 -2.885921663219609967e-01 6.709806885879188382e-04
1.221454462699999931e+04 -2.871410000269969953e-01 6.406869490805600304e-04
1.221724518999999964e+04 -2.860079165923160027e-01 5.429070820439573734e-04
1.221995794399999977e+04 -2.851233316447490118e-01 3.849176799392583538e-04
1.222268289099999856e+04 -2.849197243053649964e-01 1.609339625051045206e-04
1.222542002899999898e+04 -2.853668421690390145e-01 -1.128396931568696927e-04
1.222816935899999953e+04 -2.868053097957570241e-01 -4.035332973255323320e-04
1.223093088099999841e+04 -2.890109572561330165e-01 -6.919069742721534579e-04
1.223370459499999924e+04 -2.922094131847570164e-01 -9.037904551903616591e-04
1.223649050099999840e+04 -2.957258211625120037e-01 -9.909719137210382806e-04
1.223928859899999952e+04 -2.994855798074340103e-01 -1.003485062756601055e-03
1.224209888899999896e+04 -3.031104310666060120e-01 -8.874795715099912871e-04
1.224492137099999854e+04 -3.061884222648479925e-01 -6.499959889473982564e-04
1.224775604399999975e+04 -3.083745370618080073e-01 -3.678464686361712795e-04
1.225060290999999961e+04 -3.097238953589229737e-01 -8.655759907001704114e-05
1.225346196699999928e+04 -3.101717096682969910e-01 -6.747849025145276260e-05
1.225633321699999942e+04 -3.114093061584859989e-01 -1.968444574507462023e-04
1.225921665799999937e+04 -3.126776151096780088e-01 -1.321793457400867434e-04
1.226211229099999946e+04 -3.135175576875450232e-01 -4.677614657086679280e-05
1.226502011599999969e+04 -3.142532828058209882e-01 -6.271087877953785469e-05
1.226794013300000006e+04 -3.152013007521650145e-01 -8.957545824973376801e-05
1.227087234199999875e+04 -3.161158307343759910e-01 -1.145918429797494146e-04
1.227381674299999941e+04 -3.172322191039980144e-01 -1.511254192118858272e-04
1.227677333499999986e+04 -3.183907013185729995e-01 -1.323925975052972763e-04
1.227974211999999898e+04 -3.193952235931660222e-01 -5.269808452881048782e-05
1.228272309599999971e+04 -3.200445842275019825e-01 7.350334627622829014e-05
1.228571626499999911e+04 -3.202322000913109812e-01 1.839374448979364549e-04
1.228872162500000013e+04 -3.201612598211380223e-01 2.820595166007837211e-04
1.229173917699999947e+04 -3.197037044841680165e-01 3.778183570683601566e-04
1.229476892099999895e+04 -3.189979782603299951e-01 3.858529091427084410e-04
1.229781085799999892e+04 -3.184824365120499934e-01 1.148352959672353329e-04
1.230086498500000016e+04 -3.195767672293660100e-01 -9.169348286126639705e-05
1.230393130500000007e+04 -3.204445116433530250e-01 -3.071247454586460609e-05
1.230700981700000011e+04 -3.211372806958299742e-01 -2.858164927582886768e-05
1.231010052099999848e+04 -3.219968560957239823e-01 -4.803465706467925129e-05
1.231320341599999847e+04 -3.228273893217220025e-01 -1.142625448230485041e-04
1.231631850399999894e+04 -3.241435137775249831e-01 -2.688140605511851375e-04
1.231944578299999921e+04 -3.260364720647250247e-01 -4.057518048139489224e-04
1.232258525499999996e+04 -3.283026647110530161e-01 -5.172220711221474669e-04
1.232573691799999870e+04 -3.309779476879590177e-01 -6.125813864771231538e-04
1.232890077299999939e+04 -3.339212424993849848e-01 -6.358998178702799558e-04
1.233207681999999841e+04 -3.367797298558419805e-01 -5.999488304521897585e-04
1.233526505899999938e+04 -3.394953727369560137e-01 -5.133647977303334910e-04
1.233846548999999868e+04 -3.417708936765450067e-01 -3.970598756583156681e-04
1.234167811199999960e+04 -3.436907243272819823e-01 -2.702169821600619820e-04
1.234490292699999918e+04 -3.450901248094189744e-01 -1.506285777338578599e-04
1.234813993399999890e+04 -3.461782906138560212e-01 -4.598327204080691753e-05
1.235138913199999843e+04 -3.468455432665250027e-01 3.376188688775131973e-05
1.235465052299999843e+04 -3.473730962255329735e-01 5.558061464392652118e-05
1.235792410500000005e+04 -3.478890500762499838e-01 6.506042977836440366e-05
1.236120987900000000e+04 -3.483525633405269994e-01 8.544446134680665412e-05
1.236450784500000009e+04 -3.487255415340970166e-01 7.098628601193090971e-05
1.236781800299999850e+04 -3.492965317469309827e-01 7.135271457169138642e-05
1.237114035299999887e+04 -3.496703380437509723e-01 8.388813772025437024e-05
1.237447489499999938e+04 -3.501536360588929919e-01 4.685944453325809717e-05
1.237782162900000003e+04 -3.508008648704150079e-01 3.617423349319392594e-05
1.238118055399999866e+04 -3.513665677219379724e-01 -1.669696746693786528e-05
1.238455167199999960e+04 -3.524069459590640219e-01 -5.426064671924632390e-05
1.238793498199999885e+04 -3.532556581461029910e-01 -3.968630167428928776e-05
1.239133048299999973e+04 -3.541949205766209974e-01 -7.817455988648329987e-05
1.239473817599999893e+04 -3.553361272072890209e-01 -1.222342954101818941e-04
1.239815806100000009e+04 -3.566114932735859888e-01 -1.695043053388528705e-04
1.240159013899999991e+04 -3.581151827426100054e-01 -2.103393394240030167e-04
1.240503440799999953e+04 -3.597072076827370068e-01 -2.546013684784315481e-04
1.240849086799999895e+04 -3.615555669250670179e-01 -2.734370906509553476e-04
1.241195952099999886e+04 -3.633022535722160162e-01 -2.746692961102625667e-04
1.241544036599999890e+04 -3.651726271358189946e-01 -2.789379731953289462e-04
1.241893340299999909e+04 -3.669645279799230164e-01 -2.984950280773737805e-04
1.242243863099999908e+04 -3.689972313792880265e-01 -3.091373405964790988e-04
1.242595605199999954e+04 -3.708841085743159738e-01 -3.093942957175033811e-04
1.242948566399999982e+04 -3.729323997830349957e-01 -3.090585767233513886e-04
1.243302746799999841e+04 -3.748302992080890239e-01 -2.886817819033913137e-04
1.243658146499999930e+04 -3.767342344003760113e-01 -2.569234297580138908e-04
1.244014765299999999e+04 -3.783981568295510245e-01 -2.090805917561324551e-04
1.244372603299999901e+04 -3.799408761729520245e-01 -1.776471052329434684e-04
1.244731660499999998e+04 -3.813695534241470231e-01 -1.512935863454937678e-04
1.245091936899999928e+04 -3.827152748348460198e-01 -1.040770647915783658e-04
1.245453432399999838e+04 -3.837810376774110077e-01 -7.280139257827239029e-05
1.245816147199999978e+04 -3.848874532136590254e-01 -4.651033850562655140e-05
1.246180081099999916e+04 -3.857518148688069970e-01 -2.323587419172581388e-05
1.246545234299999902e+04 -3.866794563977369870e-01 -2.763158798796563578e-05
1.246911606599999868e+04 -3.875849414593660058e-01 -1.036330928467633649e-06
1.247279198199999882e+04 -3.883054380947050244e-01 -1.253801051096522906e-05
1.247648008899999877e+04 -3.893088581843069940e-01 -2.307278670021263917e-05
1.248018038799999886e+04 -3.901200977255219748e-01 -2.318061636390298603e-05
1.248389287899999908e+04 -3.911303800015210053e-01 -2.965834523657708826e-05
1.248761756199999945e+04 -3.920002435550070108e-01 -3.703584712283380145e-05
1.249135443699999996e+04 -3.930768296870070233e-01 -6.782727729053853914e-05
1.249510350299999845e+04 -3.942048778932629727e-01 -8.364092826887099591e-05
1.249886476199999925e+04 -3.954183965062890160e-01 -1.364237015844251498e-04
1.250263821300000018e+04 -3.969885373011740048e-01 -1.949383037195769909e-04
1.250642385499999909e+04 -3.986942951281690073e-01 -2.123542206075640837e-04
1.251022168899999997e+04 -4.004192925999999764e-01 -2.063179811357847824e-04
1.251403171599999951e+04 -4.020859115002580197e-01 -2.318912655872114499e-04
1.251785393399999884e+04 -4.040350150515040206e-01 -2.596561661975615542e-04
1.252168834400000014e+04 -4.059454345995570090e-01 -2.312286665023061615e-04
1.252553494599999976e+04 -4.076682803299769842e-01 -2.244235875234454379e-04
1.252939373999999953e+04 -4.095329479076459944e-01 -2.340069196532593707e-04
1.253326472599999943e+04 -4.113480755222290175e-01 -2.247335153114298574e-04
1.253714790299999913e+04 -4.131457919033439952e-01 -2.250918278827051427e-04
1.254104327299999932e+04 -4.149753255465349899e-01 -2.045851255170593049e-04
1.254495083499999964e+04 -4.166095996855559980e-01 -2.014759536122137759e-04
1.254887058799999977e+04 -4.184233696555120230e-01 -1.985321634807055515e-04
1.255280253300000004e+04 -4.200431331143190117e-01 -1.658827992859289284e-04
1.255674667099999897e+04 -4.215866315729460134e-01 -1.581710416108027489e-04
1.256070299999999952e+04 -4.231496262485869853e-01 -1.551049724600855862e-04
1.256467152099999839e+04 -4.246761665126109753e-01 -1.311945135302123092e-04
1.256865223399999923e+04 -4.260410163676899842e-01 -8.941643478713871861e-05
1.257264513899999838e+04 -4.272124900787809820e-01 -7.163623815813182293e-05
1.257665023599999950e+04 -4.284297363212800080e-01 -3.959628522346528718e-05
1.258066752399999859e+04 -4.293276799917210007e-01 -1.476433370431332395e-05
1.258469700499999999e+04 -4.303330555800780055e-01 -3.285773182629924798e-05
1.258873867799999971e+04 -4.313963096814290021e-01 -3.321571322795433689e-05
1.259279254199999923e+04 -4.324111007286309816e-01 -3.063786673645493781e-05
1.259685859799999889e+04 -4.334577456286459740e-01 -4.800982960756051238e-05
1.260093684699999903e+04 -4.346332968912109962e-01 -7.434709255441404152e-05
1.260502728699999898e+04 -4.359216361710209764e-01 -9.428044521847817191e-05
1.260912991899999906e+04 -4.372829638198679758e-01 -1.289835262418236310e-04
1.261324474299999929e+04 -4.388907379235070239e-01 -1.547915722510458819e-04
1.261737175899999966e+04 -4.404932566800239813e-01 -1.585975030990593331e-04
1.262151096700000016e+04 -4.421448993809439787e-01 -1.707970355236402746e-04
1.262566236599999866e+04 -4.438675139606759745e-01 -1.985512322440417235e-04
1.262982595799999945e+04 -4.457812032290929816e-01 -2.009833472070809946e-04
1.263400174199999856e+04 -4.475366402404890032e-01 -1.983631713306408483e-04
1.263818971699999929e+04 -4.494371158651769838e-01 -2.159822613151709246e-04
1.264238988400000017e+04 -4.513646729423539949e-01 -2.063008099861446984e-04
1.264660224399999970e+04 -4.531872979036710158e-01 -1.923581823491016696e-04
1.265082679499999904e+04 -4.549972114465040129e-01 -1.857991057691594638e-04
1.265506353799999852e+04 -4.567697027982440261e-01 -1.663930176112773766e-04
1.265931247299999995e+04 -4.584100343096320085e-01 -1.724770708588498839e-04
1.266357359999999971e+04 -4.602488974165749869e-01 -1.847080157095706691e-04
1.266784691899999962e+04 -4.620132376540849739e-01 -1.552191213112397595e-04
1.267213242899999932e+04 -4.635866589925289882e-01 -1.424099877936007381e-04
1.267643013199999950e+04 -4.652403953318159924e-01 -1.513043338525927066e-04
1.268074002599999949e+04 -4.669066252237419890e-01 -1.371906334677423247e-04
1.268506211299999995e+04 -4.684366682968950091e-01 -1.225475370602171034e-04
1.268939639099999840e+04 -4.699734464259029965e-01 -1.175399710596796479e-04
1.269374286099999881e+04 -4.714646377549759904e-01 -1.045257776035387221e-04
1.269810152399999970e+04 -4.728861522469460232e-01 -9.517382522241297799e-05
1.270247237799999857e+04 -4.742963129451300275e-01 -1.126962834183261138e-04
1.270685542399999940e+04 -4.758933149683490238e-01 -9.595741139604319775e-05
1.271125066199999856e+04 -4.771513219411330220e-01 -6.985532414448867666e-05
1.271565809099999933e+04 -4.785052329867299781e-01 -8.445680515079270962e-05
1.272007771299999877e+04 -4.799112851297109850e-01 -9.876185747668443649e-05
1.272450952700000016e+04 -4.814111531069449890e-01 -9.465564336037115656e-05
1.272895353199999954e+04 -4.827853929538279965e-01 -7.833008679322168858e-05
1.273340972999999940e+04 -4.841344159118339818e-01 -9.765734682151623906e-05
1.273787811899999906e+04 -4.857045594073460260e-01 -1.377152467758371022e-04
1.274235869999999886e+04 -4.874531934162659730e-01 -1.462885032621674057e-04
1.274685147299999880e+04 -4.891164267206770111e-01 -1.444085165773011212e-04
1.275135643799999889e+04 -4.908558517656729792e-01 -1.498942937528078027e-04
1.275587359499999911e+04 -4.925823777387949853e-01 -1.608495801292284737e-04
1.276040294399999948e+04 -4.944394445015660167e-01 -1.513263760367576074e-04
1.276494448499999999e+04 -4.960812553815640014e-01 -1.569319759078502917e-04
1.276949821799999881e+04 -4.980034281431700016e-01 -1.784184893158013226e-04
1.277406414199999926e+04 -4.998688681974510217e-01 -1.734231762763258620e-04
1.277864225899999838e+04 -5.017512657837159828e-01 -1.645539153106522314e-04
1.278323256699999911e+04 -5.035378611519959469e-01 -1.630495487394746938e-04
1.278783506799999850e+04 -5.054149081044549963e-01 -1.615745030732564146e-04
1.279244975999999951e+04 -5.071963679426030325e-01 -1.500656764051079301e-04
1.279707664399999885e+04 -5.089668952277269787e-01 -1.533587740009957059e-04
1.280171572000000015e+04 -5.107910632083689784e-01 -1.549233949518742182e-04
1.280636698799999976e+04 -5.125869305908860030e-01 -1.397475420370524921e-04
1.281103044799999952e+04 -5.142661654928879500e-01 -1.228820346814879266e-04
1.281570609999999942e+04 -5.158990517551900190e-01 -1.200787583806976619e-04
1.282039394299999913e+04 -5.175582576923130063e-01 -1.274920164326616737e-04
1.282509397899999931e+04 -5.192757492623319981e-01 -1.212249765536798843e-04
1.282980620599999929e+04 -5.208792825622829969e-01 -1.037037108278491979e-04
1.283453062599999976e+04 -5.224247418888949834e-01 -1.003572705146440390e-04
1.283926723700000002e+04 -5.240018227348810509e-01 -1.011313921202929326e-04
1.284401603999999861e+04 -5.255633515505959696e-01 -9.456422607266839597e-05
1.284877703599999950e+04 -5.270802719105880385e-01 -1.012258786644416148e-04
1.285355022299999837e+04 -5.287190824686690549e-01 -1.040680258976783097e-04
1.285833560199999920e+04 -5.302737531347400113e-01 -1.006554614127893151e-04
1.286313317199999983e+04 -5.318849826023660521e-01 -1.111119912783623735e-04
1.286794293499999912e+04 -5.335574606754409643e-01 -1.070516393075259741e-04
1.287276488999999856e+04 -5.351342991211169853e-01 -1.030819878022443500e-04
1.287759903699999995e+04 -5.367731263234749584e-01 -5.900468836259034400e-05
1.288244537499999933e+04 -5.378919269522759450e-01 -9.567748687165945616e-06
