# energy mu dmude
2.653921017399999982e+04 4.530566146823660212e-01 -5.545315411657925238e-05
2.654421017399999982e+04 4.531850678579770197e-01 -4.936775119503065528e-05
2.654921017399999982e+04 4.534013247183509843e-01 -4.121701335662988420e-05
2.655421017399999982e+04 4.536473814158609730e-01 -3.832866269776079228e-05
2.655921017399999982e+04 4.539053130566900185e-01 -2.477529926928337528e-05
2.656421017399999982e+04 4.543469254577899852e-01 1.233808441007260307e-06
2.656921017399999982e+04 4.549801314270079944e-01 1.955048333366637061e-07
2.657421017399999982e+04 4.554067625879449910e-01 -2.566170811464876952e-05
2.657921017399999982e+04 4.556668858535519728e-01 -4.234852028000066345e-05
2.658421017399999982e+04 4.558527501147530137e-01 -3.940949256196335239e-05
2.658921017399999982e+04 4.561552793584999765e-01 -2.260972140111498191e-05
2.659421017399999982e+04 4.565835403566330108e-01 -9.000368920159993683e-06
2.659921017399999982e+04 4.570824331461419976e-01 -4.912149049068252533e-06
2.660421017399999982e+04 4.575696813261310170e-01 5.064435666175099233e-06
2.660921017399999982e+04 4.582125220038310021e-01 1.490418719040140878e-05
2.661421017399999982e+04 4.588417437642249852e-01 1.894253286314096386e-05
2.661921017399999982e+04 4.595428520102329828e-01 2.065663403555264711e-05
2.662421017399999982e+04 4.601968058057829825e-01 2.410525483145692133e-05
2.662921017399999982e+04 4.609476727312299960e-01 2.927988100972079948e-05
2.663421017399999982e+04 4.616762890021460231e-01 3.513507062322195984e-05
2.663921017399999982e+04 4.625116379626659779e-01 6.638023296951841700e-05
2.664421017399999982e+04 4.636910773623689752e-01 1.187702620143094490e-04
2.664921017399999982e+04 4.652823397199600253e-01 1.781763857856512236e-04
2.665421017399999982e+04 4.673189247568300120e-01 2.532920048721680039e-04
2.665921017399999982e+04 4.699939983630879725e-01 3.475555505748485589e-04
2.666421017399999982e+04 4.733906719196859791e-01 4.581338411734914295e-04
2.666921017399999982e+04 4.776612325453770125e-01 6.185077021299932717e-04
2.667421017399999982e+04 4.833718721800109863e-01 8.370720244808265570e-04
2.667921017399999982e+04 4.907960042466609774e-01 1.010440007020267433e-03
2.668059999999999854e+04 4.933631475145350276e-01 1.274364241034152976e-03
2.668159999999999854e+04 4.954428475676009858e-01 1.410528240061369523e-03
2.668259999999999854e+04 4.976449329128930232e-01 1.499784250419241433e-03
2.668359999999999854e+04 4.999822003513140212e-01 1.549227059771625392e-03
2.668459999999999854e+04 5.023269635406909517e-01 1.756141405715276604e-03
2.668559999999999854e+04 5.052613267585820411e-01 2.010919552526508822e-03
2.668659999999999854e+04 5.083413070034440429e-01 2.126545709392958089e-03
2.668759999999999854e+04 5.116093343273520055e-01 2.118727312251622932e-03
2.668779999999999927e+04 5.121365745463509755e-01 2.442761727955480942e-03
2.668800000000000000e+04 5.130614376867169701e-01 2.389177986430528113e-03
2.668819999999999709e+04 5.135577524270780181e-01 3.189932904244804825e-03
2.668839999999999782e+04 5.149447656224670489e-01 2.880885559719423717e-03
2.668859999999999854e+04 5.152627158669169649e-01 2.241623430937597986e-03
2.668879999999999927e+04 5.162807834318500211e-01 2.978409662693210207e-03
2.668900000000000000e+04 5.170239646551849644e-01 2.656779532212156895e-03
2.668919999999999709e+04 5.178564056579769703e-01 2.637357649803555477e-03
2.668939999999999782e+04 5.185883776788150490e-01 2.446334187240685725e-03
2.668959999999999854e+04 5.193105708370300277e-01 3.425911095250892911e-03
2.668979999999999927e+04 5.206078987637380306e-01 3.201833589700073344e-03
2.669000000000000000e+04 5.212007671695010336e-01 2.597670221977345199e-03
2.669019999999999709e+04 5.221494064682179470e-01 2.877907464084368885e-03
2.669039999999999782e+04 5.229040118224259626e-01 2.571071538889527913e-03
2.669059999999999854e+04 5.236755629303040394e-01 3.142896780938314507e-03
2.669079999999999927e+04 5.247601931912589945e-01 4.757388360308300104e-03
2.669100000000000000e+04 5.264635367310630532e-01 3.706525908374821553e-03
2.669119999999999709e+04 5.269416691370579775e-01 2.196550780760031085e-03
2.669139999999999782e+04 5.277735411781729891e-01 3.515714331265342926e-03
2.669159999999999854e+04 5.290130195264810542e-01 3.988293463611333745e-03
2.669179999999999927e+04 5.301176372818710014e-01 3.667496484995086316e-03
2.669200000000000000e+04 5.311719699157769758e-01 4.018932677205444733e-03
2.669219999999999709e+04 5.324794165916489908e-01 3.996442949162819745e-03
2.669239999999999782e+04 5.335207694375809773e-01 3.453234942680651759e-03
2.669259999999999854e+04 5.345147074424669853e-01 4.030043199446124193e-03
2.669279999999999927e+04 5.358889611069560521e-01 4.316782882686233044e-03
2.669300000000000000e+04 5.370483888983420551e-01 4.332824590933623959e-03
2.669319999999999709e+04 5.384319009216199658e-01 4.670550519744330782e-03
2.669339999999999782e+04 5.397862448516520528e-01 4.312519622964264276e-03
2.669359999999999854e+04 5.409631218672049657e-01 5.513341138909974397e-03
2.669379999999999927e+04 5.430105114686729628e-01 5.416706117800825816e-03
2.669400000000000000e+04 5.441316162631260056e-01 3.454624992867481263e-03
2.669419999999999709e+04 5.450466045771370505e-01 4.511978174561315745e-03
2.669439999999999782e+04 5.467779533054419883e-01 5.631281800530866556e-03
2.669459999999999854e+04 5.483389398154620009e-01 5.380783204934304863e-03
2.669479999999999927e+04 5.499257150454800458e-01 5.235342120630225894e-03
2.669500000000000000e+04 5.514027612591380079e-01 6.107053863143864850e-03
2.669519999999999709e+04 5.534926387752390209e-01 6.198884134153218040e-03
2.669539999999999782e+04 5.550226841823530100e-01 5.662034026209093740e-03
2.669559999999999854e+04 5.568027224437930300e-01 6.353350294276253335e-03
2.669579999999999927e+04 5.587317561608390326e-01 6.552375509956528433e-03
2.669600000000000000e+04 5.606266604222650551e-01 6.832745544882504879e-03
2.669619999999999709e+04 5.627175077281599824e-01 7.120288201804475699e-03
2.669639999999999782e+04 5.647783652066840077e-01 6.585445231465421149e-03
2.669659999999999854e+04 5.665605316632400523e-01 6.373420266526156480e-03
2.669679999999999927e+04 5.684990204281490378e-01 6.711513026146061558e-03
2.669700000000000000e+04 5.704763147371689769e-01 7.768694590868267108e-03
2.669719999999999709e+04 5.730249483883690376e-01 8.781236456189422598e-03
2.669739999999999782e+04 5.755866240959429669e-01 9.166503124460732843e-03
2.669759999999999854e+04 5.783576116884280305e-01 9.151027470204688499e-03
2.669779999999999927e+04 5.809103557312600419e-01 7.716205536545010096e-03
2.669800000000000000e+04 5.828532459610650251e-01 7.870397548734132248e-03
2.669819999999999709e+04 5.854949808365470520e-01 9.672910389349004268e-03
2.669839999999999782e+04 5.884781786435360207e-01 9.799042673876382642e-03
2.669859999999999854e+04 5.911927098777780554e-01 9.568991497890866338e-03
2.669879999999999927e+04 5.940431352705419776e-01 1.061136519202505665e-02
2.669900000000000000e+04 5.973592651330109637e-01 1.122063699391640836e-02
2.669919999999999709e+04 6.005613274504559840e-01 1.141142837708018255e-02
2.669939999999999782e+04 6.039875712145259534e-01 1.040943169741745736e-02
2.669959999999999854e+04 6.066113382130250420e-01 1.179299298940333918e-02
2.669979999999999927e+04 6.108360946218509557e-01 1.319578746346168271e-02
2.670000000000000000e+04 6.142694745605330464e-01 1.199163162939491725e-02
2.670019999999999709e+04 6.177992609196649720e-01 1.299391317113841697e-02
2.670039999999999782e+04 6.218111005834899840e-01 1.430473725719295409e-02
2.670059999999999854e+04 6.260974198218820508e-01 1.510261871000358885e-02
2.670079999999999927e+04 6.305697511406670452e-01 1.674970654752155549e-02
2.670100000000000000e+04 6.358066755115530100e-01 1.598581737145729487e-02
2.670119999999999709e+04 6.398381335781520018e-01 1.501009824241096233e-02
2.670139999999999782e+04 6.445119285331030179e-01 1.721878691319107466e-02
2.670159999999999854e+04 6.498181156935789460e-01 1.811826870935986239e-02
2.670179999999999927e+04 6.550110402253169761e-01 1.847278107385632445e-02
2.670200000000000000e+04 6.605218316974430515e-01 1.908518689198223511e-02
2.670219999999999709e+04 6.660682019291940259e-01 1.966018978555265570e-02
2.670239999999999782e+04 6.719108522672350148e-01 1.854517918090094891e-02
2.670259999999999854e+04 6.768137019900900553e-01 2.024796472589333873e-02
2.670279999999999927e+04 6.836391029997920255e-01 2.491760498443557070e-02
2.670300000000000000e+04 6.912370026741769813e-01 2.511280368312495889e-02
2.670319999999999709e+04 6.981750612364310271e-01 2.559429868572506150e-02
2.670339999999999782e+04 7.060508523567430306e-01 2.779510265576217928e-02
2.670359999999999854e+04 7.142590894134870361e-01 2.582723596793490978e-02
2.670379999999999927e+04 7.209991401495280394e-01 2.529764992997248288e-02
2.670400000000000000e+04 7.289017303583520402e-01 2.865954179268325602e-02
2.670419999999999709e+04 7.375820732795069778e-01 3.114254892021378271e-02
2.670439999999999782e+04 7.469177135453239913e-01 3.355007864159209596e-02
2.670459999999999854e+04 7.569875452708469954e-01 3.292975733006461153e-02
2.670479999999999927e+04 7.659651714653430421e-01 3.327422890127568894e-02
2.670500000000000000e+04 7.762338125294649949e-01 3.743027117241189139e-02
2.670519999999999709e+04 7.876100692180280083e-01 3.782731046431570682e-02
2.670539999999999782e+04 7.981078587101120281e-01 3.618647271392180786e-02
2.670559999999999854e+04 8.085371174600970434e-01 3.900644836137424215e-02
2.670579999999999927e+04 8.206624360146349551e-01 4.342246024648446778e-02
2.670600000000000000e+04 8.336403648886520079e-01 4.279654820248812025e-02
2.670619999999999709e+04 8.454044427198169620e-01 4.336500075886695615e-02
2.670639999999999782e+04 8.587104499788229539e-01 4.646326878990830744e-02
2.670659999999999854e+04 8.722626713597350090e-01 4.981193337914180397e-02
2.670679999999999927e+04 8.875013367763779915e-01 4.911638650490261077e-02
2.670700000000000000e+04 9.006521281828340220e-01 4.849311195309344985e-02
2.670719999999999709e+04 9.155310750860949920e-01 4.882115701239721911e-02
2.670739999999999782e+04 9.288711953856170211e-01 4.800395163044904323e-02
2.670759999999999854e+04 9.432784979647179657e-01 4.879352989929321149e-02
2.670779999999999927e+04 9.570743177951159808e-01 5.639530785258953932e-02
2.670800000000000000e+04 9.758689329229930376e-01 6.112284877031102376e-02
2.670819999999999709e+04 9.923932196618120427e-01 5.487296606699272605e-02
2.670839999999999782e+04 1.007580759052820074e+00 5.414044632599129131e-02
2.670859999999999854e+04 1.023682277188100009e+00 5.724659836424010606e-02
2.670879999999999927e+04 1.040662510327799994e+00 6.000737319481002502e-02
2.670900000000000000e+04 1.058357390191470015e+00 5.996217767142858479e-02
2.670919999999999709e+04 1.075311539053189991e+00 5.876713975308670013e-02
2.670939999999999782e+04 1.092316711208010105e+00 5.834916212679416847e-02
2.670959999999999854e+04 1.109029627230009973e+00 5.891672282935669219e-02
2.670979999999999927e+04 1.126362363042680004e+00 5.627415438070504372e-02
2.671000000000000000e+04 1.141550139316189982e+00 5.925450239275376063e-02
2.671019999999999709e+04 1.160602961970510050e+00 6.825006741085613837e-02
2.671039999999999782e+04 1.180982465170189899e+00 6.756045803206890688e-02
2.671059999999999854e+04 1.199637284634049950e+00 6.564840887442900674e-02
2.671079999999999927e+04 1.218913262143459963e+00 6.269834123976197882e-02
2.671100000000000000e+04 1.235865470871670091e+00 5.844239765355891542e-02
2.671119999999999709e+04 1.252685160546880061e+00 6.250083235357301037e-02
2.671139999999999782e+04 1.271979666247849972e+00 6.799493567571529562e-02
2.671159999999999854e+04 1.291970238919130098e+00 6.285950317571623036e-02
2.671179999999999927e+04 1.308300865960519976e+00 5.667196187885142900e-02
2.671200000000000000e+04 1.324720342798090034e+00 6.231201347606354912e-02
2.671219999999999709e+04 1.344306085852829957e+00 6.582572150702631353e-02
2.671239999999999782e+04 1.362753474506759988e+00 6.236891246610768574e-02
2.671259999999999854e+04 1.380344144596399980e+00 6.051029108666502315e-02
2.671279999999999927e+04 1.397718843025550051e+00 6.491199803753072706e-02
2.671300000000000000e+04 1.417849927247279984e+00 6.334159116103114939e-02
2.671319999999999709e+04 1.434318276419610072e+00 5.915507550657423536e-02
2.671339999999999782e+04 1.452033142648770037e+00 5.726230066310662725e-02
2.671359999999999854e+04 1.467409090165670005e+00 5.617117543569714877e-02
2.671379999999999927e+04 1.484494221162899974e+00 5.760956002913150686e-02
2.671400000000000000e+04 1.500700322206450110e+00 5.710868335909302651e-02
2.671419999999999709e+04 1.517496375764739946e+00 5.437524607467437987e-02
2.671439999999999782e+04 1.532124892751929979e+00 5.528399516890641213e-02
2.671459999999999854e+04 1.549445424443030017e+00 5.868967717853050547e-02
2.671479999999999927e+04 1.566039506790029900e+00 5.386176581382185607e-02
2.671500000000000000e+04 1.580573643476580026e+00 4.999786352528068356e-02
2.671519999999999709e+04 1.594937701860249968e+00 5.366624628800668179e-02
2.671539999999999782e+04 1.611589019794049893e+00 4.551142200539273069e-02
2.671559999999999854e+04 1.621246578839560026e+00 4.178011623758259158e-02
2.671579999999999927e+04 1.635744399957349993e+00 4.808798321147436661e-02
2.671600000000000000e+04 1.649042499952700025e+00 4.863903906542989958e-02
2.671619999999999709e+04 1.663858359071080040e+00 4.744132098112439216e-02
2.671639999999999782e+04 1.676465204518690078e+00 4.246308506249558273e-02
2.671659999999999854e+04 1.688407909876350033e+00 3.880562521428387174e-02
2.671679999999999927e+04 1.698903878159790048e+00 3.882150428921514462e-02
2.671700000000000000e+04 1.710855748013589972e+00 3.994989325120086587e-02
2.671719999999999709e+04 1.722002958030429909e+00 3.365661700535308581e-02
2.671739999999999782e+04 1.730322707870239896e+00 2.819498162932905158e-02
2.671759999999999854e+04 1.738317773537700006e+00 3.209852072673387985e-02
2.671779999999999927e+04 1.748890423445349951e+00 3.265387757180049366e-02
2.671800000000000000e+04 1.757206009400350100e+00 2.795737283777845542e-02
2.671819999999999709e+04 1.765068104713710007e+00 2.641954889085874197e-02
2.671839999999999782e+04 1.772496146420309948e+00 2.851605160786259072e-02
2.671859999999999854e+04 1.781568223495360037e+00 2.815950000623982166e-02
2.671879999999999927e+04 1.788790483958980104e+00 2.195025199213448616e-02
2.671900000000000000e+04 1.794278937321510003e+00 1.879293970351899809e-02
2.671919999999999709e+04 1.799678977258549972e+00 1.784716740920813324e-02
2.671939999999999782e+04 1.804621584809670054e+00 1.726318142900299529e-02
2.671959999999999854e+04 1.809684581355770039e+00 1.836287973965797585e-02
2.671979999999999927e+04 1.815261872033369972e+00 1.631496754425647636e-02
2.672000000000000000e+04 1.819142930494870081e+00 1.358411819322338093e-02
2.672019999999999709e+04 1.823144130723530099e+00 1.249878507211525311e-02
2.672039999999999782e+04 1.826398796826419924e+00 9.172606864451753050e-03
2.672059999999999854e+04 1.828480316754089952e+00 9.407336520904278562e-03
2.672079999999999927e+04 1.831870455423219912e+00 9.835452967912074879e-03
2.672100000000000000e+04 1.834199059739809901e+00 8.708291412509509138e-03
2.672119999999999709e+04 1.836938665064340004e+00 8.214482739632019206e-03
2.672139999999999782e+04 1.838982271187020068e+00 5.558523812605504696e-03
2.672159999999999854e+04 1.840189008542920002e+00 4.471172236961528344e-03
2.672179999999999927e+04 1.841605057370180099e+00 4.833508829587731224e-03
2.672200000000000000e+04 1.843020914735830074e+00 3.564731166893510533e-03
2.672219999999999709e+04 1.843704697480669896e+00 2.040529965429449186e-03
2.672239999999999782e+04 1.844240872869409964e+00 1.158241344879023735e-03
2.672259999999999854e+04 1.844415448957559933e+00 1.679552023582938074e-03
2.672279999999999927e+04 1.845252495128969938e+00 -1.145259096811398775e-03
2.672300000000000000e+04 1.843796751395549993e+00 -2.754626844286888702e-03
2.672319999999999709e+04 1.843704962318500007e+00 -2.957273819844714207e-04
2.672339999999999782e+04 1.843668355073059928e+00 -1.892996485921335592e-03
2.672359999999999854e+04 1.842654713394350052e+00 -3.062485377005002944e-03
2.672379999999999927e+04 1.841943143880999889e+00 -3.270049218669396091e-03
2.672400000000000000e+04 1.840809708194520056e+00 -2.958168238476377269e-03
2.672419999999999709e+04 1.840278138589960033e+00 -3.058139689169937780e-03
2.672439999999999782e+04 1.839087005085570103e+00 -4.141755636738939789e-03
2.672459999999999854e+04 1.837930034176979976e+00 -3.989634018881001512e-03
2.672479999999999927e+04 1.836826696591790098e+00 -4.020203119755956858e-03
2.672500000000000000e+04 1.835652082942160090e+00 -4.257744499740120751e-03
2.672519999999999709e+04 1.834411650024339924e+00 -4.631566256549940301e-03
2.672539999999999782e+04 1.833021287783429987e+00 -4.603487051648886413e-03
2.672559999999999854e+04 1.831797060580719894e+00 -4.695232035718660372e-03
2.672579999999999927e+04 1.830353748369109912e+00 -4.900206006568311699e-03
2.672600000000000000e+04 1.829011221884309979e+00 -5.433925009650185205e-03
2.672619999999999709e+04 1.827259877513129904e+00 -5.074452234037287943e-03
2.672639999999999782e+04 1.826124818206279921e+00 -2.823503296240645940e-03
2.672659999999999854e+04 1.825672593144020084e+00 -3.282609103646131742e-03
2.672679999999999927e+04 1.824272564157390031e+00 -4.594013995839136937e-03
2.672700000000000000e+04 1.823063471007769998e+00 -3.821073281686550305e-03
2.672719999999999709e+04 1.822109539304650028e+00 -3.609312439118429056e-03
2.672739999999999782e+04 1.821022662432280059e+00 -3.352449179472044398e-03
2.672759999999999854e+04 1.820216977548410053e+00 -2.366070924370296952e-03
2.672779999999999927e+04 1.819699381931429993e+00 -2.031864871164625660e-03
2.672800000000000000e+04 1.819086581714820072e+00 -2.248659920307874687e-03
2.672819999999999709e+04 1.818443864363769924e+00 -2.108634575006667570e-03
2.672839999999999782e+04 1.817911878787940028e+00 -1.291062311795120911e-03
2.672859999999999854e+04 1.817741017504229895e+00 -1.096166342687729953e-03
2.672879999999999927e+04 1.817321514762840096e+00 1.739624761611712823e-04
2.672900000000000000e+04 1.817883699371779960e+00 1.504942389170701523e-03
2.672919999999999709e+04 1.818232362302989902e+00 6.841085289581300133e-04
2.672939999999999782e+04 1.818320808436870051e+00 8.164393688004642014e-04
2.672959999999999854e+04 1.818745845179289944e+00 1.664820992374521332e-03
2.672979999999999927e+04 1.819323928785629985e+00 2.016294508918762239e-03
2.673000000000000000e+04 1.819951815990030086e+00 2.837895217398743539e-03
2.673019999999999709e+04 1.821004080652490087e+00 3.155685058905411886e-03
2.673039999999999782e+04 1.821815378023309950e+00 2.901400482206709184e-03
2.673059999999999854e+04 1.822720884135200059e+00 3.855453045053654389e-03
2.673079999999999927e+04 1.824082806216039909e+00 5.197417888742582315e-03
2.673100000000000000e+04 1.825762817875830057e+00 5.368031424033564876e-03
2.673119999999999709e+04 1.827223208355609918e+00 5.213955202621886435e-03
2.673139999999999782e+04 1.828814296010540019e+00 5.350968640440396246e-03
2.673159999999999854e+04 1.830353762829959985e+00 5.423945889356214869e-03
2.673179999999999927e+04 1.831986968789570014e+00 6.049388596392954280e-03
2.673200000000000000e+04 1.833887405457619968e+00 6.063422361512253028e-03
2.673219999999999709e+04 1.835528710905790062e+00 6.579554058422742817e-03
2.673239999999999782e+04 1.837727029343680041e+00 8.072487470147158770e-03
2.673259999999999854e+04 1.840229970784410085e+00 8.066880000033657336e-03
2.673279999999999927e+04 1.842425052910459993e+00 7.190098837669067593e-03
2.673300000000000000e+04 1.844421966285149983e+00 8.225536427277834947e-03
2.673319999999999709e+04 1.847214643915559895e+00 9.972753740576399684e-03
2.673339999999999782e+04 1.850219951443710098e+00 9.036841388951208365e-03
2.673359999999999854e+04 1.852472473859160029e+00 7.730291913570130381e-03
2.673379999999999927e+04 1.854723715569529974e+00 7.901908292804578349e-03
2.673400000000000000e+04 1.857075285168259926e+00 1.010487610282319836e-02
2.673419999999999709e+04 1.860597954217920069e+00 9.575563822613392811e-03
2.673439999999999782e+04 1.862644034966089990e+00 8.273177150228006732e-03
2.673459999999999854e+04 1.865415040730419971e+00 8.757868388998892376e-03
2.673479999999999927e+04 1.867740857609690108e+00 7.712922833189002694e-03
2.673500000000000000e+04 1.869908780413960026e+00 7.708983470104004317e-03
2.673519999999999709e+04 1.872232323717559987e+00 8.544171460674040292e-03
2.673539999999999782e+04 1.874882269382019961e+00 9.928128086674445005e-03
2.673559999999999854e+04 1.878004553494659890e+00 9.551497422347567448e-03
2.673579999999999927e+04 1.880437129426669962e+00 7.763957829111444581e-03
2.673600000000000000e+04 1.882527747666270068e+00 7.546959904478172700e-03
2.673619999999999709e+04 1.884835084776000036e+00 7.605009786892247790e-03
2.673639999999999782e+04 1.886959206095949915e+00 5.706139446351235316e-03
2.673659999999999854e+04 1.888170623576820084e+00 6.501380024918008808e-03
2.673679999999999927e+04 1.890753712389779961e+00 7.664199823233670480e-03
2.673700000000000000e+04 1.892636243118690054e+00 5.001509700455024181e-03
2.673719999999999709e+04 1.893682579100780083e+00 5.077091324962262550e-03
2.673739999999999782e+04 1.895608731231380073e+00 6.411347924148981699e-03
2.673759999999999854e+04 1.897425124002430019e+00 5.993361345046200814e-03
2.673779999999999927e+04 1.899110038125950028e+00 5.875097599436216941e-03
2.673800000000000000e+04 1.900858175810050010e+00 4.246056260063935453e-03
2.673819999999999709e+04 1.901602900210219937e+00 2.703801859871612749e-03
2.673839999999999782e+04 1.902460936641050093e+00 3.415108726878900852e-03
2.673859999999999854e+04 1.903616186784399922e+00 2.369195266894704409e-03
2.673879999999999927e+04 1.903870581636099901e+00 2.727226715029188765e-03
2.673900000000000000e+04 1.905232467105409944e+00 3.129587472864439526e-03
2.673919999999999709e+04 1.905719081631600087e+00 1.466817439463818668e-03
2.673939999999999782e+04 1.906121311099640003e+00 1.145879786815790077e-03
2.673959999999999854e+04 1.906422698722409992e+00 1.354044942917312908e-04
2.673979999999999927e+04 1.906241739499809906e+00 -3.430476264852665201e-04
2.674000000000000000e+04 1.906266991854439929e+00 3.773963287122039439e-04
2.674019999999999709e+04 1.906501831781030054e+00 -1.506740099391119362e-05
2.674039999999999782e+04 1.906300576461160023e+00 -6.085660323931828090e-04
2.674059999999999854e+04 1.906192882837149938e+00 -1.124840888755212001e-03
2.674079999999999927e+04 1.905693663123970039e+00 -1.707338173628953314e-03
2.674100000000000000e+04 1.905249785298940068e+00 -2.403181636948317334e-03
2.674119999999999709e+04 1.904348964437019953e+00 -3.112837530290013966e-03
2.674139999999999782e+04 1.903495513716640053e+00 -2.423620290023029925e-03
2.674159999999999854e+04 1.902992469725540037e+00 -2.330170703132421976e-03
2.674179999999999927e+04 1.902192952775360046e+00 -2.995907606958762241e-03
2.674200000000000000e+04 1.901305683424050041e+00 -4.209732711484216912e-03
2.674219999999999709e+04 1.899805615872989906e+00 -4.431925348804303770e-03
2.674239999999999782e+04 1.898790109607640053e+00 -3.814564506393336874e-03
2.674259999999999854e+04 1.897646347513999965e+00 -4.180104563572320346e-03
2.674279999999999927e+04 1.896419872381919891e+00 -5.626372868095600756e-03
2.674300000000000000e+04 1.894441406733359923e+00 -5.013946438539467788e-03
2.674319999999999709e+04 1.893568389197159973e+00 -3.595959105289397995e-03
2.674339999999999782e+04 1.892408304940339958e+00 -4.387488127750442321e-03
2.674359999999999854e+04 1.891078462009549987e+00 -5.299842784994172017e-03
2.674429999999999927e+04 1.885621210888190014e+00 -5.524662587608006152e-03
2.674500000000000000e+04 1.880066624076770054e+00 -5.306242850725508345e-03
2.674569999999999709e+04 1.875050580894479957e+00 -5.025355605429382422e-03
2.674639999999999782e+04 1.870063386409269945e+00 -4.986282461702806930e-03
2.674709999999999854e+04 1.865126270989899915e+00 -4.546320464359798405e-03
2.674779999999999927e+04 1.861027799881409983e+00 -3.795054924881576669e-03
2.674850000000000000e+04 1.857608241094409918e+00 -2.997147391506355032e-03
2.674919999999999709e+04 1.855121543461039968e+00 -2.270750595738006000e-03
2.674989999999999782e+04 1.853169306436079911e+00 -1.171165135976703908e-03
2.675159369499999957e+04 1.851329637055030064e+00 -3.817106324525112093e-04
2.675259958299999926e+04 1.851967850615370059e+00 9.142678115266231025e-04
2.675361766199999693e+04 1.854213506028340008e+00 1.768753844915786069e-03
2.675464793300000019e+04 1.857411875676260093e+00 2.435750242287342947e-03
2.675569039599999815e+04 1.861717097073019911e+00 2.999810794030528718e-03
2.675674505099999806e+04 1.866710498462780032e+00 3.408016968483954749e-03
2.675781189799999993e+04 1.872373367758880081e+00 3.783799720852819293e-03
2.675889093700000012e+04 1.878652750944370009e+00 4.066786415055011379e-03
2.675998216699999830e+04 1.885337457461639943e+00 4.162618605379359363e-03
2.676108558999999877e+04 1.892065957794399900e+00 4.138308126443198190e-03
2.676220120399999723e+04 1.898821857457160034e+00 4.146641450870729162e-03
2.676332901099999799e+04 1.905725506241680023e+00 4.083024260577610906e-03
2.676446900899999673e+04 1.912421710074589942e+00 3.876273418744228486e-03
2.676562119899999743e+04 1.918787794706569905e+00 3.573228017783393589e-03
2.676678558199999679e+04 1.924610034640690026e+00 3.175052063624243283e-03
2.676796215599999778e+04 1.929759506467539909e+00 2.528182482172705321e-03
2.676915092199999708e+04 1.933488358113149896e+00 1.457839576772745720e-03
2.677035187899999801e+04 1.935038777873659965e+00 2.824990950508884994e-05
2.677156502899999759e+04 1.933841933578029915e+00 -1.298899842583786440e-03
2.677279037099999914e+04 1.930726486224890071e+00 -2.711781643909979070e-03
2.677402790399999867e+04 1.924465737635290052e+00 -4.081982829615757660e-03
2.677527762999999686e+04 1.916340136898220026e+00 -4.856301041081503150e-03
2.677653954700000031e+04 1.907132266058680026e+00 -5.411566824795646310e-03
2.677781365699999878e+04 1.896806598233790053e+00 -5.587795418536949457e-03
2.677909995799999888e+04 1.886759868962319953e+00 -5.035124580854518327e-03
2.678039845099999729e+04 1.878301373015490050e+00 -4.338894326802384023e-03
2.678170913599999767e+04 1.870701150571610016e+00 -3.399970352929427425e-03
2.678303201300000001e+04 1.865660352668109923e+00 -2.218393802901669123e-03
2.678436708199999703e+04 1.862474477508970105e+00 -1.147252885343513426e-03
2.678571434199999931e+04 1.861503760239489935e+00 -1.234136458073119031e-04
2.678707379500000025e+04 1.862278601725730010e+00 8.429657781269310436e-04
2.678844543999999951e+04 1.865114219948420082e+00 1.618659575113774252e-03
2.678982927599999675e+04 1.869005272383120086e+00 2.014854742020585551e-03
2.679122530499999993e+04 1.873489535236700032e+00 2.382147265295575262e-03
2.679263352499999746e+04 1.878940166789129895e+00 2.669964928256711445e-03
2.679405393699999695e+04 1.884685487580779917e+00 2.604874183945479586e-03
2.679548654099999840e+04 1.889964687226370010e+00 2.437381669240370335e-03
2.679693133699999817e+04 1.895108856825969967e+00 2.224983065830663659e-03
2.679838832499999990e+04 1.899587104097409940e+00 1.977146949066311589e-03
2.679985750499999995e+04 1.903765757130269964e+00 1.733305396011838645e-03
2.680133887699999832e+04 1.907278054539409906e+00 1.380518279621102814e-03
2.680283243999999831e+04 1.910005958791020086e+00 1.048331650208070114e-03
2.680433819599999697e+04 1.912131836517249939e+00 8.108893309056844400e-04
2.680585614299999725e+04 1.913863294523930003e+00 5.761768963542282214e-04
2.680738628299999982e+04 1.914988024222459950e+00 2.882791218772020247e-04
2.680892861399999674e+04 1.915466040676440107e+00 -2.009988859837499501e-05
2.681048313699999926e+04 1.915225554023499921e+00 -3.215741935464683839e-04
2.681204985200000010e+04 1.914347750825879935e+00 -5.201246419130791786e-04
2.681362875899999926e+04 1.913197370051449964e+00 -6.587904548066039713e-04
2.681521985799999675e+04 1.911669606006680011e+00 -7.909986064779751585e-04
2.681682314899999983e+04 1.909889270806020001e+00 -1.028339658084137607e-03
2.681843863199999760e+04 1.907233987915879947e+00 -1.143991508906301233e-03
2.682006630699999732e+04 1.904878867505650053e+00 -1.202187999594781257e-03
2.682170617299999867e+04 1.901911542033720037e+00 -1.256339490589112933e-03
2.682335823199999868e+04 1.899259495336709902e+00 -1.207322668258112731e-03
2.682502248200000031e+04 1.896485089538519908e+00 -1.093593450977652483e-03
2.682669892400000026e+04 1.894341336100989981e+00 -9.813745102643901212e-04
2.682838755799999853e+04 1.892075891629739992e+00 -7.553637539048223574e-04
2.683008838499999911e+04 1.891005494562010059e+00 -4.461771251202838380e-04
2.683180140299999766e+04 1.890239009760390054e+00 -1.982652776300954675e-04
2.683352661299999818e+04 1.890385352069440028e+00 1.711954448902684950e-04
2.683526401400000032e+04 1.891460315033449913e+00 4.891030298883047855e-04
2.683701360799999748e+04 1.893214726106190016e+00 6.343277803639018209e-04
2.683877539400000023e+04 1.895045244899520087e+00 6.568686971770800777e-04
2.684054937099999734e+04 1.896939544481939910e+00 7.380489840246476189e-04
2.684233554099999674e+04 1.899212756701829985e+00 7.482146502887217178e-04
2.684413390199999776e+04 1.901188176710449929e+00 5.732836609718019831e-04
2.684594445499999711e+04 1.902579397754059931e+00 3.853148503660066052e-04
2.684776720099999875e+04 1.903592170795080030e+00 3.001970448617650587e-04
2.684960213799999838e+04 1.904550315172939934e+00 1.492752289867620163e-04
2.685144926699999996e+04 1.904774425087139900e+00 -3.498726347613576124e-05
2.685330858799999987e+04 1.904754985328370065e+00 -1.742622673017187702e-04
2.685518009999999776e+04 1.904230715983090017e+00 -2.896629096835379624e-04
2.685706380499999796e+04 1.903582453977769928e+00 -4.076916463681360000e-04
2.685895970200000011e+04 1.902406909590599993e+00 -4.930451012104970212e-04
2.686086779000000024e+04 1.901278410191719948e+00 -5.572557242423355813e-04
2.686278807099999904e+04 1.899733410581929904e+00 -6.495140885829117465e-04
2.686472054299999945e+04 1.898075021123970085e+00 -6.080712625701421284e-04
2.686666520699999819e+04 1.896741585719460055e+00 -5.723096605929874417e-04
2.686862206399999923e+04 1.895265693526740014e+00 -6.434795997546915178e-04
2.687059111199999825e+04 1.893511556575959931e+00 -7.169556364153623811e-04
2.687257235199999923e+04 1.891596811801619982e+00 -7.313303404102804552e-04
2.687456578399999853e+04 1.889737590619950058e+00 -6.454160213387248428e-04
2.687657140699999945e+04 1.888295425386619986e+00 -5.766569748016565390e-04
2.687858922299999904e+04 1.886815237558230107e+00 -4.797084660693246494e-04
2.688061923099999694e+04 1.885921581956770066e+00 -3.779645013584525854e-04
2.688266143000000011e+04 1.885024902988770013e+00 -3.267030034481068369e-04
2.688471582199999830e+04 1.884423523313009996e+00 -1.747164319646041946e-04
2.688678240499999811e+04 1.884421636488619933e+00 -1.839869914123446452e-05
2.688886117999999988e+04 1.884751648829960047e+00 6.187674062913073943e-05
2.689095214800000031e+04 1.885234656893699956e+00 1.067092642897124677e-04
2.689305530699999872e+04 1.885840728880689987e+00 1.298960967668062424e-04
2.689517065799999909e+04 1.886471199910989993e+00 1.726860680221159005e-04
2.689729820099999779e+04 1.887346374948660088e+00 1.989861602767180131e-04
2.689943793499999811e+04 1.888147430167179897e+00 1.126500883387601085e-04
2.690158986199999708e+04 1.888497568541779970e+00 2.172304270216307195e-06
2.690375398099999802e+04 1.888617171145309914e+00 -7.536154854615312044e-05
2.690593029099999694e+04 1.888484398210630077e+00 -1.715484692545109452e-04
2.690811879399999816e+04 1.887998160583489904e+00 -2.655029193741326849e-04
2.691031948799999736e+04 1.887266917402969924e+00 -3.088416395966524079e-04
2.691253237399999853e+04 1.886497928205639996e+00 -3.423979015086828443e-04
2.691475745299999835e+04 1.885543523743969940e+00 -4.621069334274852591e-04
2.691699472299999979e+04 1.883994314943689963e+00 -5.551054895429540989e-04
2.691924418499999956e+04 1.882424184245170107e+00 -5.778092259205580691e-04
2.692150583799999731e+04 1.880710247246770050e+00 -6.333291775526206846e-04
2.692377968399999736e+04 1.878759038222360012e+00 -6.958764520393250289e-04
2.692606572199999937e+04 1.876613880733569939e+00 -7.355224248959542051e-04
2.692836395199999970e+04 1.874378530268570042e+00 -7.040584757664706270e-04
2.693067437299999801e+04 1.872419297044030095e+00 -6.572376223919958746e-04
2.693299698699999863e+04 1.870474741824230014e+00 -6.589742457154051589e-04
2.693533179199999722e+04 1.868483292583619892e+00 -6.568692196237016327e-04
2.693767878899999778e+04 1.866532351002019974e+00 -5.925905013820803200e-04
2.694003797800000029e+04 1.864956844127239943e+00 -4.778765152170617392e-04
2.694240935899999749e+04 1.863770615728679969e+00 -3.633059011017155619e-04
2.694479293200000029e+04 1.862966910281810051e+00 -3.298050506314147688e-04
2.694718869699999777e+04 1.862001495870849954e+00 -2.963582971154099500e-04
2.694959665399999722e+04 1.861420586757289941e+00 -1.854183812106872768e-04
2.695201680299999862e+04 1.861220160333320051e+00 -9.890289094769597305e-05
2.695444914299999800e+04 1.861241039141950049e+00 -6.027798839673664106e-05
2.695689367599999969e+04 1.861311499713999895e+00 2.657142163213527365e-06
2.695935039999999935e+04 1.861777900800559937e+00 8.660198697169937192e-06
2.696181931699999768e+04 1.861893695993749986e+00 3.011727524796286569e-06
2.696430042499999763e+04 1.862322636799160103e+00 3.555619240210176120e-05
2.696679372499999954e+04 1.862674698652790006e+00 -1.946724068589108356e-05
2.696929921699999977e+04 1.862710608920739919e+00 -4.289206122486666342e-05
2.697181690099999832e+04 1.862894786600759911e+00 -1.024810446624579735e-04
2.697434677699999884e+04 1.862497784087919994e+00 -1.913234560263504141e-04
2.697688884499999767e+04 1.862030776721349978e+00 -2.557529345353777811e-04
2.697944310499999847e+04 1.861155852736789962e+00 -2.836577230115952942e-04
2.698200955599999725e+04 1.860476251708720108e+00 -3.450252615777841159e-04
2.698458819999999832e+04 1.859138354919620095e+00 -4.323846213650736647e-04
2.698717903499999738e+04 1.857797594604529978e+00 -5.016128501488639800e-04
2.698978206199999840e+04 1.855928266841349927e+00 -5.487623574831165156e-04
2.699239728199999809e+04 1.854217437857160089e+00 -5.546563457875319054e-04
2.699502469299999939e+04 1.852286796315969930e+00 -5.233470195863731749e-04
2.699766429599999901e+04 1.850796967973040053e+00 -5.583574922643263008e-04
2.700031609099999696e+04 1.848583195535770107e+00 -5.902034657878164935e-04
2.700298007799999687e+04 1.846832044215789947e+00 -5.254761002129582472e-04
2.700565625599999839e+04 1.845098815634699907e+00 -5.463320634261836437e-04
2.700834462699999858e+04 1.843170323134029953e+00 -5.113389805613211209e-04
2.701104518999999709e+04 1.841692537324290058e+00 -4.350019715718997739e-04
2.701375794399999722e+04 1.840344873859750097e+00 -3.830353780303615658e-04
2.701648289099999965e+04 1.839262081865070009e+00 -3.411836187153418753e-04
2.701922002900000007e+04 1.838233353753079946e+00 -2.912214169723674776e-04
2.702196935899999880e+04 1.837536646157220011e+00 -2.495659411481015500e-04
2.702473088099999950e+04 1.836831467781339988e+00 -1.879264784116109889e-04
2.702750459499999852e+04 1.836620844252440099e+00 -1.566476313299902863e-04
2.703029050099999949e+04 1.836162542294969890e+00 -1.581964782998617814e-04
2.703308859899999879e+04 1.835936505980030109e+00 -1.433305838526442082e-04
2.703589888900000005e+04 1.835595512045830047e+00 -1.372557955199448941e-04
2.703872137099999964e+04 1.835416381957770016e+00 -1.658972257114541124e-04
2.704155604399999720e+04 1.834839351772119986e+00 -1.780591070269066216e-04
2.704440290999999706e+04 1.834557263559430051e+00 -1.513152587218539015e-04
2.704726196699999855e+04 1.834196723852669964e+00 -1.600610238539927263e-04
2.705013321699999869e+04 1.833839579275579945e+00 -2.231811084852013214e-04
2.705301665799999682e+04 1.832951887046810002e+00 -2.061826220182323168e-04
2.705591229099999691e+04 1.832731207846870047e+00 -2.186231728666127993e-04
2.705882011599999896e+04 1.831734667272890027e+00 -2.456892129544214023e-04
2.706174013299999933e+04 1.831281282338429905e+00 -2.394304322349313080e-04
2.706467234199999803e+04 1.830331523889459966e+00 -3.046638341851901012e-04
2.706761674299999868e+04 1.829319171394800048e+00 -3.362563740189309530e-04
2.707057333499999731e+04 1.828092283746139968e+00 -3.451238810558529720e-04
2.707354211999999825e+04 1.826994865775029897e+00 -3.670773350528958512e-04
2.707652309599999717e+04 1.825569950325389934e+00 -4.185762529335185157e-04
2.707951626499999838e+04 1.824018282645919919e+00 -4.168497474404002151e-04
2.708252162499999758e+04 1.822596160952250077e+00 -4.232718779908399911e-04
2.708553917699999874e+04 1.820976595706730095e+00 -4.366394852756284970e-04
2.708856892099999823e+04 1.819425522093470082e+00 -4.535243751189217275e-04
2.709161085800000001e+04 1.817645250370480081e+00 -4.137328818234345200e-04
2.709466498499999943e+04 1.816430794614829924e+00 -3.674036328091029487e-04
2.709773130499999752e+04 1.815047675050460052e+00 -3.719674969955787092e-04
2.710080981699999757e+04 1.813782406321249985e+00 -3.247951424336219272e-04
2.710390052099999957e+04 1.812808672611780025e+00 -3.071240259739374469e-04
2.710700341599999956e+04 1.811692472103870077e+00 -2.772171296407704619e-04
2.711011850399999821e+04 1.810978824974539991e+00 -2.398849586430926650e-04
2.711324578299999848e+04 1.810191693753429920e+00 -2.302054442116759157e-04
2.711638525499999741e+04 1.809559706707269955e+00 -2.121725333496690907e-04
2.711953691799999797e+04 1.808930742208940012e+00 -2.253541615904360571e-04
2.712270077299999684e+04 1.808173751843110022e+00 -2.103723749777772472e-04
2.712587681999999768e+04 1.807676483227139919e+00 -1.604527367166503325e-04
2.712906505899999684e+04 1.807373068742279987e+00 -1.929498255630659196e-04
2.713226548999999795e+04 1.806573176202149966e+00 -1.910129068907639354e-04
2.713547811199999705e+04 1.806283473377809923e+00 -1.961277950949093327e-04
2.713870292699999845e+04 1.805431929295219895e+00 -2.049839542649675001e-04
2.714193993399999817e+04 1.805055333140120011e+00 -1.806846710101477212e-04
2.714518913199999952e+04 1.804426563742479894e+00 -1.835179808349828251e-04
2.714845052299999952e+04 1.804019572361869939e+00 -2.007420776893128654e-04
2.715172410499999751e+04 1.803224517152230089e+00 -2.098502935842646243e-04
2.715500987899999745e+04 1.802726838633909923e+00 -2.134056176882165009e-04
2.715830784499999936e+04 1.801893204328649967e+00 -2.810961230274545367e-04
2.716161800299999959e+04 1.800745194498940105e+00 -2.918360654212121918e-04
2.716494035299999814e+04 1.799801469215970062e+00 -2.473405966130511990e-04
2.716827489499999865e+04 1.799073145815319963e+00 -2.569113638118003138e-04
2.717162162899999748e+04 1.798031032442980015e+00 -2.999318772479172917e-04
2.717498055399999794e+04 1.796880011133519917e+00 -3.051933414965332441e-04
2.717835167199999705e+04 1.795778831388769925e+00 -2.653241685311764236e-04
2.718173498199999813e+04 1.795008201719280105e+00 -2.606658406708562098e-04
2.718513048299999718e+04 1.793945827317660058e+00 -2.726671135985184332e-04
2.718853817599999820e+04 1.793050799477510004e+00 -2.598644315721377858e-04
2.719195806099999754e+04 1.792107531410429999e+00 -2.597620853730278991e-04
2.719539013899999918e+04 1.791206949850290053e+00 -2.403559362929361251e-04
2.719883440799999880e+04 1.790449659912560110e+00 -2.318620508333809314e-04
2.720229086800000005e+04 1.789627771552680047e+00 -2.486061878464118310e-04
2.720575952099999995e+04 1.788697594939949953e+00 -2.788717906528677556e-04
2.720924036599999818e+04 1.787566059866990020e+00 -2.606504439177993499e-04
2.721273340299999836e+04 1.786811998206760066e+00 -2.145025456761258810e-04
2.721623863100000017e+04 1.786139848785510020e+00 -2.118045951269943500e-04
2.721975605199999700e+04 1.785408155261140051e+00 -2.208277008916109088e-04
2.722328566399999909e+04 1.784639385716789928e+00 -2.154324455091051590e-04
2.722682746799999950e+04 1.783957548565529905e+00 -1.870664803670001118e-04
2.723038146499999857e+04 1.783474194004690094e+00 -1.979022037138110010e-04
2.723394765299999926e+04 1.782677032946299978e+00 -2.320123526521006101e-04
2.723752603299999828e+04 1.781837665643350110e+00 -2.154886246334130077e-04
2.724111660499999925e+04 1.781205836936690101e+00 -1.898524174550054165e-04
2.724471936899999855e+04 1.780627542719479983e+00 -2.074364239919494572e-04
2.724833432399999947e+04 1.779808489811729899e+00 -2.494683657181528415e-04
2.725196147199999905e+04 1.778786269581839941e+00 -2.272512814309670011e-04
2.725560081100000025e+04 1.778193952265120004e+00 -2.079639251273377202e-04
2.725925234300000011e+04 1.777369211116029968e+00 -2.003105182849296338e-04
2.726291606599999795e+04 1.776852935220430085e+00 -2.258272386359340975e-04
2.726659198199999810e+04 1.775753500646360061e+00 -2.393095367914258931e-04
2.727028008899999986e+04 1.775088604397430103e+00 -2.326863375007359779e-04
2.727398038799999995e+04 1.774053934011730060e+00 -2.435205779851994958e-04
2.727769287899999836e+04 1.773267549984439917e+00 -2.126765438086090866e-04
2.728141756199999872e+04 1.772557869918329976e+00 -2.240303493113087548e-04
2.728515443699999742e+04 1.771644346137420056e+00 -2.567967936805355179e-04
2.728890350299999773e+04 1.770575446617179916e+00 -2.462143430221663061e-04
2.729266476200000034e+04 1.769770140381399903e+00 -2.240374585040512238e-04
2.729643821299999763e+04 1.768936251834450024e+00 -2.059900168544052663e-04
2.730022385500000019e+04 1.768322478923570085e+00 -2.156009625991971114e-04
2.730402168899999742e+04 1.767378758965310048e+00 -2.400401254585193182e-04
2.730783171599999696e+04 1.766491707751230100e+00 -2.395861356942883722e-04
2.731165393399999812e+04 1.765547119422210098e+00 -2.204270781960477904e-04
2.731548834399999760e+04 1.764865874801720080e+00 -2.046231534418415309e-04
2.731933494599999904e+04 1.764091257348270103e+00 -1.901223986441255293e-04
2.732319373999999880e+04 1.763566607284190013e+00 -2.002400027561783359e-04
2.732706472599999688e+04 1.762675036916589999e+00 -2.169009980954201286e-04
2.733094790300000022e+04 1.761959513757439977e+00 -1.844726635572246345e-04
2.733484327299999859e+04 1.761426843696010103e+00 -2.075884775335589522e-04
2.733875083499999892e+04 1.760447157763560089e+00 -2.225089032830073431e-04
2.734267058799999722e+04 1.759741255015170092e+00 -1.928876851571805688e-04
2.734660253299999749e+04 1.759091893513289984e+00 -1.903141309072068081e-04
2.735054667100000006e+04 1.758411027760220069e+00 -2.109188421576762662e-04
2.735450299999999697e+04 1.757522669740120058e+00 -2.009575945767005174e-04
2.735847152099999948e+04 1.756950862104500022e+00 -2.060518332975516036e-04
2.736245223400000032e+04 1.755999582359430100e+00 -2.221473674455121811e-04
2.736644513899999947e+04 1.755237926908969959e+00 -1.687846023388482348e-04
2.737045023599999695e+04 1.754897213899939912e+00 -1.780613464563157050e-04
2.737446752399999968e+04 1.754024817956010063e+00 -2.009390678997895457e-04
2.737849700499999744e+04 1.753414799584209982e+00 -1.673552641013598943e-04
2.738253867799999716e+04 1.752929012314039969e+00 -1.879655166122213249e-04
2.738659254199999850e+04 1.752074941222679927e+00 -2.160163428226629712e-04
2.739065859799999816e+04 1.751256478129930017e+00 -1.855364354679751632e-04
2.739473684700000013e+04 1.750755555777919970e+00 -2.067622378096757433e-04
2.739882728700000007e+04 1.749682969773280083e+00 -2.152096247180550702e-04
2.740292991899999834e+04 1.749077490372459964e+00 -1.884751252230790989e-04
2.740704474299999856e+04 1.748316890875500018e+00 -1.971709989739907798e-04
2.741117175899999711e+04 1.747603948263650064e+00 -1.847992722128767281e-04
2.741531096699999762e+04 1.746986546565520104e+00 -1.854143059910107248e-04
2.741946236599999975e+04 1.746262322683320045e+00 -2.197413156812431587e-04
2.742362595799999690e+04 1.745229142034989911e+00 -2.294561514441013526e-04
2.742780174199999965e+04 1.744382870237350058e+00 -2.226669347762880581e-04
2.743198971699999674e+04 1.743426124678030043e+00 -2.108829787093299065e-04
2.743618988399999944e+04 1.742717216469050090e+00 -1.773420234533485134e-04
2.744040224399999715e+04 1.742162751405480048e+00 -1.920018016823861592e-04
2.744462679500000013e+04 1.741271723984570086e+00 -2.108252205166210647e-04
2.744886353799999779e+04 1.740483276803989954e+00 -1.989580528394427296e-04
2.745311247299999741e+04 1.739732706552920005e+00 -1.835068140468082616e-04
2.745737359999999899e+04 1.739129559691479976e+00 -2.020280877171886941e-04
2.746164691899999889e+04 1.738147039867760091e+00 -2.119291310408258106e-04
2.746593242899999677e+04 1.737417093077749941e+00 -1.865767681316175949e-04
2.747023013199999696e+04 1.736743667047919937e+00 -1.852353403367523353e-04
2.747454002599999876e+04 1.736026393333389928e+00 -1.850608495530146002e-04
2.747886211299999923e+04 1.735351200898229918e+00 -2.127171401711171075e-04
2.748319639099999767e+04 1.734284569377930074e+00 -1.914202793996168937e-04
2.748754286099999808e+04 1.733871215534880106e+00 -1.757005593935037559e-04
2.749190152399999715e+04 1.732997870457199996e+00 -2.120498590549856370e-04
2.749627237799999784e+04 1.732123076721459931e+00 -1.990578711020392583e-04
2.750065542399999686e+04 1.731408945781810038e+00 -1.881789263826322528e-04
2.750505066199999783e+04 1.730667516760650004e+00 -1.846383940158277399e-04
2.750945809099999678e+04 1.729994311061729961e+00 -1.905005031884626809e-04
2.751387771299999804e+04 1.729174302552040077e+00 -2.053556235165881886e-04
2.751830952699999762e+04 1.728307251717839943e+00 -2.082401058279707070e-04
2.752275353199999881e+04 1.727445655634779920e+00 -2.138155132526374513e-04
2.752720972999999867e+04 1.726502257952909902e+00 -2.040488447124297463e-04
2.753167811900000015e+04 1.725761481179620027e+00 -1.890908844841310851e-04
2.753615869999999995e+04 1.725006620628130038e+00 -2.031782912816602080e-04
2.754065147299999808e+04 1.724079375108720003e+00 -2.159126580545042142e-04
2.754515643799999816e+04 1.723154620324959918e+00 -2.055652817821926326e-04
2.754967359500000020e+04 1.722357054228099926e+00 -2.108399521612957909e-04
2.755420294399999693e+04 1.721358795232839967e+00 -2.012171626584186165e-04
2.755874448499999926e+04 1.720682331733579984e+00 -1.921731237882852504e-04
2.756329821799999991e+04 1.719798257395529939e+00 -1.917815118530572253e-04
2.756786414199999854e+04 1.719122763312139979e+00 -2.000972958682329815e-04
2.757244225899999947e+04 1.718124804336710110e+00 -2.126264470462402702e-04
2.757703256699999838e+04 1.717279102978600092e+00 -1.943012294401829667e-04
2.758163506799999959e+04 1.716519304751420005e+00 -1.920701930390888057e-04
2.758624975999999879e+04 1.715699015557500040e+00 -1.842504243327524271e-04
2.759087664399999994e+04 1.715039308349660008e+00 -1.857964753011181601e-04
2.759551571999999942e+04 1.714194444304359966e+00 -1.993088546414150482e-04
2.760016698799999722e+04 1.713349649116830076e+00 -2.004006948353961079e-04
2.760483044799999698e+04 1.712485676149470004e+00 -2.049433505800568394e-04
2.760950609999999870e+04 1.711575195449889897e+00 -2.011439319347932333e-04
2.761419394299999840e+04 1.710757920513519936e+00 -1.920846376153594905e-04
2.761889397899999676e+04 1.709965651966500078e+00 -1.903175551239141090e-04
2.762360620599999675e+04 1.709168194372630012e+00 -2.025772477377454743e-04
2.762833062599999903e+04 1.708204882646709999e+00 -2.003113386317613312e-04
2.763306723699999930e+04 1.707433807020289906e+00 -1.873850734617809113e-04
2.763781603999999788e+04 1.706642935577300069e+00 -1.859609946964800109e-04
2.764257703599999877e+04 1.705887384702819976e+00 -1.957882869924977088e-04
2.764735022299999764e+04 1.704957359275939943e+00 -1.985420732002524569e-04
2.765213560199999847e+04 1.704159518410570007e+00 -1.930960806022711368e-04
2.765693317199999728e+04 1.703300386166149982e+00 -1.878561476561738802e-04
2.766174293499999840e+04 1.702570965109990064e+00 -1.826543082388798174e-04
2.766656488999999783e+04 1.701780091833070108e+00 -1.792645503670763725e-04
2.767139903699999923e+04 1.701094049333579994e+00 -1.780620076728735301e-04
2.767624537499999860e+04 1.700316243225219903e+00 -1.703896391984077567e-04
2.768110390499999994e+04 1.699733947798589995e+00 -1.680020054875256579e-04
2.768597462799999994e+04 1.698986241643819950e+00 -1.736937355656393146e-04
2.769085754199999792e+04 1.698320512565800078e+00 -1.360500591831924181e-04
2.769575264799999786e+04 1.698100360818669996e+00 -1.044285297709806210e-04
