# energy mu dmude
5.796973677999999381e+03 -1.089339585595040072e+00 2.704730059345038348e-04
5.801973677999999381e+03 -1.091548812394030010e+00 9.180008936312591668e-05
5.806973677999999381e+03 -1.094783474749219998e+00 -7.406608869116898422e-05
5.811973677999999381e+03 -1.097944636960759945e+00 -1.092467808614091065e-04
5.816973677999999381e+03 -1.101381207547680097e+00 -8.736069292640587388e-05
5.821973677999999381e+03 -1.104416761619019915e+00 1.141207147188411428e-06
5.826973677999999381e+03 -1.107345404105430031e+00 1.370365966747292316e-05
5.831973677999999381e+03 -1.110308860033780043e+00 -8.200317071627814740e-06
5.836973677999999381e+03 -1.113363213327410062e+00 -3.623438841371107156e-05
5.841973677999999381e+03 -1.116487561763090053e+00 -3.636701682947184315e-05
5.846973677999999381e+03 -1.119542676234720036e+00 -3.485174730963915408e-05
5.851973677999999381e+03 -1.122658328269890093e+00 -5.899649113529748788e-06
5.856973677999999381e+03 -1.125547281515260067e+00 1.365119452247153105e-06
5.861973677999999381e+03 -1.128621239755210004e+00 -3.475707566126939055e-05
5.866973677999999381e+03 -1.131717504684679909e+00 -1.060756933671896964e-05
5.871973677999999381e+03 -1.134652864624869917e+00 7.078582741270993207e-06
5.876973677999999381e+03 -1.137647625590890055e+00 1.028008943696517991e-05
5.881973677999999381e+03 -1.140564611516359905e+00 1.761045367035052602e-05
5.886973677999999381e+03 -1.143517302221989995e+00 2.806098000747994108e-05
5.891973677999999381e+03 -1.146374310723389911e+00 1.337767198233550032e-04
5.896973677999999381e+03 -1.148720280049319920e+00 1.231969221596592931e-04
5.901973677999999381e+03 -1.151638007885859905e+00 -6.634480970602668821e-05
5.906973677999999381e+03 -1.155071790826569966e+00 -4.582269897375867008e-05
5.911973677999999381e+03 -1.157871738629979941e+00 8.333424071092177476e-05
5.916973677999999381e+03 -1.160564266987599957e+00 1.154876108687872904e-04
5.921973677999999381e+03 -1.163179680897209911e+00 9.200819031672630393e-05
5.926973677999999381e+03 -1.166006961813500054e+00 6.512148663504386842e-05
5.931973677999999381e+03 -1.168776683283949902e+00 6.761228383346518361e-05
5.936973677999999381e+03 -1.171589669073370032e+00 6.369352539983491406e-05
5.941973677999999381e+03 -1.174381880993470073e+00 9.340981938256512080e-05
5.946973677999999381e+03 -1.177024319701480026e+00 1.036972542985017373e-04
5.951973677999999381e+03 -1.179757490208100057e+00 1.510534218485350588e-04
5.956973677999999381e+03 -1.182128143471830040e+00 2.378169881597072598e-04
5.958189999999999600e+03 -1.182620648723700096e+00 6.378759861883027743e-04
5.959189999999999600e+03 -1.182640083431409916e+00 8.042879069361306803e-04
5.960189999999999600e+03 -1.182891607765300002e+00 2.559503158765575638e-04
5.961189999999999600e+03 -1.183540443809780074e+00 -1.037070324687969398e-04
5.962189999999999600e+03 -1.184204795605289906e+00 -2.991942753507790924e-04
5.963189999999999600e+03 -1.185078018841160041e+00 -5.844897894686606858e-04
5.964189999999999600e+03 -1.186069842947319986e+00 -4.200410967093253477e-04
5.965189999999999600e+03 -1.186754306140580084e+00 -1.451096028454200502e-04
5.965389999999999418e+03 -1.186886269654620074e+00 8.115876056001654001e-04
5.965589999999999236e+03 -1.186806822178289922e+00 5.647825238565483104e-04
5.965789999999999964e+03 -1.186995444017749923e+00 2.778922256027326911e-04
5.965989999999999782e+03 -1.186981857113510008e+00 9.449082725402231913e-04
5.966189999999999600e+03 -1.187017354017370074e+00 -7.511691255638319189e-05
5.966389999999999418e+03 -1.187237931330759944e+00 -4.194765113355317576e-04
5.966589999999999236e+03 -1.187352481867030018e+00 -1.189222191463655483e-04
5.966789999999999964e+03 -1.187504061804949940e+00 7.389049533368214576e-04
5.966989999999999782e+03 -1.187421683450009979e+00 8.311766603723586694e-04
5.967189999999999600e+03 -1.187552080840279967e+00 3.864650123509472037e-04
5.967389999999999418e+03 -1.187571793646079898e+00 -4.478942088989489251e-04
5.967589999999999236e+03 -1.187893732458189966e+00 -1.118240025342649583e-03
5.967789999999999964e+03 -1.188067334605100056e+00 2.300632886896781702e-04
5.967989999999999782e+03 -1.188079747343470105e+00 1.008002217333135893e-03
5.968189999999999600e+03 -1.188074760311160105e+00 6.125822286605981304e-04
5.968389999999999418e+03 -1.188177948467270095e+00 -4.816556565965342458e-04
5.968589999999999236e+03 -1.188424162446509946e+00 4.053786265070627752e-04
5.968789999999999964e+03 -1.188323716719899892e+00 1.109311022338766448e-03
5.968989999999999782e+03 -1.188408330984600081e+00 1.224274328929508002e-03
5.969189999999999600e+03 -1.188281493465769945e+00 1.506708439069750008e-04
5.969389999999999418e+03 -1.188612571762720060e+00 -1.066281526033560981e-03
5.969589999999999236e+03 -1.188765106463089971e+00 1.851602617482380972e-04
5.969789999999999964e+03 -1.188808894905410085e+00 3.023891675646292942e-04
5.969989999999999782e+03 -1.188934517706530025e+00 9.601046908370182420e-05
5.970189999999999600e+03 -1.189025683906939967e+00 1.124684689388409349e-03
5.970389999999999418e+03 -1.188915156956549923e+00 -9.565082151645328760e-05
5.970589999999999236e+03 -1.189286472033999953e+00 4.897010045770047428e-05
5.970789999999999964e+03 -1.189142744878810110e+00 9.896608286996317651e-04
5.970989999999999782e+03 -1.189298108319349900e+00 -1.466768553954939558e-04
5.971189999999999600e+03 -1.189415246904190093e+00 6.044090091600394597e-04
5.971389999999999418e+03 -1.189398185745399905e+00 1.166404345199390565e-03
5.971589999999999236e+03 -1.189386308694059924e+00 2.331153233131065051e-04
5.971789999999999964e+03 -1.189583499983960069e+00 1.056703830128495413e-04
5.971989999999999782e+03 -1.189600880097219981e+00 3.630092138983401955e-04
5.972189999999999600e+03 -1.189738994859520060e+00 2.230993564364784089e-04
5.972389999999999418e+03 -1.189788493672190084e+00 1.154899557585070159e-03
5.972589999999999236e+03 -1.189712697770050065e+00 2.062434713429110147e-04
5.972789999999999964e+03 -1.189979976803720030e+00 -2.563678810184727690e-04
5.972989999999999782e+03 -1.190010381245429905e+00 -2.540898548451441473e-04
5.973189999999999600e+03 -1.190277137319250000e+00 5.029362421523122509e-04
5.973389999999999418e+03 -1.190133753479730050e+00 9.102162776716474354e-04
5.973589999999999236e+03 -1.190307011459319941e+00 4.371314202977521677e-04
5.973789999999999964e+03 -1.190272232335759961e+00 5.040704423364441829e-04
5.973989999999999782e+03 -1.190430123318579891e+00 1.169132836328704884e-03
5.974189999999999600e+03 -1.190242667753850014e+00 1.853336527111954857e-04
5.974389999999999418e+03 -1.190626406656410063e+00 -8.164460266554481082e-04
5.974589999999999236e+03 -1.190668926741579980e+00 5.858883569886982716e-04
5.974789999999999964e+03 -1.190730735814760077e+00 1.083274689240811732e-03
5.974989999999999782e+03 -1.190659072364999904e+00 1.921087498568587165e-03
5.975189999999999600e+03 -1.190528547186159969e+00 4.367649855495482972e-04
5.975389999999999418e+03 -1.190797635342389915e+00 8.667681537056431496e-05
5.975589999999999236e+03 -1.190747478887449917e+00 1.855842695562705377e-04
5.975789999999999964e+03 -1.190993861146840027e+00 9.886663142867581008e-05
5.975989999999999782e+03 -1.190963612208089994e+00 1.143277848120841404e-03
5.976189999999999600e+03 -1.190970232019439967e+00 1.630209637344331801e-04
5.976389999999999418e+03 -1.191165017805090098e+00 -7.413863759578373373e-05
5.976589999999999236e+03 -1.191226081656949987e+00 9.183858505242051794e-04
5.976789999999999964e+03 -1.191193016480059930e+00 1.346908219875881784e-03
5.976989999999999782e+03 -1.191155705696840039e+00 -1.523237147817459159e-04
5.977189999999999600e+03 -1.191466814838539889e+00 -3.949663109404757998e-04
5.977389999999999418e+03 -1.191485206811019992e+00 1.612746682548229712e-03
5.977589999999999236e+03 -1.191335411115060028e+00 8.673132073964330167e-04
5.977789999999999964e+03 -1.191524930084260081e+00 6.363556983382049866e-04
5.977989999999999782e+03 -1.191428154632510061e+00 1.213785144494950721e-03
5.978189999999999600e+03 -1.191485114801720036e+00 2.530527292759005486e-04
5.978389999999999418e+03 -1.191608891898719991e+00 1.857443413623468935e-04
5.978589999999999236e+03 -1.191681303858949992e+00 1.442385432877864868e-03
5.978789999999999964e+03 -1.191516597512269904e+00 1.402861831962738757e-03
5.978989999999999782e+03 -1.191598082790710000e+00 -4.801789683494821388e-04
5.979189999999999600e+03 -1.191865660648590008e+00 4.957719701282908452e-04
5.979389999999999418e+03 -1.191723099706119893e+00 1.273925422637743566e-03
5.979589999999999236e+03 -1.191812039137160051e+00 -1.711974411171491770e-04
5.979789999999999964e+03 -1.192001230851110094e+00 8.019304674154421409e-04
5.979989999999999782e+03 -1.191866772136020103e+00 1.382720453911197300e-03
5.980189999999999600e+03 -1.191922633580499991e+00 2.436672807711822743e-04
5.980389999999999418e+03 -1.192049663992369890e+00 9.945713593401501670e-04
5.980589999999999236e+03 -1.191933142569600035e+00 2.336802910578253661e-03
5.980789999999999964e+03 -1.191752040784670008e+00 7.333276633742135059e-04
5.980989999999999782e+03 -1.192003624514829996e+00 7.628135050042780764e-04
5.981189999999999600e+03 -1.191815753750919971e+00 1.995368686245884305e-03
5.981389999999999418e+03 -1.191784383369830058e+00 1.312644756328655484e-03
5.981589999999999236e+03 -1.191753243554569908e+00 2.168436810531383045e-03
5.981789999999999964e+03 -1.191525411478459917e+00 1.391729111000469636e-03
5.981989999999999782e+03 -1.191672578192729981e+00 3.819004744548986133e-04
5.982189999999999600e+03 -1.191676569542230002e+00 1.134444746113201247e-03
5.982389999999999418e+03 -1.191650976854889965e+00 1.322909516872476177e-03
5.982589999999999236e+03 -1.191611702894630032e+00 1.965007392400628435e-03
5.982789999999999964e+03 -1.191438705663889985e+00 1.360166377288347375e-03
5.982989999999999782e+03 -1.191538283297850054e+00 1.428422207738189653e-03
5.983189999999999600e+03 -1.191349616774459941e+00 1.742886087324560258e-03
5.983389999999999418e+03 -1.191377003849390048e+00 1.948841423038298170e-03
5.983589999999999236e+03 -1.191141056758070027e+00 2.970874914905135243e-03
5.983789999999999964e+03 -1.190933818574219982e+00 2.911406164929631647e-03
5.983989999999999782e+03 -1.190711523551019946e+00 2.381860174479487249e-03
5.984189999999999600e+03 -1.190625851701379911e+00 1.880335226309401897e-03
5.984389999999999418e+03 -1.190518690303139948e+00 2.852057206388179406e-03
5.984589999999999236e+03 -1.190209943062279896e+00 2.782244107801937205e-03
5.984789999999999964e+03 -1.190118808454210031e+00 2.841041864965373944e-03
5.984989999999999782e+03 -1.189796563183100009e+00 3.749969832486856058e-03
5.985189999999999600e+03 -1.189496768622799960e+00 4.454665223515772744e-03
5.985389999999999418e+03 -1.189012748478559978e+00 3.948928214578028943e-03
5.985589999999999236e+03 -1.188829054493770077e+00 3.859475105745845038e-03
5.985789999999999964e+03 -1.188365569839779923e+00 5.078042554451918898e-03
5.985989999999999782e+03 -1.187902132866849980e+00 5.661871994727498032e-03
5.986189999999999600e+03 -1.187304620184820081e+00 6.300753229552594030e-03
5.986389999999999418e+03 -1.186694517103350055e+00 7.317809028059583075e-03
5.986589999999999236e+03 -1.185863521877140059e+00 8.660195243915681795e-03
5.986789999999999964e+03 -1.184945251092959895e+00 9.174988726466224223e-03
5.986989999999999782e+03 -1.183996076222910032e+00 1.183911458970124571e-02
5.987189999999999600e+03 -1.182466209806050106e+00 1.473408260201797444e-02
5.987389999999999418e+03 -1.180852445541960005e+00 1.736861017856804884e-02
5.987589999999999236e+03 -1.178717778285079953e+00 2.185360782999140952e-02
5.987789999999999964e+03 -1.176074406143190032e+00 2.848347239861073049e-02
5.987989999999999782e+03 -1.172417740143149922e+00 3.830677055534068703e-02
5.988189999999999600e+03 -1.167519261989159896e+00 5.226032292920446826e-02
5.988389999999999418e+03 -1.160659319518569932e+00 7.139411135057353863e-02
5.988589999999999236e+03 -1.151368353157959934e+00 9.333752809767767444e-02
5.988789999999999964e+03 -1.139470924270520102e+00 1.134123247032402110e-01
5.988989999999999782e+03 -1.125571445188930042e+00 1.254802130990967934e-01
5.989189999999999600e+03 -1.110903626230840047e+00 1.246835220728673976e-01
5.989389999999999418e+03 -1.097187041193020018e+00 1.114061437329280091e-01
5.989589999999999236e+03 -1.085567271397420042e+00 9.378313592919519659e-02
5.989789999999999964e+03 -1.075896349049989986e+00 7.982692928723914005e-02
5.989989999999999782e+03 -1.067480465057560002e+00 7.232107563238235337e-02
5.990189999999999600e+03 -1.059532639722299940e+00 6.970185509464929541e-02
5.990389999999999418e+03 -1.051718042577469925e+00 6.749731571656666929e-02
5.990589999999999236e+03 -1.044276306941019916e+00 6.331385915531514974e-02
5.990789999999999964e+03 -1.037422093762129904e+00 5.849268310085101175e-02
5.990989999999999782e+03 -1.031087141502549986e+00 5.258829138357868499e-02
5.991189999999999600e+03 -1.025588382372530027e+00 4.891887365988856207e-02
5.991389999999999418e+03 -1.020095807676739907e+00 5.002670296369247233e-02
5.991589999999999236e+03 -1.014342727392709920e+00 5.126441172244784045e-02
5.991789999999999964e+03 -1.008566015493830070e+00 5.026942020458389365e-02
5.991989999999999782e+03 -1.003041352521190088e+00 4.806757845361400716e-02
5.992189999999999600e+03 -9.977701110347280133e-01 4.619025327713073559e-02
5.992389999999999418e+03 -9.926764201474950200e-01 4.458201692599155636e-02
5.992589999999999236e+03 -9.877743768067569485e-01 4.189902661530077455e-02
5.992789999999999964e+03 -9.832966122085700089e-01 3.832794415859031023e-02
5.992989999999999782e+03 -9.792143718901380467e-01 3.442112620133339074e-02
5.993189999999999600e+03 -9.756334841375150502e-01 3.049436313107235091e-02
5.993389999999999418e+03 -9.724526994062600016e-01 2.640556853598014647e-02
5.993589999999999236e+03 -9.698104643471190389e-01 2.232786781704403090e-02
5.993789999999999964e+03 -9.675657855204240487e-01 1.877209354132651151e-02
5.993989999999999782e+03 -9.657398392289630040e-01 1.411714136668081217e-02
5.994189999999999600e+03 -9.645637842460880185e-01 1.050547544644673398e-02
5.994389999999999418e+03 -9.635669576047199980e-01 6.818523443741326615e-03
5.994589999999999236e+03 -9.632373054791160127e-01 3.216557613834794722e-03
5.994789999999999964e+03 -9.630673716662909722e-01 7.818359386963394473e-04
5.994989999999999782e+03 -9.632966515205410030e-01 -1.143685225048970315e-03
5.995189999999999600e+03 -9.635687540058649470e-01 -1.753279213429005754e-03
5.995389999999999418e+03 -9.639379765805959899e-01 -1.376601841245747842e-03
5.995589999999999236e+03 -9.641236063361819930e-01 1.261393405511346266e-03
5.995789999999999964e+03 -9.638872320079200362e-01 5.546506117370186145e-03
5.995989999999999782e+03 -9.630891408904409534e-01 1.158068439282926299e-02
5.996189999999999600e+03 -9.614675177903280190e-01 1.883928137629365882e-02
5.996389999999999418e+03 -9.590030916562629626e-01 2.767651975079920765e-02
5.996589999999999236e+03 -9.553527294228300049e-01 3.761496228372868816e-02
5.996789999999999964e+03 -9.506067639167880001e-01 4.840013642592416732e-02
5.996989999999999782e+03 -9.444804805963870065e-01 5.834651371970608902e-02
5.997189999999999600e+03 -9.374511541584209517e-01 6.689117757849338819e-02
5.997389999999999418e+03 -9.293632971860750214e-01 7.499615984003497882e-02
5.997589999999999236e+03 -9.204733335227629487e-01 8.024348698731312290e-02
5.997789999999999964e+03 -9.111808629054920505e-01 8.257026252208064798e-02
5.997989999999999782e+03 -9.017567481440880162e-01 8.333158815161530175e-02
5.998189999999999600e+03 -8.922895022144390342e-01 8.571105170975280851e-02
5.998389999999999418e+03 -8.823191409185260348e-01 8.692968735816149206e-02
5.998589999999999236e+03 -8.725721363443309508e-01 8.618465625869331515e-02
5.998789999999999964e+03 -8.627728096728769502e-01 8.549693091154157709e-02
5.998989999999999782e+03 -8.531836842081520489e-01 8.349759888374930217e-02
5.999189999999999600e+03 -8.438433383804619936e-01 8.218485552474016909e-02
5.999389999999999418e+03 -8.345555755939370046e-01 8.010643616678178591e-02
5.999589999999999236e+03 -8.256923664585309464e-01 7.691656592649363799e-02
5.999789999999999964e+03 -8.171368929135189862e-01 7.379852356612377762e-02
5.999989999999999782e+03 -8.089894837020009666e-01 6.978446726149296897e-02
6.000189999999999600e+03 -8.013555053983509868e-01 6.470134579777658823e-02
6.000389999999999418e+03 -7.943750136101099812e-01 6.011105517691766459e-02
6.000589999999999236e+03 -7.877948149852700421e-01 5.787165410998455772e-02
6.000789999999999964e+03 -7.813284159924129835e-01 5.567392187028379069e-02
6.000989999999999782e+03 -7.752527443714060107e-01 5.274147095782328459e-02
6.001189999999999600e+03 -7.694595396130810006e-01 5.069016610111334864e-02
6.001389999999999418e+03 -7.638547800870999493e-01 4.900741409082631089e-02
6.001589999999999236e+03 -7.584478798178320158e-01 4.833083035650344306e-02
6.001789999999999964e+03 -7.529984416536159575e-01 4.722646065747151262e-02
6.001989999999999782e+03 -7.478450683269449728e-01 4.589674143426020203e-02
6.002189999999999600e+03 -7.427008899407669951e-01 4.369093605951978460e-02
6.002389999999999418e+03 -7.380538969440789687e-01 4.165183208899372186e-02
6.002589999999999236e+03 -7.333778297309400118e-01 4.208104468326872433e-02
6.002789999999999964e+03 -7.286323036462210023e-01 4.069295313773229478e-02
6.002989999999999782e+03 -7.242748965755070323e-01 3.950302614238106191e-02
6.003189999999999600e+03 -7.198025385732980119e-01 4.067615188948223159e-02
6.003389999999999418e+03 -7.151758204338329872e-01 3.988311300408045601e-02
6.003589999999999236e+03 -7.108855180640369920e-01 3.795486577357910785e-02
6.003789999999999964e+03 -7.067014620379250545e-01 3.790884914095645625e-02
6.003989999999999782e+03 -7.024217235727600039e-01 3.863951710863833960e-02
6.004189999999999600e+03 -6.980699302245899629e-01 3.823090756211851987e-02
6.004389999999999418e+03 -6.938839950656320310e-01 3.755956775855830848e-02
6.004589999999999236e+03 -6.896863192453049907e-01 3.961443539493022387e-02
6.004789999999999964e+03 -6.850286540943280045e-01 4.055497250961178496e-02
6.004989999999999782e+03 -6.806150619017089509e-01 4.007307633645576517e-02
6.005189999999999600e+03 -6.760680242548720020e-01 4.211434126533381006e-02
6.005389999999999418e+03 -6.711858248042850139e-01 4.349218336996294593e-02
6.005589999999999236e+03 -6.663224799493879802e-01 4.177232250232412042e-02
6.005789999999999964e+03 -6.618351039603840302e-01 4.084199963327463101e-02
6.005989999999999782e+03 -6.571853306230910352e-01 4.046256019690652739e-02
6.006189999999999600e+03 -6.527850614428940546e-01 3.868138559172860924e-02
6.006389999999999418e+03 -6.485441871837589467e-01 3.865366124032477979e-02
6.006589999999999236e+03 -6.441502826023489670e-01 3.931401139365680447e-02
6.006789999999999964e+03 -6.397578136774190183e-01 3.896603015106955142e-02
6.006989999999999782e+03 -6.354437941386640309e-01 3.808839499062766087e-02
6.007189999999999600e+03 -6.312528013671979688e-01 3.926138496356386398e-02
6.007389999999999418e+03 -6.266695019289719726e-01 4.096195128966923643e-02
6.007589999999999236e+03 -6.220881150877329846e-01 4.156700493897316773e-02
6.007789999999999964e+03 -6.173659152414530116e-01 4.306760766168658133e-02
6.007989999999999782e+03 -6.124400393937929898e-01 4.258168034210072644e-02
6.008189999999999600e+03 -6.078293924702260487e-01 3.934694704847278152e-02
6.008389999999999418e+03 -6.036461049449050043e-01 3.503302962704868406e-02
6.008589999999999236e+03 -6.000257915078720528e-01 3.034200356420903646e-02
6.008789999999999964e+03 -5.969194092040319699e-01 2.292133039723790941e-02
6.008989999999999782e+03 -5.950026381420560062e-01 1.451041872414392253e-02
6.009189999999999600e+03 -5.938271243895759666e-01 4.014159030559003895e-03
6.009389999999999418e+03 -5.943199491641569798e-01 -5.778332382077848266e-03
6.009589999999999236e+03 -5.953924692090719617e-01 -1.533099890856832841e-02
6.009789999999999964e+03 -5.980782718788549834e-01 -2.581390825001892569e-02
6.009989999999999782e+03 -6.015573229587880544e-01 -3.226026187309485871e-02
6.010189999999999600e+03 -6.057229962972140447e-01 -3.997461818767339414e-02
6.010389999999999418e+03 -6.109730097389759473e-01 -4.467945016127639057e-02
6.010589999999999236e+03 -6.162187576817129697e-01 -4.775861281405814618e-02
6.010789999999999964e+03 -6.221756455458969937e-01 -5.272629123485052249e-02
6.010989999999999782e+03 -6.285618089880179449e-01 -5.559747948282738744e-02
6.011189999999999600e+03 -6.351778271948159693e-01 -5.554060260915316682e-02
6.011389999999999418e+03 -6.415509335783270428e-01 -5.379994536245027992e-02
6.011589999999999236e+03 -6.477673541592120499e-01 -5.235453383587015258e-02
6.011789999999999964e+03 -6.538086416188449990e-01 -5.157358031715006397e-02
6.011989999999999782e+03 -6.598457809698260457e-01 -5.056193470365030057e-02
6.012189999999999600e+03 -6.656548278857029599e-01 -4.638113082129829284e-02
6.012389999999999418e+03 -6.707321922384970048e-01 -4.204754749465793723e-02
6.012589999999999236e+03 -6.755463910231269686e-01 -3.753445728655060987e-02
6.012789999999999964e+03 -6.795876983715489761e-01 -3.427576173690342204e-02
6.012989999999999782e+03 -6.836538078883559466e-01 -3.175745423404043727e-02
6.013189999999999600e+03 -6.871169947013290313e-01 -2.577407431526553341e-02
6.013389999999999418e+03 -6.898095170774110052e-01 -2.084093012080270521e-02
6.013589999999999236e+03 -6.921402163129880547e-01 -1.725559226218314687e-02
6.013789999999999964e+03 -6.940096630955839840e-01 -1.230575374171552841e-02
6.013989999999999782e+03 -6.952040422858529745e-01 -8.978595361958779594e-03
6.014189999999999600e+03 -6.963096829876600502e-01 -5.169575474239779429e-03
6.014389999999999418e+03 -6.966296365510159516e-01 1.559315585149575849e-03
6.014589999999999236e+03 -6.961905452859430410e-01 4.271650856760012861e-03
6.014789999999999964e+03 -6.958878359228249932e-01 4.840893538583858693e-03
6.014989999999999782e+03 -6.953180652694600505e-01 8.995432146367408899e-03
6.015189999999999600e+03 -6.940616105509149758e-01 1.163339669560756705e-02
6.015389999999999418e+03 -6.928862500416970160e-01 1.333193801113177410e-02
6.015589999999999236e+03 -6.912398661291739854e-01 1.617728071221887984e-02
6.015789999999999964e+03 -6.894113085644000272e-01 1.891604913351636191e-02
6.015989999999999782e+03 -6.871361935440419844e-01 1.955290072516909644e-02
6.016189999999999600e+03 -6.851614358100219793e-01 2.218404184161323553e-02
6.016389999999999418e+03 -6.822822973694500082e-01 2.440916045840984747e-02
6.016589999999999236e+03 -6.797967256205900144e-01 2.211243182638692253e-02
6.016789999999999964e+03 -6.774448404979489524e-01 2.220559929385491904e-02
6.016989999999999782e+03 -6.749378805643200252e-01 2.308663275949547622e-02
6.017189999999999600e+03 -6.723837391491960247e-01 2.306397538510712025e-02
6.017389999999999418e+03 -6.698819806031649504e-01 2.167090763543516943e-02
6.017589999999999236e+03 -6.676476417031890209e-01 2.046118293453120379e-02
6.017789999999999964e+03 -6.654235961413700329e-01 2.052906305175852819e-02
6.017989999999999782e+03 -6.631736742001359541e-01 1.733533794491087798e-02
6.018189999999999600e+03 -6.616828028303940457e-01 1.426202134904817377e-02
6.018389999999999418e+03 -6.601384132492580381e-01 1.360348082259476427e-02
6.018589999999999236e+03 -6.587987211145069910e-01 1.150722469922134047e-02
6.018789999999999964e+03 -6.577355629600539766e-01 9.820111939323398001e-03
6.018989999999999782e+03 -6.567831763989779859e-01 8.022722005649265270e-03
6.019189999999999600e+03 -6.561326398285299843e-01 4.946458557415547679e-03
6.019389999999999418e+03 -6.558864621278870377e-01 7.184752406878420474e-04
6.019589999999999236e+03 -6.562065314012760497e-01 -7.076196172324583297e-04
6.019789999999999964e+03 -6.562877381530479726e-01 -1.323305132824718986e-03
6.019989999999999782e+03 -6.567491485611179902e-01 -4.215398498776060793e-03
6.020189999999999600e+03 -6.574942847827159875e-01 -6.388941906248761342e-03
6.020389999999999418e+03 -6.584546692346949781e-01 -8.873633345953556295e-03
6.020589999999999236e+03 -6.597702088497889861e-01 -8.058526662976349050e-03
6.020789999999999964e+03 -6.605434716291970210e-01 -8.465857798291395037e-03
6.020989999999999782e+03 -6.619525210693539830e-01 -1.186085780003783528e-02
6.021189999999999600e+03 -6.635051641335569794e-01 -1.163378133354790560e-02
6.021889999999999418e+03 -6.684990383139379766e-01 -1.016383787382004952e-02
6.022589999999999236e+03 -6.725075581331240171e-01 -6.370570356352981724e-03
6.023289999999999964e+03 -6.744535994098329601e-01 -4.250282644385690615e-04
6.023989999999999782e+03 -6.736849663563300172e-01 6.359333598013791264e-03
6.024689999999999600e+03 -6.701798758002269762e-01 1.204805532970385125e-02
6.025389999999999418e+03 -6.648404411373289857e-01 1.495856770514114760e-02
6.026089999999999236e+03 -6.589967980421369553e-01 1.472456580832707217e-02
6.026789999999999964e+03 -6.538453803533440523e-01 1.232585009066965165e-02
6.027489999999999782e+03 -6.499290689470410554e-01 8.719811699162933333e-03
6.029183694999999716e+03 -6.432954569633689834e-01 7.071871340693753130e-03
6.030189582999999402e+03 -6.405841984579030424e-01 4.341416675507773701e-03
6.031207661999999800e+03 -6.394609676670389709e-01 1.853060644608679058e-03
6.032237932999999430e+03 -6.396287870722330293e-01 3.917526686328034612e-04
6.033280395999999200e+03 -6.402325238510599981e-01 6.845326881620866256e-04
6.034335051000000021e+03 -6.400570377873679995e-01 2.633145534895587822e-03
6.035401897999999164e+03 -6.382931860904079713e-01 4.945218160255995463e-03
6.036480936999999358e+03 -6.352479489125779644e-01 6.510856449476500919e-03
6.037572166999999354e+03 -6.314793631530869478e-01 5.885925946212107115e-03
6.038675589999999829e+03 -6.291447008376339634e-01 2.886806944617168347e-03
6.039791203999999198e+03 -6.291278161615510012e-01 -8.040187549170997377e-04
6.040919010999999955e+03 -6.315193961506549991e-01 -3.794148423006306857e-03
6.042059008999999605e+03 -6.354200762708129835e-01 -5.029199763751253903e-03
6.043211198999999397e+03 -6.395040532335399819e-01 -4.485304812896967475e-03
6.044375581999999667e+03 -6.427665561061639554e-01 -3.762090570296341020e-03
6.045552155999999741e+03 -6.459562108897950461e-01 -4.554447915893764139e-03
6.046740921999999955e+03 -6.503615517881670138e-01 -6.574860837054984433e-03
6.047941878999999972e+03 -6.564005044752180273e-01 -8.950829412511834143e-03
6.049155028999999558e+03 -6.642043174019289786e-01 -1.117240954812637882e-02
6.050380370999999286e+03 -6.734921841068219894e-01 -1.237916342410384785e-02
6.051617903999999726e+03 -6.831726320630699956e-01 -1.222048334863628898e-02
6.052867629999999735e+03 -6.924217839647069939e-01 -1.096088603077957462e-02
6.054129546999999548e+03 -7.004721295578849594e-01 -9.207640970435870126e-03
6.055403656999999839e+03 -7.073374345433800503e-01 -7.164481524037371978e-03
6.056689957999999933e+03 -7.125288428346659986e-01 -5.512734784996526152e-03
6.057988450999999259e+03 -7.170586661095710301e-01 -4.085214081129508699e-03
6.059299135999999635e+03 -7.202041350243739704e-01 -1.666737175009207162e-03
6.060622012999999242e+03 -7.211502855935270073e-01 2.004117049431503733e-03
6.061957081999999900e+03 -7.187339620897189585e-01 5.979366714295536629e-03
6.063304341999999451e+03 -7.135469826661580139e-01 9.280836571465733015e-03
6.064663794999999482e+03 -7.059329362361770333e-01 1.174428130320628177e-02
6.066035439999999653e+03 -6.967693650336179712e-01 1.354035926495181057e-02
6.067419275999999627e+03 -6.861651769664790512e-01 1.470075330698364380e-02
6.068815304999999171e+03 -6.749753667944290436e-01 1.345767898409883437e-02
6.070223524999999427e+03 -6.661806234767819745e-01 7.719141531865977152e-03
6.071643936999999823e+03 -6.641330008058949907e-01 -6.326322711509883238e-04
6.073076540999999452e+03 -6.689199567606689545e-01 -7.647936428546419849e-03
6.074521336999999221e+03 -6.784807558575459696e-01 -1.171613677723513762e-02
6.075978325000000041e+03 -6.901644203017029966e-01 -1.326639945053871214e-02
6.077447504999999182e+03 -7.025072185691449977e-01 -1.377245965298439477e-02
6.078928876999999375e+03 -7.152480467652739815e-01 -1.382422493753973809e-02
6.080422439999999369e+03 -7.278865154348119759e-01 -1.299917426929310914e-02
6.081928195999999843e+03 -7.394151533991220049e-01 -1.036462999927076183e-02
6.083446142999999211e+03 -7.476782226561019540e-01 -5.213102182719279651e-03
6.084976282999999967e+03 -7.503546352656009777e-01 1.792990999470770201e-03
6.086518613999999616e+03 -7.463510543091179672e-01 9.656442811256328931e-03
6.088073136999999406e+03 -7.350409115748900435e-01 1.650362067506453909e-02
6.089639851999999337e+03 -7.186511720222800159e-01 2.042348194990345825e-02
6.091218758999999409e+03 -7.000479936089889499e-01 2.160083724877592815e-02
6.092809857999999622e+03 -6.812450093637030246e-01 2.093154256290157347e-02
6.094413148999999976e+03 -6.635811284190690218e-01 1.896230166001956069e-02
6.096028631999999561e+03 -6.481375799865289888e-01 1.519545661119548960e-02
6.097656306999999288e+03 -6.372341427763950072e-01 9.212850153482679549e-03
6.099296172999999726e+03 -6.328116903614999789e-01 1.241919303845293076e-03
6.100948231999999734e+03 -6.368533167640499926e-01 -7.222784215911893721e-03
6.102612481999999545e+03 -6.485388167810860471e-01 -1.374088419511717424e-02
6.104288923999999497e+03 -6.651931143972019678e-01 -1.746617727638125062e-02
6.105977557999999590e+03 -6.842800411383119785e-01 -1.889842179987545265e-02
6.107678384999999253e+03 -7.039794421445190187e-01 -1.834859675281133584e-02
6.109391402999999627e+03 -7.222681465915780086e-01 -1.588407888951659172e-02
6.111116612999999234e+03 -7.373757387393139462e-01 -1.189725582860983594e-02
6.112854013999999552e+03 -7.479784513250189448e-01 -7.241299283729854368e-03
6.114603607999999440e+03 -7.539493726219289593e-01 -2.853719501761218299e-03
6.116365393999999469e+03 -7.558259461692770076e-01 5.555317737145305454e-04
6.118139370999999301e+03 -7.549331812715149859e-01 2.673383591482641607e-03
6.119925540999999612e+03 -7.524892779936279696e-01 3.311378174905059424e-03
6.121723901999999725e+03 -7.502611607475170308e-01 2.290411617837955719e-03
6.123534454999999980e+03 -7.499001231528750200e-01 -8.939506308171393871e-06
6.125357200999999804e+03 -7.524491521386450499e-01 -2.555894350705118986e-03
6.127192137999999431e+03 -7.574493896117979741e-01 -4.030070132920199333e-03
6.129039266999999199e+03 -7.631639764900169931e-01 -4.207613740616219199e-03
6.130898588000000018e+03 -7.686128417834070525e-01 -3.450291848308875697e-03
6.132770099999999729e+03 -7.727792967982860528e-01 -1.882454101466237957e-03
6.134653804999999920e+03 -7.749120245667270312e-01 1.234698693264487377e-04
6.136549701999999343e+03 -7.747681727588480172e-01 1.716154061836020362e-03
6.138457789999999477e+03 -7.734366237350539519e-01 2.217866195003839226e-03
6.140378070999999181e+03 -7.721809681522400215e-01 2.213897370876986501e-03
6.142310542999999598e+03 -7.708417161850309451e-01 2.775115314108582767e-03
6.144255206999999245e+03 -7.683208400576539976e-01 4.094725333310124740e-03
6.146212063999999373e+03 -7.640025025199880249e-01 5.252833084313514658e-03
6.148181111999999302e+03 -7.588294957616590342e-01 5.071593342473077783e-03
6.150162351999999373e+03 -7.548631053392490520e-01 3.666425752936617200e-03
6.152155783999999585e+03 -7.528390603128930492e-01 2.476046245082553620e-03
6.154161406999999599e+03 -7.515679950393010511e-01 2.763052988558146583e-03
6.156179222999999183e+03 -7.488611244017739921e-01 4.552011094665467210e-03
6.158209230999999818e+03 -7.434099891640240099e-01 6.836569565221259359e-03
6.160251429999999345e+03 -7.353147082974289539e-01 8.226630746997571839e-03
6.162305821999999353e+03 -7.265142768663980233e-01 7.280201322227491251e-03
6.164372404999999162e+03 -7.205568290602759607e-01 3.551762063871746408e-03
6.166451180000000022e+03 -7.205393873949560435e-01 -1.436052896919225684e-03
6.168542147999999543e+03 -7.264830798058700134e-01 -5.617431316072492818e-03
6.170645306999999775e+03 -7.365652224638800094e-01 -7.921615282519120851e-03
6.172760657999999239e+03 -7.481806911881170308e-01 -8.538989301424769127e-03
6.174888200999999754e+03 -7.598916015041640160e-01 -7.991107061371972506e-03
6.177027934999999161e+03 -7.702993221763579923e-01 -6.827118601494624149e-03
6.179179861999999957e+03 -7.792696485522200289e-01 -5.645858644504708410e-03
6.181343980999999985e+03 -7.868614280136170258e-01 -4.318134080184338718e-03
6.183520290999999816e+03 -7.926178928913659716e-01 -2.791110507107349460e-03
6.185708793999999216e+03 -7.964594005433159873e-01 -1.472431553467064671e-03
6.187909487999999328e+03 -7.989476820373150323e-01 -8.522532785273009143e-04
6.190122373999999581e+03 -8.012534218099980343e-01 -8.819869454793934213e-04
6.192347452999999405e+03 -8.038439226866860299e-01 -1.157308593256351935e-03
6.194584722999999940e+03 -8.068816689992710511e-01 -1.277319783393907537e-03
6.196834184999999707e+03 -8.098119541560250267e-01 -1.206080205552676659e-03
6.199095837999999276e+03 -8.126976936413350394e-01 -9.694556035852992890e-04
6.201369683999999324e+03 -8.150434816233399493e-01 -8.743361014683196123e-04
6.203655721999999514e+03 -8.177084207136160465e-01 -1.358218008226256927e-03
6.205953951999999845e+03 -8.213540933492210483e-01 -2.231772539829532994e-03
6.208264372999999978e+03 -8.263631375718270000e-01 -2.875857771215785137e-03
6.210586986999999681e+03 -8.317672119781089890e-01 -2.742776709636807805e-03
6.212921791999999186e+03 -8.364753388019690039e-01 -1.751202765602864406e-03
6.215268788999999742e+03 -8.392680249987960472e-01 -5.359627013408344368e-05
6.217627977999999530e+03 -8.394300445703719582e-01 1.695235434452924822e-03
6.219999358999999458e+03 -8.374900352197429676e-01 3.041840453148218250e-03
6.222382931999999528e+03 -8.339680690000179641e-01 3.908798378958231769e-03
6.224778696999999738e+03 -8.296220304505449450e-01 4.314910797317328406e-03
6.227186653999999180e+03 -8.249402938922689721e-01 4.650592569003091439e-03
6.229606802999999672e+03 -8.196182771873029571e-01 4.925641902955699494e-03
6.232039142999999967e+03 -8.141200264657629804e-01 4.954406496961403193e-03
6.234483675999999832e+03 -8.086631274657930524e-01 4.780447551494081473e-03
6.236940399999999499e+03 -8.035994341196860402e-01 4.148250052525796240e-03
6.239409316999999646e+03 -7.998773617997280150e-01 3.040468156054981601e-03
6.241890424999999595e+03 -7.979172807048999783e-01 1.574323044700314716e-03
6.244383724999999686e+03 -7.983529181475429448e-01 -3.316630912890883211e-04
6.246889216999999917e+03 -8.018534392241799535e-01 -2.564428568023498570e-03
6.249406900999999380e+03 -8.087450939675150385e-01 -4.845266481047702523e-03
6.251936776999999893e+03 -8.189033850974329898e-01 -6.596419044056033194e-03
6.254478844999999637e+03 -8.309747980988340110e-01 -6.969550097953180860e-03
6.257033104999999523e+03 -8.423313222429610336e-01 -5.909612791625868874e-03
6.259599555999999211e+03 -8.513998098337639542e-01 -3.780318293191520067e-03
6.262178199999999379e+03 -8.565660833335869695e-01 -1.581989063507855233e-03
6.264769034999999349e+03 -8.591799077548939456e-01 -2.147015689775845601e-04
6.267372061999999460e+03 -8.603071995545079620e-01 2.049499374866585401e-04
6.269987282000000050e+03 -8.616817973792849639e-01 -4.458887969301545415e-05
6.272614692999999534e+03 -8.635716021955259780e-01 -5.184863149825267919e-04
6.275254295999999158e+03 -8.663938951458149962e-01 -8.087234514965540265e-04
6.277906090999999833e+03 -8.691869149574660280e-01 -5.554170494246890577e-04
6.280570077999999739e+03 -8.712622919484539485e-01 3.353300970865752189e-05
6.283246255999999448e+03 -8.722726194331460459e-01 4.805959267859509368e-04
6.285934626999999637e+03 -8.729856645209770338e-01 4.828558228587086047e-04
6.288635189999999966e+03 -8.739968363204450030e-01 1.365480398929911536e-04
6.291347943999999188e+03 -8.757935914199049821e-01 -3.969473788672051658e-04
6.294072890999999800e+03 -8.784823401686470135e-01 -1.006841835982658388e-03
6.296810028999999304e+03 -8.822110988715180513e-01 -1.379247387859329835e-03
6.299559358999999858e+03 -8.861011193038560441e-01 -1.145610002614898780e-03
6.302320880999999645e+03 -8.891247961832530189e-01 -5.830332758096918710e-04
6.305094594999999572e+03 -8.912582308894539951e-01 -1.307950262191393920e-04
6.307880500999999640e+03 -8.928616402820840348e-01 2.299877562090795597e-04
6.310678598999999849e+03 -8.938552426114989569e-01 7.839256057584935910e-04
6.313488888999999290e+03 -8.936870032256909457e-01 1.512355849234105296e-03
6.316311370999999781e+03 -8.923293628161399482e-01 2.113663344555274069e-03
6.319146043999999165e+03 -8.902022281901369460e-01 2.241237200134645058e-03
6.321992909999999938e+03 -8.884135827134810315e-01 1.877970023866614054e-03
6.324851966999999604e+03 -8.874592444298760041e-01 1.404053396598027364e-03
6.327723216999999750e+03 -8.872174583105869594e-01 9.364625504223481013e-04
6.330606657999999697e+03 -8.878023514727440002e-01 6.224608343315329254e-04
6.333502290999999786e+03 -8.886034727134389799e-01 3.785990416786338768e-04
6.336410116000000016e+03 -8.900064462656910313e-01 -7.820842831696446355e-05
6.339330132999999478e+03 -8.923447131080419759e-01 -5.867673507311188183e-04
6.342262341999999990e+03 -8.954714351753859658e-01 -1.038223447004290364e-03
6.345206742999999733e+03 -8.993550943262490494e-01 -1.156792011577628416e-03
6.348163334999999279e+03 -9.029124579170469955e-01 -1.034366032358754019e-03
6.351132119999999304e+03 -9.064105333068539494e-01 -1.003154173742769979e-03
6.354113096000000041e+03 -9.098903530053920052e-01 -1.230382355807099412e-03
6.357106264999999439e+03 -9.141961159573199769e-01 -1.639366045990013187e-03
6.360111624999999549e+03 -9.191157058801699975e-01 -1.814584735120654182e-03
6.363129176999999800e+03 -9.240646390578569624e-01 -1.683854725999777042e-03
6.366158920999999282e+03 -9.285704639293399509e-01 -1.254361123894112045e-03
6.369200857999999243e+03 -9.320608893829099850e-01 -6.045128382984130827e-04
6.372254984999999579e+03 -9.343252413337920226e-01 -5.982643680931437239e-05
6.375321304999999484e+03 -9.359254012388500410e-01 2.469249279055388464e-04
6.378399816999999530e+03 -9.371233521525750287e-01 3.249737643265978291e-04
6.381490520999999717e+03 -9.384582740919920063e-01 1.698368180563675515e-04
6.384593415999999706e+03 -9.402176881660639918e-01 -3.503899645705253768e-05
6.387708503999999266e+03 -9.422959144349319915e-01 -1.560004149185957893e-04
6.390835782999999537e+03 -9.445037349249190139e-01 -1.060600145898679263e-04
6.393975254999999379e+03 -9.464190877740710217e-01 9.815719926600676001e-05
6.397126917999999932e+03 -9.479056061417560075e-01 2.992084520712297606e-04
6.400290772999999717e+03 -9.491054159499660026e-01 4.231739667573323322e-04
6.403466819999999643e+03 -9.501512474244819817e-01 3.802810020769368756e-04
6.406655058999999710e+03 -9.515163640694920266e-01 1.703268100881881486e-04
6.409855489999999918e+03 -9.533412447584489469e-01 -6.075318896168198748e-05
6.413068111999999928e+03 -9.555690412711640436e-01 -1.814281696143462211e-04
6.416292926999999509e+03 -9.578551721002119823e-01 -2.258667848468621381e-04
6.419529933999999230e+03 -9.602648703770080285e-01 -2.121622187875856565e-04
6.422779131999999663e+03 -9.625177045130439701e-01 7.420140108290627045e-05
6.426040522999999666e+03 -9.638749211080429591e-01 5.049927265367603387e-04
6.429314104999999472e+03 -9.645255771427250213e-01 8.218044265316788808e-04
6.432599878999999419e+03 -9.646976380392060513e-01 9.109041352223709847e-04
6.435897844999999506e+03 -9.650146869830259488e-01 7.021006389801454778e-04
6.439208002999999735e+03 -9.659804507246180227e-01 3.121832216151768417e-04
6.442530352999999195e+03 -9.677864593479670319e-01 -1.334490901904543912e-04
6.445864894999999706e+03 -9.704649553186479594e-01 -5.024339616357991400e-04
6.449211628999999448e+03 -9.737022640697770015e-01 -7.205391520457369702e-04
6.452570553999999902e+03 -9.772417265787890495e-01 -7.538523456956752701e-04
6.455941671999999926e+03 -9.806323498295449470e-01 -6.316756221718997739e-04
6.459324981999999181e+03 -9.837233057937849745e-01 -4.528132300358520099e-04
6.462720482999999149e+03 -9.864414665463390186e-01 -2.260566231414731060e-04
6.466128175999999257e+03 -9.886679523688129967e-01 -4.844235939977831098e-05
6.469548060999999507e+03 -9.907078598908060085e-01 -3.436532900671699205e-05
6.472980138999999326e+03 -9.928942259254149860e-01 -9.728816718110166594e-05
6.476424407999999858e+03 -9.951974957437470515e-01 -2.224839748098435136e-04
6.479880867999999282e+03 -9.978956128617819665e-01 -3.212989394702998121e-04
6.483349520999999186e+03 -1.000609289938410029e+00 -2.226780725563668102e-04
6.486830365999999231e+03 -1.002933119868919976e+00 2.652683168316658313e-05
6.490323402999999416e+03 -1.004667045939219960e+00 2.949738940018384022e-04
6.493828630999999405e+03 -1.005926864723170056e+00 4.007391758052155999e-04
6.497346051999999872e+03 -1.007244943071049947e+00 3.345045852364712173e-04
6.500875663999999233e+03 -1.008781593132660026e+00 1.665643128879957450e-04
6.504417467999999644e+03 -1.010791119606460065e+00 -4.993935377481415556e-05
6.507971464999999625e+03 -1.013221689107320023e+00 -1.941604570922565937e-04
6.511537652999999409e+03 -1.015835818701730009e+00 -2.875051397505374424e-04
6.515116032999999334e+03 -1.018666413725900055e+00 -3.291253332042473872e-04
6.518706604999999399e+03 -1.021470367505989962e+00 -2.542630748185858579e-04
6.522309368999999606e+03 -1.024011067429670074e+00 -1.792993308324677905e-04
6.525924323999999615e+03 -1.026522609711340017e+00 -1.036523031175762353e-04
6.529551471999999194e+03 -1.028765960751939934e+00 -3.428777948706316366e-06
6.533190810999999485e+03 -1.030875543895950042e+00 7.133341102081204729e-05
6.536842342999999346e+03 -1.032820670061789903e+00 1.827580986255319365e-04
6.540506065999999919e+03 -1.034476013656449922e+00 3.203723401798018369e-04
6.544181981999999152e+03 -1.035853462086220089e+00 3.925900423183118393e-04
6.547870089000000007e+03 -1.037213664517439904e+00 3.730752112072120404e-04
6.551570387999999184e+03 -1.038682927041880033e+00 3.311357986883167433e-04
6.555282878999999411e+03 -1.040230891743010089e+00 2.530005176055468807e-04
6.559007561999999780e+03 -1.042043586141029987e+00 1.361735510202826641e-04
6.562744436999999380e+03 -1.044102859826850027e+00 4.476151326946853343e-05
6.566493502999999691e+03 -1.046320941950239947e+00 -6.659012620771727209e-06
6.570254761999999573e+03 -1.048615786633350089e+00 -1.869800151293071720e-05
6.574028212999999596e+03 -1.050900581858190019e+00 -3.836453576167823417e-05
6.577813854999999421e+03 -1.053295565945449930e+00 -9.525363846491218282e-05
6.581611688999999387e+03 -1.055843054458440067e+00 -1.161835761231182153e-04
6.585421715999999833e+03 -1.058345317384530082e+00 -1.120921133983878717e-04
6.589243933999999172e+03 -1.060891069130059927e+00 -1.195735864503578413e-04
6.593078343999999561e+03 -1.063442334772159992e+00 -3.773844682492901625e-05
6.596924945999999181e+03 -1.065643567636870070e+00 8.055614518834987401e-05
6.600783739999999852e+03 -1.067686790626499960e+00 1.289375840398700439e-04
6.604654725999999755e+03 -1.069686822685899985e+00 1.515587681198893506e-04
6.608537902999999460e+03 -1.071642129852270031e+00 1.384370708039461102e-04
6.612433272999999645e+03 -1.073713178489299924e+00 1.128541928668641358e-04
6.616340834999999970e+03 -1.075795674190010098e+00 1.491045308314422257e-04
6.620260587999999188e+03 -1.077716857001040029e+00 1.785520632903953118e-04
6.624192532999999457e+03 -1.079679127310809950e+00 1.420249758324214676e-04
6.628136670999999296e+03 -1.081777481560119991e+00 8.753822037936044576e-05
6.632092999999999847e+03 -1.083999378215839915e+00 3.917880882813606935e-05
6.636061520999999630e+03 -1.086331014794150063e+00 1.129769435924662786e-05
6.640042233999999553e+03 -1.088694121631099909e+00 -3.151885039762505891e-05
6.644035138999999617e+03 -1.091236096277929946e+00 -2.221960838268416795e-05
6.648040235999999823e+03 -1.093571517933999981e+00 4.940200732118612322e-05
6.652057523999999830e+03 -1.095798602531379951e+00 5.729623088587986108e-05
6.656087004999999408e+03 -1.098111434930370001e+00 3.288819468800925877e-05
6.660128678000000036e+03 -1.100465339711049984e+00 6.288465900922693896e-05
6.664182541999999557e+03 -1.102652901607930058e+00 9.974186601978478036e-05
6.668248597999999220e+03 -1.104848724154809947e+00 1.476693384204951442e-04
6.672326846999999361e+03 -1.106825429104179914e+00 2.003392530996494819e-04
6.676417286999999305e+03 -1.108786819423509984e+00 2.062284095192665656e-04
6.680519918999999391e+03 -1.110747587635640077e+00 1.939376899530622766e-04
6.684634742999999617e+03 -1.112778615777550106e+00 1.838765272248725643e-04
6.688761758999999984e+03 -1.114798819703149979e+00 1.877011297393354290e-04
6.692900966999999582e+03 -1.116823689247639972e+00 2.118888998125786427e-04
6.697052365999999893e+03 -1.118740736517549905e+00 2.528444135912916472e-04
6.701215957999999773e+03 -1.120581755209999919e+00 2.604925250234177252e-04
6.705391741999999795e+03 -1.122473218844010079e+00 2.504413140705858461e-04
6.709579716999999619e+03 -1.124373397631500016e+00 2.262629697817433228e-04
6.713779883999999583e+03 -1.126392312152010078e+00 1.816487676811208408e-04
6.717992244000000028e+03 -1.128519285817050077e+00 1.784105629503481157e-04
6.722216794999999365e+03 -1.130565897025610056e+00 1.990852999067649451e-04
6.726453537999999753e+03 -1.132604534197859891e+00 1.695157607930535481e-04
6.730702472999999372e+03 -1.134806924446059906e+00 1.162850905695059987e-04
6.734963600000000042e+03 -1.137117731025439893e+00 1.118366027626394884e-04
6.739236918999999943e+03 -1.139354842004119961e+00 1.220479279557893092e-04
6.743522428999999647e+03 -1.141628483350360046e+00 1.122077242245201489e-04
6.747820131999999830e+03 -1.143926918823640060e+00 1.100889456293817586e-04
6.752130025999999816e+03 -1.146224015834039989e+00 1.353271224185047771e-04
6.756452112999999372e+03 -1.148410438631229935e+00 1.505848494511397928e-04
6.760786390999999639e+03 -1.150644399866290080e+00 1.593486237586713076e-04
6.765132861000000048e+03 -1.152799612441739896e+00 1.575471234323403726e-04
6.769491524000000027e+03 -1.155054903609910033e+00 1.507428595401984716e-04
6.773862377999999808e+03 -1.157256560003379953e+00 1.672117492448147455e-04
6.778245423999999730e+03 -1.159441560165080043e+00 1.573413746291400437e-04
6.782640661999999793e+03 -1.161705162670539915e+00 1.569068773098617256e-04
6.787048090999999658e+03 -1.163904714576529997e+00 1.562264349225633549e-04
6.791467713000000003e+03 -1.166184127452110086e+00 1.388573426906609932e-04
6.795899526999999580e+03 -1.168484287556970092e+00 1.573681958471965213e-04
6.800343531999999868e+03 -1.170682021656249905e+00 2.967435040358495989e-04
6.804799729999999727e+03 -1.172282611660649954e+00 2.275786688608170017e-04
6.809268118999999388e+03 -1.174845012893670049e+00 1.109968232939667252e-04
6.813748699999999189e+03 -1.177055737833679894e+00 1.829282133226924447e-04
6.818241473000000042e+03 -1.179260700513790061e+00 1.908779327378308153e-04
6.822746437999999216e+03 -1.181442372504460048e+00 2.849453890379309291e-04
6.827263594999999441e+03 -1.183172145894630045e+00 2.484976998123532245e-04
6.831792943999999807e+03 -1.185553623898730091e+00 1.379004363857799602e-04
6.836334484999999404e+03 -1.187870242008890020e+00 2.222830639710304172e-04
6.840888218000000052e+03 -1.189823877071839897e+00 2.979962979699423645e-04
6.845454141999999592e+03 -1.191755665073829906e+00 2.778285418607064614e-04
6.850032258999999613e+03 -1.193825527839690093e+00 2.410774695888845106e-04
6.854622566999999435e+03 -1.195961368127649971e+00 2.170587836371093394e-04
6.859225067999999737e+03 -1.198169136796380041e+00 2.165726468146703457e-04
6.863839759999999842e+03 -1.200319070162420010e+00 2.326214091076937609e-04
6.868466643999999178e+03 -1.202453245518930069e+00 2.347569642049071332e-04
6.873105719999999565e+03 -1.204603125887149906e+00 2.410873131202222598e-04
6.877756987999999183e+03 -1.206714822281589994e+00 2.235206525789499720e-04
6.882420447999999851e+03 -1.208969797235220023e+00 2.128635995025975872e-04
6.887096099999999751e+03 -1.211150045204439918e+00 2.320007389689536298e-04
6.891783942999999454e+03 -1.213313759238570100e+00 2.421813544954485166e-04
6.896483978999999636e+03 -1.215450467726159944e+00 2.377319154295693651e-04
6.901196205999999620e+03 -1.217649386910180098e+00 2.293251329989509678e-04
6.905920625999999174e+03 -1.219842857496179933e+00 2.383171056448366715e-04
6.910657236999999441e+03 -1.222004301383659897e+00 2.415559824116578702e-04
6.915406039999999848e+03 -1.224191363518859932e+00 2.420713133999735417e-04
6.920167035999999825e+03 -1.226361173903449897e+00 2.310044718407537102e-04
6.924940222999999605e+03 -1.228619963410789939e+00 2.184715822625656664e-04
6.929725601999999526e+03 -1.230869852935519981e+00 2.089752508620904838e-04
6.934523171999999249e+03 -1.233192371812690036e+00 1.978127315438218395e-04
6.939332934999999452e+03 -1.235515444028310039e+00 2.076060867874891054e-04
6.944154889999999796e+03 -1.237795618339879944e+00 2.398437724095768921e-04
6.948989036999999371e+03 -1.239951689227970055e+00 4.777017793133008210e-04
6.953835374999999658e+03 -1.240921573678569922e+00 6.916450018117291073e-04
