# energy mu dmude
1.982270739400000093e+04 4.408420833498939984e-01 -2.475096671556494422e-05
1.982770739400000093e+04 4.407712708763599774e-01 -2.564007266008639470e-05
1.983270739400000093e+04 4.406902037079479806e-01 -2.733709034850194378e-05
1.983770739400000093e+04 4.405998183154560266e-01 -2.698465751888548021e-05
1.984270739400000093e+04 4.405228160069800114e-01 -2.360984453867272297e-05
1.984770739400000093e+04 4.404713547467529744e-01 -2.242581371889323740e-05
1.985270739400000093e+04 4.404080087127150156e-01 -2.071604106413431088e-05
1.985770739400000093e+04 4.403762674835969837e-01 -1.933850052795714502e-05
1.986270739400000093e+04 4.403288096099829962e-01 -1.977935629088869377e-05
1.986770739400000093e+04 4.402919836759859873e-01 -1.615334971661527152e-05
1.987270739400000093e+04 4.402863471300479947e-01 -1.642026545445086588e-05
1.987770739400000093e+04 4.402464426659090102e-01 -1.400442390154584360e-05
1.988270739400000093e+04 4.402686697487669942e-01 -5.305472602357900851e-06
1.988770739400000093e+04 4.403290965127349965e-01 -8.429749684117475390e-07
1.989270739400000093e+04 4.404027927730420067e-01 -2.058193361763658222e-06
1.989770739400000093e+04 4.404492035539759875e-01 2.891844380076659916e-06
1.990270739400000093e+04 4.405799921405569863e-01 1.418650152763471542e-05
1.990770739400000093e+04 4.407566722819790117e-01 1.665256924743947157e-05
1.991270739400000093e+04 4.409159037916680068e-01 2.403849604249680107e-05
1.991770739400000093e+04 4.411777711103220256e-01 4.115244075884741740e-05
1.992270739400000093e+04 4.415343899868430233e-01 5.114166722510534325e-05
1.992770739400000093e+04 4.419114702001010198e-01 6.059246501362617558e-05
1.993270739400000093e+04 4.423770918881220204e-01 8.046625317762530656e-05
1.993770739400000093e+04 4.429833907169409835e-01 1.060039144257615869e-04
1.994270739400000093e+04 4.437435565204400079e-01 1.373440248843549847e-04
1.994770739400000093e+04 4.447113232622489920e-01 1.773902507534796198e-04
1.995270739400000093e+04 4.459333708356659765e-01 2.278093181566693182e-04
1.995770739400000093e+04 4.474826567489920137e-01 3.001128322240176750e-04
1.996270739400000093e+04 4.495386324722889793e-01 3.523005846930951537e-04
1.996379999999999927e+04 4.500459259539840162e-01 4.110241916155781819e-04
1.996479999999999927e+04 4.505607620403079827e-01 4.405281158660328406e-04
1.996579999999999927e+04 4.510908802637029757e-01 4.521699385046464882e-04
1.996679999999999927e+04 4.516325710437150143e-01 4.885917550465773695e-04
1.996779999999999927e+04 4.522467050399969768e-01 5.577247757383545224e-04
1.996879999999999927e+04 4.529478679363639904e-01 5.694154263558761503e-04
1.996979999999999927e+04 4.535889692599360257e-01 5.869879050557306327e-04
1.997079999999999927e+04 4.543306673497580217e-01 7.064844257780304075e-04
1.997100000000000000e+04 4.545840375705770264e-01 1.209537484975549198e-03
1.997120000000000073e+04 4.548944396182200145e-01 1.018243467895966385e-03
1.997139999999999782e+04 4.550595566094070010e-01 5.553414603770818287e-04
1.997159999999999854e+04 4.551563994575100192e-01 2.112652193101458671e-04
1.997179999999999927e+04 4.551627773518059916e-01 1.178988828632204257e-04
1.997200000000000000e+04 4.552165457700039775e-01 7.686583927332384797e-04
1.997220000000000073e+04 4.555231506621629789e-01 1.246965011470571290e-03
1.997239999999999782e+04 4.557975851759309971e-01 9.235238399780793753e-04
1.997259999999999854e+04 4.559549709319439814e-01 4.881916073727902072e-04
1.997279999999999927e+04 4.560285655236159807e-01 4.958009287128451424e-04
1.997300000000000000e+04 4.561894618294820014e-01 8.920989546809473831e-04
1.997320000000000073e+04 4.564458879661270063e-01 5.525581870253094960e-04
1.997339999999999782e+04 4.564501376094690088e-01 1.064033613572263346e-03
1.997359999999999854e+04 4.569425322251949861e-01 1.274753063271992894e-03
1.997379999999999927e+04 4.570439969945829795e-01 5.086857487489035217e-04
1.997400000000000000e+04 4.571829675165969831e-01 6.249817091313185921e-04
1.997420000000000073e+04 4.573380852661099727e-01 7.464862301569045837e-04
1.997439999999999782e+04 4.575331117304790030e-01 1.408133352611881531e-03
1.997459999999999854e+04 4.579934794628269801e-01 1.751675565592693620e-03
1.997479999999999927e+04 4.583469986509779992e-01 9.365479865041233211e-04
1.997500000000000000e+04 4.584313084045589792e-01 8.249781527185864221e-05
1.997520000000000073e+04 4.583908127300079793e-01 5.223174190101535124e-04
1.997539999999999782e+04 4.586780326481390002e-01 1.357586542062562624e-03
1.997559999999999854e+04 4.590228872257410275e-01 1.501540289089799834e-03
1.997579999999999927e+04 4.593765200055350273e-01 8.920118264750172840e-04
1.997600000000000000e+04 4.594401694717750173e-01 6.712763414187410994e-04
1.997620000000000073e+04 4.596919662414989949e-01 7.015871321496775295e-04
1.997639999999999782e+04 4.597695995490260201e-01 4.653606088208804320e-04
1.997659999999999854e+04 4.599124135396460145e-01 1.093448599614217772e-03
1.997679999999999927e+04 4.602798143711370193e-01 2.198441587046733037e-03
1.997700000000000000e+04 4.609324153448819961e-01 1.489763844112411331e-03
1.997720000000000073e+04 4.609728686819660193e-01 5.912455399777105571e-04
1.997739999999999782e+04 4.612109394815290253e-01 8.571574066745045028e-04
1.997759999999999854e+04 4.613740708897329790e-01 1.162184539307818589e-03
1.997779999999999927e+04 4.617528655341430199e-01 1.479716206327653157e-03
1.997800000000000000e+04 4.620624897367969774e-01 1.230322963314484227e-03
1.997820000000000073e+04 4.623262271542259993e-01 1.250101752729606934e-03
1.997839999999999782e+04 4.626449762739560101e-01 1.106614914597504407e-03
1.997859999999999854e+04 4.628425162375000013e-01 1.381752432283561791e-03
1.997879999999999927e+04 4.632881996696520122e-01 1.834111672802888520e-03
1.997900000000000000e+04 4.636944349417960187e-01 1.502030004337916863e-03
1.997920000000000073e+04 4.639869129564990202e-01 1.267649127261656324e-03
1.997939999999999782e+04 4.642850169358729850e-01 1.114446856716988423e-03
1.997959999999999854e+04 4.645068152954139884e-01 1.406284014221658839e-03
1.997979999999999927e+04 4.649395579428929892e-01 1.887756456816823284e-03
1.998000000000000000e+04 4.653834829464579825e-01 1.485174999026062743e-03
1.998020000000000073e+04 4.656304951964019834e-01 1.220102215093501205e-03
1.998039999999999782e+04 4.659521292385109814e-01 1.553631179445255726e-03
1.998059999999999854e+04 4.663530146138539778e-01 1.504792198985647426e-03
1.998079999999999927e+04 4.666521168600299974e-01 1.838470273553774285e-03
1.998100000000000000e+04 4.672069441525649736e-01 2.274946288765487129e-03
1.998120000000000073e+04 4.677074140033610217e-01 1.650029438913714307e-03
1.998139999999999782e+04 4.679739367734049860e-01 1.448420050334470492e-03
1.998159999999999854e+04 4.683813944122309780e-01 1.596126835586102926e-03
1.998179999999999927e+04 4.687160615029209998e-01 2.248842794249411494e-03
1.998200000000000000e+04 4.694246487445489779e-01 2.422708793122471758e-03
1.998220000000000073e+04 4.698395286728240250e-01 1.805807702321859292e-03
1.998239999999999782e+04 4.702635094512879754e-01 1.407796003667236874e-03
1.998259999999999854e+04 4.704947672340730191e-01 1.838542559120507573e-03
1.998279999999999927e+04 4.711174723388449892e-01 2.345127820496841278e-03
1.998300000000000000e+04 4.715824425297899802e-01 2.153902912324971719e-03
1.998320000000000073e+04 4.721169262882329853e-01 2.383165034790535926e-03
1.998339999999999782e+04 4.726876662415879782e-01 2.149025356604443177e-03
1.998359999999999854e+04 4.731141299840410097e-01 1.896407679286626208e-03
1.998379999999999927e+04 4.735683251221269874e-01 2.245967541269185044e-03
1.998400000000000000e+04 4.741560578223820155e-01 3.258616044380998212e-03
1.998420000000000073e+04 4.750774369437499867e-01 2.883746965756074469e-03
1.998439999999999782e+04 4.754922243141739835e-01 1.554149882029103513e-03
1.998459999999999854e+04 4.758001956639200114e-01 2.246223957056563223e-03
1.998479999999999927e+04 4.765342704495830195e-01 3.055204798616136929e-03
1.998500000000000000e+04 4.772154639892570160e-01 3.214817889881177448e-03
1.998520000000000073e+04 4.780231760533359964e-01 3.096690701573665081e-03
1.998539999999999782e+04 4.786498717784070100e-01 2.796036611451636726e-03
1.998559999999999854e+04 4.793188774947449993e-01 2.862320441727925300e-03
1.998579999999999927e+04 4.799761531730499797e-01 3.545880762082568010e-03
1.998600000000000000e+04 4.809605184957029822e-01 3.960853810752232133e-03
1.998620000000000073e+04 4.818092414148190117e-01 3.065864202513095011e-03
1.998639999999999782e+04 4.823807045222400225e-01 2.560825775979803497e-03
1.998659999999999854e+04 4.829964286633089965e-01 3.865690126013733921e-03
1.998679999999999927e+04 4.841698891299610064e-01 4.367490688122807781e-03
1.998700000000000000e+04 4.850171182648149726e-01 3.711175174418135034e-03
1.998720000000000073e+04 4.858877884789359891e-01 3.980038899494258570e-03
1.998739999999999782e+04 4.868590575206659943e-01 4.193520148302080745e-03
1.998759999999999854e+04 4.878282170130179840e-01 4.557740803622925378e-03
1.998779999999999927e+04 4.889675187492529829e-01 4.867397763628389558e-03
1.998800000000000000e+04 4.900795380508889965e-01 4.685833963962321783e-03
1.998820000000000073e+04 4.911350755798130074e-01 4.609505939081778338e-03
1.998839999999999782e+04 4.922118810529489963e-01 4.697366129544696713e-03
1.998859999999999854e+04 4.933079527589600000e-01 5.421593068464635595e-03
1.998879999999999927e+04 4.947188793265380191e-01 5.869239383537799663e-03
1.998900000000000000e+04 4.960214720395270116e-01 5.334808703204855368e-03
1.998920000000000073e+04 4.971858397535059981e-01 5.793652400094612652e-03
1.998939999999999782e+04 4.987001193700290047e-01 6.676265962726696777e-03
1.998959999999999854e+04 5.002716796277369982e-01 7.096998372135368723e-03
1.998979999999999927e+04 5.019800635581930237e-01 6.842477605534491060e-03
1.999000000000000000e+04 5.034342010130200551e-01 6.802061379864434917e-03
1.999020000000000073e+04 5.051239389737840479e-01 7.708931803912088404e-03
1.999039999999999782e+04 5.069964598417030510e-01 8.392218891770889672e-03
1.999059999999999854e+04 5.090014313533459678e-01 8.577067176572724175e-03
1.999079999999999927e+04 5.109592317212759971e-01 8.848014440504960165e-03
1.999100000000000000e+04 5.130892043775749922e-01 9.336267985799225760e-03
1.999120000000000073e+04 5.152722598418599809e-01 1.057444983013436368e-02
1.999139999999999782e+04 5.179734659757589954e-01 1.163599793917867442e-02
1.999159999999999854e+04 5.206462651887390214e-01 1.115951240903921733e-02
1.999179999999999927e+04 5.231276453838119567e-01 1.076901766866560778e-02
1.999200000000000000e+04 5.256202903895840217e-01 1.298226307071790112e-02
1.999220000000000073e+04 5.291227482831220019e-01 1.551396317735019396e-02
1.999239999999999782e+04 5.327833896238429734e-01 1.556307136124062719e-02
1.999259999999999854e+04 5.363085035099499631e-01 1.530473284840350862e-02
1.999279999999999927e+04 5.398499607359209529e-01 1.656249563667858485e-02
1.999300000000000000e+04 5.439553417410180058e-01 1.969020481717908069e-02
1.999320000000000073e+04 5.489397632621060286e-01 1.944888470686072235e-02
1.999339999999999782e+04 5.529338115687190136e-01 1.873539164720032513e-02
1.999359999999999854e+04 5.575890640557059630e-01 2.255143637130739218e-02
1.999379999999999927e+04 5.633436393064580328e-01 2.465365311238091120e-02
1.999400000000000000e+04 5.689687465730639548e-01 2.661186501606739932e-02
1.999420000000000073e+04 5.756267401713109910e-01 2.678208540646374522e-02
1.999439999999999782e+04 5.813303783789719459e-01 2.825646464597418583e-02
1.999459999999999854e+04 5.886685747957289827e-01 3.184889141733594775e-02
1.999479999999999927e+04 5.960295741150259952e-01 3.251014600402436089e-02
1.999500000000000000e+04 6.036728394187890201e-01 3.293434335475695779e-02
1.999520000000000073e+04 6.112295415978680202e-01 3.481382306320244396e-02
1.999539999999999782e+04 6.197399022598359952e-01 3.848741744374417628e-02
1.999559999999999854e+04 6.289914121144060122e-01 4.057521430602344797e-02
1.999579999999999927e+04 6.384649749650600503e-01 3.880476388725188214e-02
1.999600000000000000e+04 6.468996899729450023e-01 3.778833475832159283e-02
1.999620000000000073e+04 6.559043246538359684e-01 4.135987858334631145e-02
1.999639999999999782e+04 6.659867664547179933e-01 4.201663422528737618e-02
1.999659999999999854e+04 6.752943944406889498e-01 4.077169233892996569e-02
1.999679999999999927e+04 6.848024840280859671e-01 4.387910147551857959e-02
1.999700000000000000e+04 6.955437109120530259e-01 4.455784751456150911e-02
1.999720000000000073e+04 7.053649390437549682e-01 4.237461463529035993e-02
1.999739999999999782e+04 7.150989344648639445e-01 4.217725155352382294e-02
1.999759999999999854e+04 7.248291094123580081e-01 4.052621422510035293e-02
1.999779999999999927e+04 7.338014010506730411e-01 4.171889855581788903e-02
1.999800000000000000e+04 7.440818192609679471e-01 4.515665601582386640e-02
1.999820000000000073e+04 7.546401155383930526e-01 4.332638982231832442e-02
1.999839999999999782e+04 7.640761429770579483e-01 4.266653385246270414e-02
1.999859999999999854e+04 7.743300156174169890e-01 4.523947787002811222e-02
1.999879999999999927e+04 7.849530672124159780e-01 4.514413534279081847e-02
1.999900000000000000e+04 7.951629537099880185e-01 4.450691813832650945e-02
1.999920000000000073e+04 8.054920260309520463e-01 4.443373311694562289e-02
1.999939999999999782e+04 8.156681487201650205e-01 4.416007072769740499e-02
1.999959999999999854e+04 8.258709672771730181e-01 4.598089649941734108e-02
1.999979999999999927e+04 8.368871254125139769e-01 4.320905453440261612e-02
2.000000000000000000e+04 8.458111585210029704e-01 4.244785647642943666e-02
2.000020000000000073e+04 8.564761389873920550e-01 4.755099449121319433e-02
2.000039999999999782e+04 8.677544977453599540e-01 4.481330769745636017e-02
2.000059999999999854e+04 8.771564502041589995e-01 4.252421784973443170e-02
2.000079999999999927e+04 8.873787405339680356e-01 4.557264871260088140e-02
2.000100000000000000e+04 8.981870823459310316e-01 4.717315143948982992e-02
2.000120000000000073e+04 9.091477623903390093e-01 4.644895905086175031e-02
2.000139999999999782e+04 9.196219990474140404e-01 4.312115359464485653e-02
2.000159999999999854e+04 9.290474006572699839e-01 4.410151354029027970e-02
2.000179999999999927e+04 9.399739250165759508e-01 4.678555851556833595e-02
2.000200000000000000e+04 9.506376070554309887e-01 4.191592815699504704e-02
2.000220000000000073e+04 9.593175341985870075e-01 4.066395669559352138e-02
2.000239999999999782e+04 9.694036209389069736e-01 4.516523862408624440e-02
2.000259999999999854e+04 9.801602082605429533e-01 4.544607851814855964e-02
2.000279999999999927e+04 9.903758600969070347e-01 4.362402546191251895e-02
2.000300000000000000e+04 1.000291845766589915e+00 4.482399036214736870e-02
2.000320000000000073e+04 1.011061099746410008e+00 4.490935891611881614e-02
2.000339999999999782e+04 1.021016470079950000e+00 4.406721253335116328e-02
2.000359999999999854e+04 1.031397200993380059e+00 4.532828204512947406e-02
2.000379999999999927e+04 1.041934363998400004e+00 4.393039085121541731e-02
2.000400000000000000e+04 1.051670179747129952e+00 4.224711997481846171e-02
2.000420000000000073e+04 1.061430768066500052e+00 4.366816163348151425e-02
2.000439999999999782e+04 1.071822179414569920e+00 4.550853372599520524e-02
2.000459999999999854e+04 1.082431820847880033e+00 4.726448680385256229e-02
2.000479999999999927e+04 1.093633338714689929e+00 4.792929685039131610e-02
2.000500000000000000e+04 1.104549689341479901e+00 4.798615115930161129e-02
2.000520000000000073e+04 1.115777436864900052e+00 4.765563233155466205e-02
2.000539999999999782e+04 1.126541303088439916e+00 4.772946159628821405e-02
2.000559999999999854e+04 1.137803111640810050e+00 5.236675483798320513e-02
2.000579999999999927e+04 1.150706386673870041e+00 5.331927900280451077e-02
2.000600000000000000e+04 1.162407640929389974e+00 5.166684001494303846e-02
2.000620000000000073e+04 1.174548565525840083e+00 5.367160244732472468e-02
2.000639999999999782e+04 1.187174714150520005e+00 5.639816488523569787e-02
2.000659999999999854e+04 1.200573534548410093e+00 5.713738836276574529e-02
2.000679999999999927e+04 1.213540722900050106e+00 5.647070071719629408e-02
2.000700000000000000e+04 1.226631967876750107e+00 5.979323520342923887e-02
2.000720000000000073e+04 1.241132002908259979e+00 5.776971461293933796e-02
2.000739999999999782e+04 1.253289699465089946e+00 5.772401757901582386e-02
2.000759999999999854e+04 1.267768652233340010e+00 6.166022172512297672e-02
2.000779999999999927e+04 1.281742311117259892e+00 6.079996189000210632e-02
2.000800000000000000e+04 1.295824384202979962e+00 6.060511117548617738e-02
2.000820000000000073e+04 1.309708148979839892e+00 6.100823944686569605e-02
2.000839999999999782e+04 1.323976204734530038e+00 5.971599554128406012e-02
2.000859999999999854e+04 1.337263794576730058e+00 5.888714903424523139e-02
2.000879999999999927e+04 1.351149463144510010e+00 5.767815971612272330e-02
2.000900000000000000e+04 1.363879287440570076e+00 6.045779208128753551e-02
2.000920000000000073e+04 1.379047335547179953e+00 6.132586044576996548e-02
2.000939999999999782e+04 1.392177641979710057e+00 5.619279464092291621e-02
2.000959999999999854e+04 1.404977557292200085e+00 5.503215137990754430e-02
2.000979999999999927e+04 1.417572402565260070e+00 5.486141491005345344e-02
2.001000000000000000e+04 1.430293548844040030e+00 5.444276739643882923e-02
2.001020000000000073e+04 1.442695251666979983e+00 5.312780174446877363e-02
2.001039999999999782e+04 1.454809740364670034e+00 4.957075047191772388e-02
2.001059999999999854e+04 1.465570402513449944e+00 4.733241606239046995e-02
2.001079999999999927e+04 1.476652238734059930e+00 4.887357647320078602e-02
2.001100000000000000e+04 1.488123913102169960e+00 4.594821825785654068e-02
2.001120000000000073e+04 1.497856139364960093e+00 4.203487947329150043e-02
2.001139999999999782e+04 1.507522400308900057e+00 4.045223864355333016e-02
2.001159999999999854e+04 1.516524477418589978e+00 3.789339078886631157e-02
2.001179999999999927e+04 1.525010217451749917e+00 3.558727044638153314e-02
2.001200000000000000e+04 1.532948369137939970e+00 3.250935522184997262e-02
2.001220000000000073e+04 1.540014117248549974e+00 2.985031772141179957e-02
2.001239999999999782e+04 1.546725525669470080e+00 2.680575671857616388e-02
2.001259999999999854e+04 1.552386669781490092e+00 2.394859361024850863e-02
2.001279999999999927e+04 1.557779929962799903e+00 2.285642102473545503e-02
2.001300000000000000e+04 1.562937201766350093e+00 2.016557997207421224e-02
2.001320000000000073e+04 1.567089046157779997e+00 1.616060743575529340e-02
2.001339999999999782e+04 1.570398629432909976e+00 1.278106139014753215e-02
2.001359999999999854e+04 1.572991324940590019e+00 9.879246988567656068e-03
2.001379999999999927e+04 1.574962160163799973e+00 7.015580393123234913e-03
2.001400000000000000e+04 1.576233707056990063e+00 4.877801582203485260e-03
2.001420000000000073e+04 1.577218280988949894e+00 2.073970711407518031e-03
2.001439999999999782e+04 1.577196284396269910e+00 -8.447819241729240215e-04
2.001459999999999854e+04 1.576834295845489953e+00 -2.960777839445036860e-03
2.001479999999999927e+04 1.575836087470269931e+00 -4.961299683156609151e-03
2.001500000000000000e+04 1.574551160939809957e+00 -6.322400377721007839e-03
2.001520000000000073e+04 1.572925010645769950e+00 -7.821147716490442145e-03
2.001539999999999782e+04 1.570948639108010081e+00 -9.227305559790349374e-03
2.001559999999999854e+04 1.568673759842039939e+00 -1.081844336105203253e-02
2.001579999999999927e+04 1.565963319085099892e+00 -1.188853069713979166e-02
2.001600000000000000e+04 1.563194756509870054e+00 -1.312070174870089839e-02
2.001620000000000073e+04 1.559915855346200031e+00 -1.269308891527919265e-02
2.001639999999999782e+04 1.557344571359009944e+00 -1.159435657741540900e-02
2.001659999999999854e+04 1.554572568836460000e+00 -1.288187652020965530e-02
2.001679999999999927e+04 1.551407289308240012e+00 -1.271471014856371921e-02
2.001700000000000000e+04 1.548712408759540082e+00 -1.142214926993770016e-02
2.001720000000000073e+04 1.546143450401060049e+00 -1.124119252556510587e-02
2.001739999999999782e+04 1.543532053995599895e+00 -1.081922606769556219e-02
2.001759999999999854e+04 1.541157769277569978e+00 -1.033059520107615196e-02
2.001779999999999927e+04 1.538771802045090009e+00 -1.013031410145782095e-02
2.001800000000000000e+04 1.536489916734760097e+00 -8.863444250121706169e-03
2.001820000000000073e+04 1.534688418152190037e+00 -7.440069155108885481e-03
2.001839999999999782e+04 1.533063204969040028e+00 -6.429533953453805788e-03
2.001859999999999854e+04 1.531727915401049911e+00 -5.555881670841527654e-03
2.001879999999999927e+04 1.530505760487490097e+00 -5.188315521145458152e-03
2.001900000000000000e+04 1.529340047053179941e+00 -3.963754596836856735e-03
2.001920000000000073e+04 1.528682841624690036e+00 -2.465520702036170641e-03
2.001939999999999782e+04 1.528208336321059901e+00 -1.803958943802216105e-03
2.001959999999999854e+04 1.527856341492739967e+00 -8.686693244468507609e-04
2.001979999999999927e+04 1.527813330758589938e+00 2.285201708188146943e-05
2.002000000000000000e+04 1.527872638065449928e+00 9.399634819672541240e-04
2.002020000000000073e+04 1.528252735434419973e+00 1.736688173991125664e-03
2.002039999999999782e+04 1.528679610573600023e+00 2.482858471177744504e-03
2.002059999999999854e+04 1.529403952574909908e+00 3.395549479690144687e-03
2.002079999999999927e+04 1.530251896445800064e+00 3.760434014544930797e-03
2.002100000000000000e+04 1.531144577421500008e+00 3.839862866058715938e-03
2.002120000000000073e+04 1.532029165682939897e+00 4.060237523104367509e-03
2.002139999999999782e+04 1.533023516201190040e+00 5.099693642061715187e-03
2.002159999999999854e+04 1.534387656102319974e+00 5.918011970243006528e-03
2.002179999999999927e+04 1.535759536647030021e+00 5.936382201093601436e-03
2.002200000000000000e+04 1.537132151628699983e+00 5.686526981187729930e-03
2.002220000000000073e+04 1.538388761814029948e+00 5.895969760884000807e-03
2.002239999999999782e+04 1.539858002931780101e+00 5.828007903483252254e-03
2.002259999999999854e+04 1.541083259008400042e+00 5.597905930754717464e-03
2.002279999999999927e+04 1.542446342899999934e+00 6.027427769291215064e-03
2.002300000000000000e+04 1.543869758281469995e+00 5.881129023991270473e-03
2.002320000000000073e+04 1.545165347449710014e+00 5.857901509108468484e-03
2.002339999999999782e+04 1.546578046849359955e+00 5.904006518529258431e-03
2.002359999999999854e+04 1.547894906499790002e+00 5.378663004382694401e-03
2.002379999999999927e+04 1.549065239397390048e+00 4.612380650700504889e-03
2.002400000000000000e+04 1.550028575746090098e+00 4.707833178708235519e-03
2.002420000000000073e+04 1.551242945535179940e+00 4.942069206614098549e-03
2.002439999999999782e+04 1.552314346350659902e+00 4.233455384006555404e-03
2.002459999999999854e+04 1.553201798134900002e+00 3.726294497365989326e-03
2.002479999999999927e+04 1.554039220978320035e+00 3.727889138224787374e-03
2.002500000000000000e+04 1.554927408447910109e+00 3.128630381292461012e-03
2.002520000000000073e+04 1.555488364094449905e+00 2.764972270089638678e-03
2.002539999999999782e+04 1.556208778398489923e+00 2.902510187964853390e-03
2.002559999999999854e+04 1.556833186972800043e+00 2.183034347614905540e-03
2.002579999999999927e+04 1.557221672095169929e+00 2.054255009908710627e-03
2.002600000000000000e+04 1.557786668500529936e+00 2.219883979190069058e-03
2.002620000000000073e+04 1.558251566318300085e+00 1.895794084615729696e-03
2.002639999999999782e+04 1.558667044300009907e+00 1.578766802569919704e-03
2.002659999999999854e+04 1.558985682020640029e+00 1.614623364169464259e-03
2.002679999999999927e+04 1.559417702377349890e+00 1.465709257402659669e-03
2.002750000000000000e+04 1.560520084731970014e+00 1.533211795166388065e-03
2.002820000000000073e+04 1.561913548747229985e+00 1.963436770649363162e-03
2.002889999999999782e+04 1.563710624038209929e+00 2.721993579011064597e-03
2.002959999999999854e+04 1.566328945015829976e+00 3.855823303468521122e-03
2.003029999999999927e+04 1.569956838008049971e+00 4.960664913615320595e-03
2.003100000000000000e+04 1.574359168994649893e+00 5.962086253897892416e-03
2.003170000000000073e+04 1.579604077202320100e+00 6.979262831612893098e-03
2.003239999999999782e+04 1.585648863703670086e+00 7.762175555736392299e-03
2.003309999999999854e+04 1.592157956861619983e+00 8.676658738679130303e-03
2.003479369500000030e+04 1.609637986133509946e+00 9.349451020672085513e-03
2.003579958299999998e+04 1.621307447333540042e+00 1.042512299522384452e-02
2.003681766199999765e+04 1.634003360407189964e+00 1.070375594138489941e-02
2.003784793300000092e+04 1.646624627242980088e+00 1.026255469307517897e-02
2.003889039599999887e+04 1.658567171487560055e+00 8.793565364639233453e-03
2.003994505099999878e+04 1.667924284175269944e+00 5.863216931604542728e-03
2.004101189800000066e+04 1.672944276722130086e+00 1.741119715749345600e-03
2.004209093700000085e+04 1.672264429777180039e+00 -3.149299425243466677e-03
2.004318216699999903e+04 1.665092400291330099e+00 -7.987986063745306647e-03
2.004428558999999950e+04 1.652076406796419983e+00 -1.181027438912113717e-02
2.004540120399999796e+04 1.634897409667150026e+00 -1.397078440290497325e-02
2.004652901099999872e+04 1.615959301823920002e+00 -1.449753543737031768e-02
2.004766900899999746e+04 1.597009962286970008e+00 -1.360780483342051948e-02
2.004882119899999816e+04 1.580016716243890063e+00 -1.163843504378492613e-02
2.004998558199999752e+04 1.565946907233910057e+00 -9.084277279540725614e-03
2.005116215599999850e+04 1.555522903303869997e+00 -6.220464077101092205e-03
2.005235092199999781e+04 1.549010785128779988e+00 -3.276379681660057663e-03
2.005355187899999873e+04 1.546526794664240034e+00 -5.908283736722876132e-04
2.005476502899999832e+04 1.547400430762819967e+00 1.559444106024598497e-03
2.005599037099999987e+04 1.550947787994469973e+00 3.130851700859081741e-03
2.005722790399999940e+04 1.556329386545530102e+00 3.937183152318592984e-03
2.005847762999999759e+04 1.562278296245990017e+00 3.823243085669606866e-03
2.005973954700000104e+04 1.567440906005779899e+00 2.954134211119123672e-03
2.006101365699999951e+04 1.570955563375429964e+00 1.735799676198950025e-03
2.006229995799999961e+04 1.572603735394799918e+00 3.759968223883966088e-04
2.006359845099999802e+04 1.572113676702890039e+00 -9.384021920067970365e-04
2.006490913599999840e+04 1.569817285117169892e+00 -1.959999049387551370e-03
2.006623201300000073e+04 1.566198110362329921e+00 -2.667563385646400630e-03
2.006756708199999775e+04 1.561677838182319977e+00 -3.029610300740978417e-03
2.006891434200000003e+04 1.556863922717560023e+00 -3.044458812110605647e-03
2.007027379500000097e+04 1.552212442339989895e+00 -2.535939221564996460e-03
2.007164544000000024e+04 1.548915074152160010e+00 -1.500521515303299049e-03
2.007302927599999748e+04 1.547483281288390078e+00 -1.688775580422263636e-05
2.007442530500000066e+04 1.548900915490579955e+00 1.982669149635981395e-03
2.007583352499999819e+04 1.553936247259039893e+00 4.139820251492607774e-03
2.007725393699999768e+04 1.562447617143349898e+00 5.946393673000495081e-03
2.007868654099999912e+04 1.573544415004439978e+00 6.983149557835992803e-03
2.008013133699999889e+04 1.585664064319550093e+00 7.113568662454094853e-03
2.008158832500000062e+04 1.597394096948320019e+00 6.225082320098919431e-03
2.008305750500000067e+04 1.606715552812540082e+00 4.225505063573678499e-03
2.008453887699999905e+04 1.611816282490079910e+00 1.468136225146404869e-03
2.008603243999999904e+04 1.611795822826149971e+00 -1.710183696601734731e-03
2.008753819599999770e+04 1.605943338063859915e+00 -4.722466282288736474e-03
2.008905614299999797e+04 1.595369938420079903e+00 -6.870837970661321584e-03
2.009058628300000055e+04 1.581832225034309980e+00 -7.838657096142523373e-03
2.009212861399999747e+04 1.567636280783200053e+00 -7.447642326074415710e-03
2.009368313699999999e+04 1.555275109909739939e+00 -6.041844810275751217e-03
2.009524985200000083e+04 1.545930856960249900e+00 -4.089304393072497497e-03
2.009682875899999999e+04 1.540484072153250006e+00 -2.032899083020579898e-03
2.009841985799999748e+04 1.538543781296729973e+00 -3.369486102444362008e-04
2.010002314900000056e+04 1.539288596069039894e+00 7.635072885815469713e-04
2.010163863199999832e+04 1.541424558723909932e+00 1.214160377301024777e-03
2.010326630699999805e+04 1.543876894660030086e+00 1.212936933866983705e-03
2.010490617299999940e+04 1.546042742693439997e+00 1.008318861683409973e-03
2.010655823199999941e+04 1.547752645319989906e+00 7.512465899502845977e-04
2.010822248200000104e+04 1.548963916786399997e+00 5.796643071657234378e-04
2.010989892400000099e+04 1.550034180533760075e+00 5.523449735031816816e-04
2.011158755799999926e+04 1.551156073793279910e+00 7.326560248261884548e-04
2.011328838499999983e+04 1.552947114397029926e+00 1.145421793009537142e-03
2.011500140299999839e+04 1.555715200488209993e+00 1.810295503186039453e-03
2.011672661299999891e+04 1.560175396940129966e+00 2.594659554959345433e-03
2.011846401400000104e+04 1.566127240736169934e+00 3.096195212481972058e-03
2.012021360799999820e+04 1.572677836153600017e+00 3.283372988072332833e-03
2.012197539400000096e+04 1.579475167190139917e+00 3.100054991768955246e-03
2.012374937099999806e+04 1.585370870861380066e+00 2.232773047570415018e-03
2.012553554099999747e+04 1.588694528996470012e+00 8.192475755611778720e-04
2.012733390199999849e+04 1.588809444775000079e+00 -7.761773678161286482e-04
2.012914445499999783e+04 1.585515666483229946e+00 -2.216646778016346294e-03
2.013096720099999948e+04 1.579572753137109986e+00 -3.320936407937378782e-03
2.013280213799999910e+04 1.571558354319400053e+00 -4.067138251846191994e-03
2.013464926700000069e+04 1.562353435539489910e+00 -4.548094730215630939e-03
2.013650858800000060e+04 1.552168956498779950e+00 -4.999854702648253574e-03
2.013838009999999849e+04 1.540892544256339924e+00 -5.115676684614265876e-03
2.014026380499999868e+04 1.530066157416559935e+00 -4.673868448712302850e-03
2.014215970200000083e+04 1.520572185889139893e+00 -3.780365404139696909e-03
2.014406779000000097e+04 1.513534870605230065e+00 -2.704164152621455191e-03
2.014598807099999976e+04 1.508686932427669936e+00 -1.710918971082726458e-03
2.014792054300000018e+04 1.505987556047589937e+00 -1.089598533646847413e-03
2.014986520699999892e+04 1.503870260268290071e+00 -7.850510661529337599e-04
2.015182206399999995e+04 1.502511023878269958e+00 -4.487670172897155387e-04
2.015379111199999898e+04 1.501894703502210104e+00 6.572494829644590834e-05
2.015577235199999996e+04 1.502867299761430075e+00 8.190163510747760145e-04
2.015776578399999926e+04 1.505706472423949949e+00 1.542768548801395955e-03
2.015977140700000018e+04 1.510040684227530017e+00 1.964842927041536916e-03
2.016178922299999977e+04 1.514882240774960032e+00 2.017304898302815959e-03
2.016381923099999767e+04 1.519516990803210010e+00 1.797583768738225153e-03
2.016586143000000084e+04 1.523383650974919901e+00 1.461469285908329960e-03
2.016791582199999903e+04 1.526481202217710109e+00 9.708113206573608248e-04
2.016998240499999883e+04 1.528057210432890001e+00 3.626118677155652954e-04
2.017206118000000060e+04 1.528274528742920024e+00 -1.359947057873601007e-04
2.017415214800000103e+04 1.527463156084390095e+00 -2.486638739398143840e-04
2.017625530699999945e+04 1.527131976123250023e+00 4.150435765510773105e-04
2.017837065799999982e+04 1.529543235922540045e+00 1.767954453264692022e-03
2.018049820099999852e+04 1.535844728856970098e+00 3.369086707131724572e-03
2.018263793499999883e+04 1.546186440967209919e+00 4.636446816350236338e-03
2.018478986199999781e+04 1.558856316208220072e+00 5.051015975630108665e-03
2.018695398099999875e+04 1.571392506171489956e+00 4.446723265566938747e-03
2.018913029099999767e+04 1.581179613939680095e+00 3.018018915143758432e-03
2.019131879399999889e+04 1.586648757060119985e+00 1.055102251940333215e-03
2.019351948799999809e+04 1.586584073768859904e+00 -1.161593872742000891e-03
2.019573237399999925e+04 1.580799153742100005e+00 -3.348836897531118004e-03
2.019795745299999908e+04 1.569506480064869924e+00 -5.347469152965126336e-03
2.020019472300000052e+04 1.553341275538520083e+00 -6.919676392502262068e-03
2.020244418500000029e+04 1.533762601090489897e+00 -7.896641321438526220e-03
2.020470583799999804e+04 1.512320007260429922e+00 -8.159029885265931675e-03
2.020697968399999809e+04 1.491147015045440005e+00 -7.594059819370287123e-03
2.020926572200000010e+04 1.472446612953560052e+00 -6.249447406191123260e-03
2.021156395200000043e+04 1.458169853146630057e+00 -4.153141995381913996e-03
2.021387437299999874e+04 1.450436934622099994e+00 -1.615665805878494649e-03
2.021619698699999935e+04 1.449603008273889992e+00 6.988804950065256004e-04
2.021853179199999795e+04 1.454258130038400099e+00 2.060107725114888096e-03
2.022087878899999851e+04 1.460794641408670103e+00 2.351683172181919142e-03
2.022323797800000102e+04 1.467090717985680026e+00 1.851641572256670443e-03
2.022560935899999822e+04 1.470965439039310096e+00 1.094024716464419558e-03
2.022799293200000102e+04 1.473158997565300110e+00 7.123035380441586654e-04
2.023038869699999850e+04 1.474960655861500047e+00 8.231845797092402720e-04
2.023279665399999794e+04 1.477788931605289902e+00 1.290658511601848859e-03
2.023521680299999935e+04 1.482217267092539981e+00 1.937838005433780483e-03
2.023764914299999873e+04 1.488704274477880007e+00 2.531818937354549364e-03
2.024009367600000041e+04 1.496528511673260065e+00 2.968947889457232685e-03
2.024255040000000008e+04 1.505558151197549988e+00 3.181809744923634348e-03
2.024501931699999841e+04 1.514675525512400034e+00 3.045761332872700018e-03
2.024750042499999836e+04 1.523018270373839966e+00 2.573485542445619594e-03
2.024999372500000027e+04 1.529512043270450095e+00 1.853303343134349431e-03
2.025249921700000050e+04 1.533775330275110038e+00 1.083696232068717853e-03
2.025501690099999905e+04 1.535862789191950073e+00 4.381720349287370050e-04
2.025754677699999957e+04 1.536398848638169889e+00 8.820927619359553661e-05
2.026008884499999840e+04 1.536451756688850034e+00 5.098479792405745322e-05
2.026264310499999920e+04 1.536771843688230055e+00 -1.209998448863958932e-05
2.026520955599999797e+04 1.536453952388689981e+00 -3.434818731384174434e-04
2.026778819999999905e+04 1.534807561413080057e+00 -8.507359075414882817e-04
2.027037903499999811e+04 1.531455944936860103e+00 -1.428270814251893922e-03
2.027298206199999913e+04 1.526326284269480027e+00 -1.903818249389644833e-03
2.027559728199999881e+04 1.520072729376799936e+00 -2.411183370490585162e-03
2.027822469300000012e+04 1.511821991467980020e+00 -3.038698696898702641e-03
2.028086429599999974e+04 1.501688933250290070e+00 -3.504945921980264899e-03
2.028351609099999769e+04 1.490507603813759907e+00 -3.582625677519518659e-03
2.028618007799999759e+04 1.479800063764399987e+00 -3.223168939405091690e-03
2.028885625599999912e+04 1.470732296002750017e+00 -2.681272877480469097e-03
2.029154462699999931e+04 1.463287342230469967e+00 -2.241404048818427391e-03
2.029424518999999782e+04 1.456878494197419993e+00 -1.991933171956734860e-03
2.029695794399999795e+04 1.450928444743210033e+00 -1.696134498348645303e-03
2.029968289100000038e+04 1.446319084159900070e+00 -1.112383320761690204e-03
2.030242002900000080e+04 1.443999207159160081e+00 -1.576329863820384646e-04
2.030516935899999953e+04 1.445400513167560019e+00 9.912415255059800045e-04
2.030793088100000023e+04 1.450378868813299915e+00 1.886434645976784851e-03
2.031070459499999924e+04 1.457523480339609989e+00 2.280365550948146389e-03
2.031349050100000022e+04 1.465081246548540106e+00 2.306889596221342598e-03
2.031628859899999952e+04 1.472461167689429917e+00 2.265092019172296797e-03
2.031909888900000078e+04 1.479813793250629894e+00 2.194239646076117690e-03
2.032192137100000036e+04 1.486797463049400081e+00 1.996461363818011897e-03
2.032475604399999793e+04 1.492921683159299961e+00 1.729490758929515780e-03
2.032760290999999779e+04 1.498212413368259943e+00 1.403316202383893003e-03
2.033046196699999928e+04 1.502239053309639916e+00 1.035761370956327782e-03
2.033333321699999942e+04 1.505140367411959890e+00 6.558544968343563023e-04
2.033621665799999755e+04 1.506674932987769999e+00 2.910108796229445992e-04
2.033911229099999764e+04 1.507163206458810079e+00 -4.992667778655152322e-05
2.034202011599999969e+04 1.506424226833400049e+00 -4.678165262901250545e-04
2.034494013300000006e+04 1.504102530494870082e+00 -9.025362542876537659e-04
2.034787234199999875e+04 1.500416477582060093e+00 -1.183790637119985778e-03
2.035081674299999941e+04 1.496163431022899948e+00 -1.189385411158765723e-03
2.035377333499999804e+04 1.492406359268479976e+00 -9.307346928595440537e-04
2.035674211999999898e+04 1.489887874105630061e+00 -6.346791198837655390e-04
2.035972309599999789e+04 1.488136595007889973e+00 -5.347188889405132123e-04
2.036271626499999911e+04 1.486289377856049976e+00 -7.474831937288136567e-04
2.036572162499999831e+04 1.483051394399740097e+00 -1.243396090225859464e-03
2.036873917699999947e+04 1.477738570842920041e+00 -1.760865294964656996e-03
2.037176892099999895e+04 1.470856735724719977e+00 -1.951972262711232494e-03
2.037481085800000074e+04 1.464156434905699911e+00 -1.645554236835860629e-03
2.037786498500000016e+04 1.459374489196469948e+00 -9.767961796048050312e-04
2.038093130499999825e+04 1.457349124761939896e+00 -3.197715291050948596e-04
2.038400981699999829e+04 1.457196571391679907e+00 -2.543040348761015692e-05
2.038710052100000030e+04 1.457256918809860080e+00 -4.568164684952203726e-05
2.039020341600000029e+04 1.456959335830060098e+00 -1.541654661834852055e-04
2.039331850399999894e+04 1.456240741862810051e+00 -3.220832037424214522e-04
2.039644578299999921e+04 1.454730205093849982e+00 -4.406378355081146418e-04
2.039958525499999814e+04 1.453146003572099998e+00 -2.798800881967290375e-04
2.040273691799999870e+04 1.452789885932449954e+00 1.574190590877343578e-04
2.040590077299999757e+04 1.454383511814679952e+00 6.229934685451366796e-04
2.040907681999999841e+04 1.457436574447430022e+00 8.496948675325985065e-04
2.041226505899999756e+04 1.460712147879700051e+00 7.132968035517955061e-04
2.041546548999999868e+04 1.462784407408799892e+00 3.684568804320793715e-04
2.041867811199999778e+04 1.463529737102519990e+00 2.170147124487164090e-05
2.042190292699999918e+04 1.463038135286349961e+00 -2.650706905810059082e-04
2.042513993399999890e+04 1.461647147144760073e+00 -4.079985770080107811e-04
2.042838913200000025e+04 1.460079197454160038e+00 -3.755835360320687469e-04
2.043165052300000025e+04 1.458920494283439950e+00 -2.109823328366099648e-04
2.043492410499999824e+04 1.458582973226939972e+00 9.620448194823098711e-05
2.043820987899999818e+04 1.459742670705370005e+00 4.480656544511587799e-04
2.044150784500000009e+04 1.462080063256969931e+00 7.366189769372241247e-04
2.044481800300000032e+04 1.465451957188040000e+00 8.306302345736980928e-04
2.044814035299999887e+04 1.468529579261740103e+00 5.927623454555708748e-04
2.045147489499999938e+04 1.470098865765580021e+00 1.324730137883496162e-04
2.045482162899999821e+04 1.469646522706089975e+00 -3.545639084369904678e-04
2.045818055399999866e+04 1.467453085285870040e+00 -6.385081333470654652e-04
2.046155167199999778e+04 1.464787078063960024e+00 -6.158614008522471112e-04
2.046493498199999885e+04 1.462752459704490082e+00 -5.352585147330439930e-04
2.046833048299999791e+04 1.460699676231240085e+00 -6.350513562323929512e-04
2.047173817599999893e+04 1.457867320179939918e+00 -8.979229688500056476e-04
2.047515806099999827e+04 1.453726983339159951e+00 -1.121449543178696306e-03
2.047859013899999991e+04 1.449103224985669902e+00 -1.120968499448868946e-03
2.048203440799999953e+04 1.444935514612170069e+00 -8.676140475190185098e-04
2.048549086800000077e+04 1.442297058194689896e+00 -4.650544334301730557e-04
2.048895952100000068e+04 1.441320633466030010e+00 -1.198345699944864431e-04
2.049244036599999890e+04 1.441436507304709957e+00 8.083819392582819615e-05
2.049593340299999909e+04 1.442071169882660042e+00 1.375477473177392834e-04
2.049943863100000090e+04 1.442647404656050014e+00 8.594514726940933214e-05
2.050295605199999773e+04 1.442868319564210022e+00 1.537911216873869653e-05
2.050648566399999982e+04 1.442873772240460095e+00 -9.886908055406692117e-05
2.051002746800000023e+04 1.442163665565189934e+00 -2.175737619126943251e-04
2.051358146499999930e+04 1.441195197943569983e+00 -2.941061923255053811e-04
2.051714765299999999e+04 1.439850821961800031e+00 -3.612148416911583411e-04
2.052072603299999901e+04 1.438321435852210062e+00 -3.737739899352508386e-04
2.052431660499999998e+04 1.436863407005740001e+00 -3.213966333490345649e-04
2.052791936899999928e+04 1.435758413099740061e+00 -2.373846218544129231e-04
2.053153432400000020e+04 1.434991072234520049e+00 -1.157514639165476572e-04
2.053516147199999978e+04 1.434895734675170065e+00 7.881317300630366564e-05
2.053880081100000098e+04 1.435756127487010092e+00 2.611718493442196677e-04
2.054245234300000084e+04 1.437196826466500044e+00 2.290240281112857954e-04
2.054611606599999868e+04 1.437793677360760025e+00 -2.885699241883779207e-05
2.054979198199999882e+04 1.437058120002580042e+00 -1.957308286104884898e-04
2.055348008900000059e+04 1.436237174744960043e+00 -1.557114915037543092e-04
2.055718038800000068e+04 1.435837491523819898e+00 -1.992361954127101710e-04
2.056089287899999908e+04 1.434640394615189996e+00 -2.496114272430084474e-04
2.056461756199999945e+04 1.433803348953669898e+00 -1.101908874256999282e-04
2.056835443699999814e+04 1.433799428773310014e+00 1.004561486420585024e-04
2.057210350299999845e+04 1.434778376510170039e+00 3.333018422393991946e-04
2.057586476200000106e+04 1.436794587112409927e+00 5.573858374733297021e-04
2.057963821299999836e+04 1.439730621353179973e+00 6.767358735541573189e-04
2.058342385500000091e+04 1.442803404315829985e+00 4.952780717851846051e-04
2.058722168899999815e+04 1.444171688385119889e+00 5.090415886745090486e-05
2.059103171599999769e+04 1.443359508322630047e+00 -4.459519921781504429e-04
2.059485393399999884e+04 1.440355842417500032e+00 -8.134609977818013085e-04
2.059868834399999832e+04 1.436286022941170026e+00 -9.855726085176166017e-04
2.060253494599999976e+04 1.431735082976240081e+00 -1.078087298845516184e-03
2.060639373999999953e+04 1.426815701081280086e+00 -1.084432027733240374e-03
2.061026472599999761e+04 1.422178226732009998e+00 -8.915556770467307837e-04
2.061414790300000095e+04 1.418953674775490059e+00 -5.614170223848053082e-04
2.061804327299999932e+04 1.417253334231759920e+00 -2.736038559541409290e-04
2.062195083499999964e+04 1.416603569507620008e+00 -1.008021431250315762e-04
2.062587058799999795e+04 1.416455904938090038e+00 -1.863925805395415358e-05
2.062980253299999822e+04 1.416547717051350075e+00 -2.115628818443205392e-04
2.063374667100000079e+04 1.414647351188329960e+00 -5.683269177633087834e-04
2.063770299999999770e+04 1.411482668217520109e+00 -5.945865947462723343e-04
2.064167152100000021e+04 1.409326648998570075e+00 -3.117835229778354012e-04
2.064565223400000104e+04 1.408738452140809949e+00 3.158699674628380260e-05
2.064964513900000020e+04 1.409731837237399921e+00 2.894403905706572169e-04
2.065365023599999768e+04 1.411523491389520046e+00 3.493596366843320332e-04
2.065766752400000041e+04 1.413079787289329925e+00 2.564627480516491059e-04
2.066169700499999817e+04 1.414019449456080046e+00 1.347323498964627796e-04
2.066573867799999789e+04 1.414450116071769958e+00 2.604775162903468733e-05
2.066979254199999923e+04 1.414379112315409914e+00 -7.882355434481193009e-05
2.067385859799999889e+04 1.413828712575950108e+00 -1.487474663671882935e-04
2.067793684700000085e+04 1.413099018734049972e+00 -1.656710994864838229e-04
2.068202728700000080e+04 1.412385339827979980e+00 -1.268981367533348020e-04
2.068612991899999906e+04 1.412017728774229930e+00 -5.594306617391428543e-05
2.069024474299999929e+04 1.411973328299509944e+00 6.682925438478586694e-07
2.069437175899999784e+04 1.412142636788229932e+00 5.989532575675396398e-05
2.069851096699999835e+04 1.412663278022810109e+00 1.078928938654267073e-04
2.070266236600000047e+04 1.413293581617800054e+00 9.457216266022281737e-05
2.070682595799999763e+04 1.413689858503820007e+00 1.105780616458275628e-05
2.071100174200000038e+04 1.413519898310880096e+00 -1.635003093517353257e-04
2.071518971699999747e+04 1.412232958286889994e+00 -3.560742024948095551e-04
2.071938988400000017e+04 1.410195666868780062e+00 -4.453773034732709827e-04
2.072360224399999788e+04 1.408032575662389929e+00 -4.329225543540817086e-04
2.072782679500000086e+04 1.406104305121079978e+00 -4.219668851670711155e-04
2.073206353799999852e+04 1.404036306267580025e+00 -4.924869020101392027e-04
2.073631247299999814e+04 1.401406329922940008e+00 -5.665498174977232288e-04
2.074057359999999971e+04 1.398597884199850094e+00 -5.335445790864181944e-04
2.074484691899999962e+04 1.396277208405579895e+00 -4.084098393593469864e-04
2.074913242899999750e+04 1.394689377531519892e+00 -2.746765345722577273e-04
2.075343013199999768e+04 1.393681477160110038e+00 -2.522875667160194004e-04
2.075774002599999949e+04 1.392308544328690001e+00 -3.527642990145719317e-04
2.076206211299999995e+04 1.390293565015050081e+00 -4.659850463539385690e-04
2.076639639099999840e+04 1.387780665354340082e+00 -4.712092890959498643e-04
2.077074286099999881e+04 1.385700626256239909e+00 -3.501949992038600216e-04
2.077510152399999788e+04 1.384389838658210081e+00 -1.973967465176844393e-04
2.077947237799999857e+04 1.383838731819569956e+00 -2.768813352327489165e-05
2.078385542399999758e+04 1.384236206493830057e+00 1.450887985375872141e-04
2.078825066199999856e+04 1.385433972993729945e+00 2.960116557441244689e-04
2.079265809099999751e+04 1.387368160056090094e+00 3.804254464594157602e-04
2.079707771299999877e+04 1.389434008060639991e+00 3.381755484868629365e-04
2.080150952699999834e+04 1.390947916374360105e+00 1.643855483966857748e-04
2.080595353199999954e+04 1.391244516951849919e+00 -6.273552642903637772e-05
2.081040972999999940e+04 1.390431946644580030e+00 -2.344153432910479028e-04
2.081487811900000088e+04 1.388959970662879906e+00 -3.021083839331631360e-04
2.081935870000000068e+04 1.387442465855110107e+00 -2.465891927448361711e-04
2.082385147299999880e+04 1.386536946223410061e+00 -1.309247632353024418e-04
2.082835643799999889e+04 1.386213191926150001e+00 -3.625223330542174613e-05
2.083287359500000093e+04 1.386289489913359985e+00 3.312079594596883265e-06
2.083740294399999766e+04 1.386377880167170007e+00 -3.603493136742847363e-05
2.084194448499999999e+04 1.386042969443840089e+00 -1.540325460262069067e-04
2.084649821800000063e+04 1.384892874878439928e+00 -2.717389066703912101e-04
2.085106414199999926e+04 1.383315906062400069e+00 -3.153048332362227784e-04
2.085564225900000019e+04 1.381699052891290025e+00 -3.159216902369956924e-04
2.086023256699999911e+04 1.380107044238509939e+00 -3.365064042626385895e-04
2.086483506800000032e+04 1.378263402852520025e+00 -3.830794093744323389e-04
2.086944975999999951e+04 1.376167170570359977e+00 -4.055837198027976032e-04
2.087407664400000067e+04 1.374073233926609960e+00 -4.052033389714256115e-04
2.087871572000000015e+04 1.371970011003510015e+00 -3.855791877148827978e-04
2.088336698799999795e+04 1.370075306315700070e+00 -3.466888135529440319e-04
2.088803044799999770e+04 1.368379402784609900e+00 -3.327411178391002445e-04
2.089270609999999942e+04 1.366625535768539956e+00 -3.211647864943734023e-04
2.089739394299999913e+04 1.365045645027620047e+00 -2.630135217771712038e-04
2.090209397899999749e+04 1.363912741557540054e+00 -1.573171822992803517e-04
2.090680620599999747e+04 1.363473226777780045e+00 -2.105479752766889050e-05
2.091153062599999976e+04 1.363819324052069959e+00 6.265526643212029206e-05
2.091626723700000002e+04 1.364293019120990103e+00 6.630889589740474066e-05
2.092101603999999861e+04 1.364681200627620106e+00 4.315411463289685080e-05
2.092577703599999950e+04 1.364903142083569998e+00 6.223589841848870907e-06
2.093055022299999837e+04 1.364886783137329918e+00 -4.458752020910186116e-05
2.093533560199999920e+04 1.364549079313190028e+00 -1.177685335616944213e-04
2.094013317199999801e+04 1.363722969356359949e+00 -1.855027593194147047e-04
2.094494293499999912e+04 1.362631753123459966e+00 -2.201516548177314238e-04
2.094976488999999856e+04 1.361415863849789964e+00 -2.192227858347933246e-04
2.095459903699999995e+04 1.360329151748340015e+00 -1.982298895409192118e-04
2.095944537499999933e+04 1.359341837884479931e+00 -1.647055160759241176e-04
2.096430390500000067e+04 1.358625150760180089e+00 -1.037418049611458842e-04
2.096917462800000067e+04 1.358317656164770071e+00 -3.241500701056249372e-05
2.097405754199999865e+04 1.358400797790890069e+00 3.044679159656649312e-06
2.097895264799999859e+04 1.358492645683980093e+00 3.796385048446090066e-06
