# energy mu dmude
8.144461656000000403e+03 6.940931990868729473e-01 4.050449901260098608e-05
8.149461656000000403e+03 6.934467949349020222e-01 2.662112710888852701e-05
8.154461656000000403e+03 6.925142740494150129e-01 -6.617453491873063240e-07
8.159461656000000403e+03 6.913056083371560412e-01 2.458322896506951207e-06
8.164461656000000403e+03 6.904373876620929495e-01 -1.160014850184975677e-06
8.169461656000000403e+03 6.891541531070469739e-01 -2.712880787730207892e-05
8.174461656000000403e+03 6.877507521972540117e-01 -1.275933556648093474e-05
8.179461656000000403e+03 6.867636522202079652e-01 -6.970327053752263279e-06
8.184461656000000403e+03 6.854795546192540279e-01 -1.463479286950876517e-06
8.189461656000000403e+03 6.846059430156330450e-01 7.089183417281437831e-06
8.194461655999999493e+03 6.834981037424670003e-01 -8.898330581773073283e-06
8.199461655999999493e+03 6.822950120014430464e-01 -9.421670589103477646e-06
8.204461655999999493e+03 6.811763874281020481e-01 3.667642080973437381e-06
8.209461655999999493e+03 6.802430479786040207e-01 -3.370570340276418139e-06
8.214461655999999493e+03 6.789793757639750460e-01 -1.186252883832048691e-05
8.219461655999999493e+03 6.778710290148479700e-01 1.600575622593005494e-06
8.224461655999999493e+03 6.768848124138879818e-01 -3.704891688577187110e-06
8.229461655999999493e+03 6.756671274587849885e-01 9.920015472416638676e-06
8.234461655999999493e+03 6.749617009971660142e-01 9.642633843995895452e-06
8.239461655999999493e+03 6.737382995975269573e-01 -7.780381663277994680e-06
8.244461655999999493e+03 6.726738093350159708e-01 1.458997232088460567e-06
8.249461655999999493e+03 6.716408185162929811e-01 1.937836690282611742e-05
8.254461655999999493e+03 6.709456212146289733e-01 2.184361481023030117e-05
8.259461655999999493e+03 6.699634356817879555e-01 2.102742587334598140e-05
8.264461655999999493e+03 6.692514178761299615e-01 4.250470194447164920e-05
8.269461655999999493e+03 6.687118487420220525e-01 3.462595225369731022e-05
8.274461655999999493e+03 6.678374610062529637e-01 2.923481608828162992e-05
8.279461655999999493e+03 6.671867881517890009e-01 4.262605232508275829e-05
8.284461655999999493e+03 6.665883749268509684e-01 5.211495392587865309e-05
8.289461655999999493e+03 6.661332549646890033e-01 6.279604002954407814e-05
8.294461655999999493e+03 6.657549638748909704e-01 8.079231823579640661e-05
8.299461655999999493e+03 6.656707218501299872e-01 9.332961508875339568e-05
8.304559999999999491e+03 6.655487990211490512e-01 8.047236079458942014e-05
8.305559999999999491e+03 6.653846320757279553e-01 1.823447028162364977e-04
8.306559999999999491e+03 6.658748627103839857e-01 2.245791143704548715e-04
8.307559999999999491e+03 6.658847741078850468e-01 1.497334642811872646e-04
8.308559999999999491e+03 6.660665120641060533e-01 1.333594368127454747e-04
8.309559999999999491e+03 6.660089343345240165e-01 4.340424629743168047e-04
8.310559999999999491e+03 6.674300029931959921e-01 2.009817858598381742e-04
8.311559999999999491e+03 6.664118148282019982e-01 -3.635998121502682061e-05
8.311760000000000218e+03 6.670847777603029494e-01 1.373928847974619947e-03
8.311959999999999127e+03 6.674593023784980428e-01 1.354112074679180572e-03
8.312159999999999854e+03 6.681159294795530057e-01 1.985767025281465117e-03
8.312359999999998763e+03 6.690111548394089835e-01 1.357906962323622352e-03
8.312559999999999491e+03 6.691502094903000186e-01 -4.768113622106432596e-04
8.312760000000000218e+03 6.685329964668039748e-01 -2.168169784555606851e-03
8.312959999999999127e+03 6.672777905580520308e-01 -1.875927759191972199e-03
8.313159999999999854e+03 6.669014853897170525e-01 6.286817488844588606e-04
8.313359999999998763e+03 6.677109384014450200e-01 1.628868320876439464e-03
8.313559999999999491e+03 6.681591306732690416e-01 1.554290106984451301e-03
8.313760000000000218e+03 6.689071056086439704e-01 1.740475329464682974e-03
8.313959999999999127e+03 6.695087784846109891e-01 9.004355295207418100e-04
8.314159999999999854e+03 6.695642719529469877e-01 -7.484226860773877162e-04
8.314359999999998763e+03 6.688067190444300092e-01 -2.569811648455187954e-03
8.314559999999999491e+03 6.673607621043450289e-01 -2.852070114510083226e-03
8.314760000000000218e+03 6.663705312242840240e-01 -3.791143584986320959e-04
8.314959999999999127e+03 6.669631396354700481e-01 2.781055076780488376e-03
8.315159999999999854e+03 6.685779743329920422e-01 3.914965275717507270e-03
8.315359999999998763e+03 6.701053144058239930e-01 1.616976786090816576e-03
8.315559999999999491e+03 6.698258169054650546e-01 -1.111738303391470069e-03
8.315760000000000218e+03 6.691037580469300083e-01 -1.590026401161459329e-03
8.315959999999999127e+03 6.684299867947449680e-01 -1.406163330445978077e-03
8.316159999999999854e+03 6.678594942893180120e-01 -1.206124981350470491e-04
8.316359999999998763e+03 6.682454586905760552e-01 2.252811094338264594e-03
8.316559999999999491e+03 6.696314828303490119e-01 4.354840179043763769e-03
8.316760000000000218e+03 6.717502415402170080e-01 3.214231387618958317e-03
8.316959999999999127e+03 6.721960120762090485e-01 -2.194814383608816868e-04
8.317159999999999854e+03 6.714842114539080198e-01 -2.104985187278947314e-03
8.317359999999998763e+03 6.703756789649180092e-01 -2.671592798139424321e-03
8.317559999999999491e+03 6.691967989618180512e-01 -1.844884733186388098e-03
8.317760000000000218e+03 6.687697580089000393e-01 4.857070523327336226e-04
8.317959999999999127e+03 6.695120865233239460e-01 3.154589875940816586e-03
8.318159999999999854e+03 6.712851221538850277e-01 3.647399473068553034e-03
8.318359999999998763e+03 6.724336951257889883e-01 1.146506742637140629e-03
8.318559999999999491e+03 6.721451357378860347e-01 -1.965603223179745746e-03
8.318760000000000218e+03 6.707282606502269484e-01 -2.452139882329888287e-03
8.318959999999999127e+03 6.700386278613820190e-01 -7.940242874895226928e-04
8.319159999999999854e+03 6.699886098199150375e-01 1.529850612637294978e-03
8.319359999999998763e+03 6.712146485268279950e-01 3.054911302678794353e-03
8.319559999999999491e+03 6.724218045669150268e-01 3.198849025567037773e-03
8.319760000000000218e+03 6.737664974203629864e-01 1.932555210706579218e-03
8.319959999999999127e+03 6.739297922068699931e-01 -9.075598677965886598e-04
8.320159999999999854e+03 6.729332542564290254e-01 -2.844968949025312131e-03
8.320359999999998763e+03 6.714994581873440227e-01 -1.385078133345725828e-03
8.320559999999999491e+03 6.717063719469600347e-01 2.297381334135983888e-03
8.320760000000000218e+03 6.733081879221259891e-01 4.125327118385121832e-03
8.320959999999999127e+03 6.750219571645680317e-01 2.151193654754903536e-03
8.321159999999999854e+03 6.749964087730500051e-01 -9.244661446667620580e-04
8.321359999999998763e+03 6.741747774188080466e-01 -2.604240666826585556e-03
8.321559999999999491e+03 6.727645175820969881e-01 -1.796050249363194363e-03
8.321760000000000218e+03 6.726091128589779533e-01 2.272910721269845013e-03
8.321959999999999127e+03 6.745530751227699628e-01 5.901846691293691216e-03
8.322159999999999854e+03 6.773891606891350170e-01 4.943535362672166374e-03
8.322359999999998763e+03 6.785431451033440142e-01 -1.311350550952557203e-03
8.322559999999999491e+03 6.762230552433580177e-01 -5.631083127071659887e-03
8.322760000000000218e+03 6.738160955787929618e-01 -2.556737807822749564e-03
8.322959999999999127e+03 6.740303227321410295e-01 4.023144674010387632e-03
8.323159999999999854e+03 6.770474473481870037e-01 7.957415523736514895e-03
8.323359999999998763e+03 6.805048656573929877e-01 5.160850034250905743e-03
8.323559999999999491e+03 6.812166592963130318e-01 -1.909651736321247304e-03
8.323760000000000218e+03 6.788455544342120174e-01 -5.736397845891132163e-03
8.323959999999999127e+03 6.764027942530500548e-01 -2.001565181328034473e-03
8.324159999999999854e+03 6.771104749471500428e-01 4.654455121622702411e-03
8.324359999999998763e+03 6.801545627752559886e-01 6.141501312642398680e-03
8.324559999999999491e+03 6.820880805403860547e-01 2.297052488289932307e-03
8.324760000000000218e+03 6.819630214280559821e-01 -1.828243545372359481e-03
8.324959999999999127e+03 6.804958776417240340e-01 -2.341238844043836385e-03
8.325159999999999854e+03 6.799479341172129931e-01 2.258870273853904025e-03
8.325359999999998763e+03 6.822728610288569806e-01 7.117384185294109954e-03
8.325559999999999491e+03 6.857300025506110064e-01 4.280352643773060323e-03
8.325760000000000218e+03 6.857162405524840354e-01 -2.502423199654415543e-03
8.325959999999999127e+03 6.835820439412360061e-01 -2.293894737100872407e-03
8.326159999999999854e+03 6.837401810551250181e-01 3.128314357635142515e-03
8.326359999999998763e+03 6.860757480297989819e-01 7.507214707151989644e-03
8.326559999999999491e+03 6.898436038001769521e-01 4.902483601546874827e-03
8.326760000000000218e+03 6.900319772521670281e-01 -2.125435772408573471e-03
8.326959999999999127e+03 6.880064123790849973e-01 -1.615177151519023432e-03
8.327159999999999854e+03 6.886154142803300182e-01 5.497742935357042594e-03
8.327359999999998763e+03 6.924533398478429636e-01 8.385608707228467754e-03
8.327559999999999491e+03 6.954429355333949792e-01 3.574741850738170652e-03
8.327760000000000218e+03 6.953150536014029992e-01 -2.097584487051936102e-03
8.327959999999999127e+03 6.936287031422729843e-01 -7.256105309227507639e-04
8.328159999999999854e+03 6.946317992162549526e-01 6.265404574367387444e-03
8.328359999999998763e+03 6.987084476013769585e-01 8.133840229130431462e-03
8.328559999999999491e+03 7.012517767254650147e-01 4.599765690299981689e-03
8.328760000000000218e+03 7.024151332386739943e-01 2.439136455948465784e-03
8.328959999999999127e+03 7.031773613934449996e-01 3.228975017808265527e-03
8.329159999999999854e+03 7.049918163023219941e-01 7.483440069370207552e-03
8.329359999999998763e+03 7.092611856670310022e-01 9.456531602007614556e-03
8.329559999999999491e+03 7.127021460334039826e-01 6.914729932976829141e-03
8.329760000000000218e+03 7.148761973562910432e-01 7.129860575950781876e-03
8.329959999999999127e+03 7.184944993000990099e-01 1.084778545895445298e-02
8.330159999999999854e+03 7.237333983569800289e-01 1.362265192785050948e-02
8.330359999999998763e+03 7.296391438282809894e-01 1.221551491630722477e-02
8.330559999999999491e+03 7.337180784380690213e-01 1.235821780235707955e-02
8.330760000000000218e+03 7.397414601260440259e-01 1.951839879496766392e-02
8.330959999999999127e+03 7.497228444034780281e-01 2.632838784533003684e-02
8.331159999999999854e+03 7.613599972585199938e-01 2.808028556299111897e-02
8.331359999999998763e+03 7.727855472787069635e-01 3.237418375840379198e-02
8.331559999999999491e+03 7.879623478050540308e-01 4.397026757307807843e-02
8.331760000000000218e+03 8.089470557753359881e-01 5.552955791369904026e-02
8.331959999999999127e+03 8.336526837850930516e-01 6.336760317975302648e-02
8.332159999999999854e+03 8.610986345261539832e-01 7.023958391264976953e-02
8.332359999999998763e+03 8.914691361522529833e-01 7.891825098965526974e-02
8.332559999999999491e+03 9.260692909082050006e-01 8.531365630273174405e-02
8.332760000000000218e+03 9.617118042343110185e-01 8.837352522797710386e-02
8.332959999999999127e+03 9.988343424799189796e-01 9.174532989291436791e-02
8.333159999999999854e+03 1.037256381539330086e+00 9.045413258261175704e-02
8.333359999999998763e+03 1.073314529493269998e+00 8.591675603336659806e-02
8.333559999999999491e+03 1.107996211048740021e+00 8.574721111297599341e-02
8.333760000000000218e+03 1.143914595726059913e+00 8.390537516855699207e-02
8.333959999999999127e+03 1.177077971533170064e+00 7.643798174119592614e-02
8.334159999999999854e+03 1.206840657925859928e+00 7.276183359004607942e-02
8.334359999999998763e+03 1.236973624382210035e+00 6.966789751221094673e-02
8.334559999999999491e+03 1.264185844244329893e+00 6.228260383367258124e-02
8.334760000000000218e+03 1.288230790822129990e+00 5.831383196594418922e-02
8.334959999999999127e+03 1.312171378833369983e+00 5.142140341107673263e-02
8.335159999999999854e+03 1.330534595762820071e+00 4.469659014810221931e-02
8.335359999999998763e+03 1.348931626725669908e+00 4.156776764589384388e-02
8.335559999999999491e+03 1.364715618722470047e+00 3.591167160310917983e-02
8.335760000000000218e+03 1.378450082881260030e+00 3.219249514923000488e-02
8.335959999999999127e+03 1.391168195419439924e+00 2.925515074348818481e-02
8.336159999999999854e+03 1.402481278396739972e+00 2.582558938735702442e-02
8.336359999999998763e+03 1.412372253840519898e+00 2.345714171191306055e-02
8.336559999999999491e+03 1.421732922038180025e+00 2.076738858101037644e-02
8.336760000000000218e+03 1.429406616593460022e+00 1.890152117572331189e-02
8.336959999999999127e+03 1.437229168861059891e+00 1.932411817965449391e-02
8.337159999999999854e+03 1.445251228569119917e+00 1.942523610374867482e-02
8.337359999999998763e+03 1.453157136754410050e+00 2.048672815204256176e-02
8.337559999999999491e+03 1.462054230682160005e+00 2.292017705038328773e-02
8.337760000000000218e+03 1.471966136991909924e+00 2.486440349314166659e-02
8.337959999999999127e+03 1.482465941623789973e+00 2.771496461198058939e-02
8.338159999999999854e+03 1.494727689864350006e+00 3.176487052115625070e-02
8.338359999999998763e+03 1.508566008677989956e+00 3.380910736706620873e-02
8.338559999999999491e+03 1.522512910562610067e+00 3.572340935536135603e-02
8.338760000000000218e+03 1.537929272046860030e+00 3.855849336827472940e-02
8.338959999999999127e+03 1.554213257408310067e+00 3.815255755057853776e-02
8.339159999999999854e+03 1.569294988282700087e+00 3.728154040643032879e-02
8.339359999999998763e+03 1.584860956200409898e+00 3.759464791509423143e-02
8.339559999999999491e+03 1.600200795258430064e+00 3.710860761977910482e-02
8.339760000000000218e+03 1.615366098949700069e+00 3.560830855382742660e-02
8.339959999999999127e+03 1.629469176013379927e+00 3.329490776868326840e-02
8.340159999999999854e+03 1.642727442478969957e+00 3.187940073671914620e-02
8.340359999999998763e+03 1.655663655322449967e+00 3.051973292532498064e-02
8.340559999999999491e+03 1.667801088274220023e+00 3.062881737046803041e-02
8.340760000000000218e+03 1.680827224186469904e+00 3.175179219437899991e-02
8.340959999999999127e+03 1.693890374292909895e+00 3.146520053254195370e-02
8.341159999999999854e+03 1.706680260191240084e+00 3.260317892578352278e-02
8.341359999999998763e+03 1.720681495549430062e+00 3.451693184978735229e-02
8.341559999999999491e+03 1.735048971500579906e+00 3.753084861102736619e-02
8.341760000000000218e+03 1.751534709974710058e+00 3.778630986751930348e-02
8.341959999999999127e+03 1.766112773787960055e+00 4.071651781555147426e-02
8.342159999999999854e+03 1.785014010550050045e+00 4.411913471424710326e-02
8.342359999999998763e+03 1.802396999965560020e+00 4.607539200815135433e-02
8.342559999999999491e+03 1.822910864987500101e+00 5.200781968351923107e-02
8.342760000000000218e+03 1.845184213431450004e+00 5.132174365396623833e-02
8.342959999999999127e+03 1.865132516041180022e+00 5.521628513551394418e-02
8.343159999999999854e+03 1.890616304988979923e+00 5.943703656190201662e-02
8.343359999999998763e+03 1.914043957196130075e+00 5.996779861900461417e-02
8.343559999999999491e+03 1.939965276470440037e+00 6.642011742147468922e-02
8.343760000000000218e+03 1.968711856650579906e+00 6.465246468417530645e-02
8.343959999999999127e+03 1.993176022631639954e+00 6.867384742179018231e-02
8.344159999999999854e+03 2.025237604098450106e+00 7.268572124241540200e-02
8.344359999999998763e+03 2.053008932750929993e+00 6.706672960539471207e-02
8.344559999999999491e+03 2.080438534194480216e+00 7.457798607172924643e-02
8.344760000000000218e+03 2.114401719349110031e+00 7.627862820332591276e-02
8.344959999999999127e+03 2.143233234318710156e+00 7.250325794761997011e-02
8.345159999999999854e+03 2.174084217011670095e+00 7.942435535603593888e-02
8.345359999999998763e+03 2.208621094616729952e+00 7.763473102298007467e-02
8.345559999999999491e+03 2.237996811871449943e+00 7.427526543180336394e-02
8.345760000000000218e+03 2.269764335380469955e+00 8.165136075988414788e-02
8.345959999999999127e+03 2.305220489911989912e+00 8.017038229050746367e-02
8.346159999999999854e+03 2.335767178237730057e+00 7.323799889500964833e-02
8.346359999999998763e+03 2.365508666602110122e+00 7.645219763659519274e-02
8.346559999999999491e+03 2.398704959220499866e+00 7.687736198906679197e-02
8.346760000000000218e+03 2.428796929115390135e+00 7.031111389141986301e-02
8.346959999999999127e+03 2.456580376870780125e+00 6.956301056150442086e-02
8.347159999999999854e+03 2.486055652543050165e+00 7.075041678910677645e-02
8.347359999999998763e+03 2.514817931071120061e+00 6.417189958353144985e-02
8.347559999999999491e+03 2.538870247919580159e+00 5.684007653982608294e-02
8.347760000000000218e+03 2.561588584746870012e+00 5.408347611319869880e-02
8.347959999999999127e+03 2.583368515563409851e+00 4.856883189918341504e-02
8.348159999999999854e+03 2.601540890502020087e+00 4.140175093737698958e-02
8.348359999999998763e+03 2.617412683705139909e+00 3.734769311977203382e-02
8.348559999999999491e+03 2.632243121862679835e+00 3.043553180433063859e-02
8.348760000000000218e+03 2.642416918841870022e+00 2.365448526245803387e-02
8.348959999999999127e+03 2.651657444405049802e+00 2.214856392733432350e-02
8.349159999999999854e+03 2.660589844708200147e+00 1.790741875105991004e-02
8.349359999999998763e+03 2.666334209215929896e+00 1.059966197027243685e-02
8.349559999999999491e+03 2.669242506688879857e+00 6.453101034154922963e-03
8.349760000000000218e+03 2.671568680058070022e+00 5.522920334365160298e-03
8.349959999999999127e+03 2.673710188986400116e+00 2.836501595555122966e-03
8.350159999999999854e+03 2.673821830151930090e+00 -1.750747079292052288e-03
8.350359999999998763e+03 2.672181869806729893e+00 -5.176633222793703554e-03
8.350559999999999491e+03 2.669469403516020023e+00 -5.030895048936961760e-03
8.350760000000000218e+03 2.667949581507630175e+00 -4.392349336157895176e-03
8.350959999999999127e+03 2.665763496314580205e+00 -8.120719532209334096e-03
8.351159999999999854e+03 2.661170216044809855e+00 -1.338076157191166009e-02
8.351359999999998763e+03 2.654648048646389924e+00 -1.507134031186002296e-02
8.351559999999999491e+03 2.648661150543199838e+00 -1.121913174467413510e-02
8.351760000000000218e+03 2.645314526779840136e+00 -8.920572249360778430e-03
8.351959999999999127e+03 2.641222431579480112e+00 -1.345161411066444525e-02
8.352159999999999854e+03 2.634140672271899852e+00 -1.664028540723825472e-02
8.352359999999998763e+03 2.627420016165849859e+00 -1.342247113153116102e-02
8.352559999999999491e+03 2.622990841593479949e+00 -8.402535822880882396e-03
8.352760000000000218e+03 2.620408337235930141e+00 -6.864943774285285280e-03
8.352959999999999127e+03 2.617246666890880036e+00 -9.741176380965976475e-03
8.353159999999999854e+03 2.612293158474769950e+00 -1.101856378934648779e-02
8.353359999999998763e+03 2.608078481942880167e+00 -7.000241748673623893e-03
8.353559999999999491e+03 2.606437451747380063e+00 -1.144982692638794094e-03
8.353760000000000218e+03 2.607049520783120133e+00 3.415172825360132842e-03
8.353959999999999127e+03 2.609167625789599931e+00 3.756225884643890015e-03
8.354159999999999854e+03 2.610060839745909966e+00 1.735615983744966812e-03
8.354359999999998763e+03 2.610513267830199879e+00 4.741864737714967387e-03
8.354559999999999491e+03 2.613884663829280086e+00 1.367178160672050113e-02
8.354760000000000218e+03 2.621698412096780118e+00 2.116892335127500482e-02
8.354959999999999127e+03 2.631250029216539943e+00 2.172246146421451946e-02
8.355159999999999854e+03 2.639520083107340209e+00 1.754974329282330339e-02
8.355359999999998763e+03 2.645631946537979839e+00 1.632369917816025792e-02
8.355559999999999491e+03 2.652891318759610151e+00 2.189479613476986303e-02
8.355760000000000218e+03 2.663595680538370036e+00 2.959356433421377747e-02
8.355959999999999127e+03 2.677201483366539847e+00 3.275887178672119704e-02
8.356159999999999854e+03 2.690515146214710107e+00 2.950649986620137652e-02
8.356359999999998763e+03 2.701439876932929973e+00 2.388866231052840655e-02
8.356559999999999491e+03 2.710122511117460053e+00 2.007107790150673005e-02
8.356760000000000218e+03 2.717900240405250134e+00 2.109947195109239046e-02
8.356959999999999127e+03 2.727430624684640037e+00 2.535982675053646829e-02
8.357159999999999854e+03 2.738720350358580191e+00 2.712954734250674904e-02
8.357359999999998763e+03 2.749709592553819970e+00 2.217811993535841880e-02
8.357559999999999491e+03 2.756917640532170033e+00 1.194786174333034579e-02
8.357760000000000218e+03 2.759473634443890155e+00 4.026712018927234779e-03
8.357959999999999127e+03 2.760151933019660220e+00 1.331433556089989950e-03
8.358159999999999854e+03 2.760486091270560216e+00 2.133335498863128850e-03
8.358359999999998763e+03 2.761825432613339792e+00 3.911062338513797594e-03
8.358559999999999491e+03 2.763625048679450025e+00 3.161242039702184987e-03
8.358760000000000218e+03 2.764346280427230074e+00 -3.280451135615689018e-03
8.358959999999999127e+03 2.760835727688760066e+00 -1.246603365309430222e-02
8.359159999999999854e+03 2.753984882901909792e+00 -1.611528634644554883e-02
8.359359999999998763e+03 2.747466091912280195e+00 -1.399541236837327854e-02
8.359559999999999491e+03 2.742362751758390171e+00 -9.774380735716427931e-03
8.359760000000000218e+03 2.739323541352399971e+00 -6.802167344137713574e-03
8.359959999999999127e+03 2.736670326406770215e+00 -8.631353228115224221e-03
8.360159999999999854e+03 2.732123238249620112e+00 -1.493534275177592005e-02
8.360359999999998763e+03 2.724273369628969821e+00 -1.917934834885472173e-02
8.360559999999999491e+03 2.716227762446670191e+00 -1.661165700056706565e-02
8.360760000000000218e+03 2.710494553860260059e+00 -1.032012146271627483e-02
8.360959999999999127e+03 2.707635333989040216e+00 -6.818904759153072634e-03
8.361159999999999854e+03 2.704788331127010004e+00 -7.791694656586892545e-03
8.361359999999998763e+03 2.701127198090079951e+00 -1.182122323959498497e-02
8.361559999999999491e+03 2.694958478965530091e+00 -1.423524653314368026e-02
8.361760000000000218e+03 2.689307361177950106e+00 -1.197165339660028784e-02
8.361959999999999127e+03 2.685004620660750074e+00 -8.024659752647959540e-03
8.362159999999999854e+03 2.682607181983540201e+00 -5.346928587390420949e-03
8.362359999999998763e+03 2.680511812123989923e+00 -4.892354369239468662e-03
8.362559999999999491e+03 2.678489098812749880e+00 -9.035306795699575566e-03
8.362760000000000218e+03 2.672978512466590129e+00 -1.484844848085299825e-02
8.362959999999999127e+03 2.666163772774599927e+00 -1.533650069425608782e-02
8.363159999999999854e+03 2.660250863689979983e+00 -1.250277537897608558e-02
8.363359999999998763e+03 2.655772087441199858e+00 -9.306179078183844308e-03
8.363559999999999491e+03 2.652494272189100055e+00 -8.299869216712500025e-03
8.363760000000000218e+03 2.648845041075190032e+00 -1.076183909236951355e-02
8.363959999999999127e+03 2.643537716612470057e+00 -1.484643584078700063e-02
8.364159999999999854e+03 2.636521374144079832e+00 -1.883923912691202671e-02
8.364359999999998763e+03 2.627922607683780054e+00 -1.987672281179690345e-02
8.364559999999999491e+03 2.620051022137400043e+00 -1.641893889464557041e-02
8.364760000000000218e+03 2.614302657860140044e+00 -1.059650034428336746e-02
8.364959999999999127e+03 2.611230762506319802e+00 -7.750294798730793765e-03
8.365159999999999854e+03 2.607828649670730137e+00 -8.515379587722389856e-03
8.365359999999998763e+03 2.604126061536490067e+00 -1.105681450806645684e-02
8.365559999999999491e+03 2.598628932986000173e+00 -1.424948320618880417e-02
8.365760000000000218e+03 2.592294488713470013e+00 -1.608904034315204040e-02
8.365959999999999127e+03 2.585280932935429821e+00 -1.518280374862478188e-02
8.366159999999999854e+03 2.579693539036589822e+00 -1.109141454224009220e-02
8.366359999999998763e+03 2.576052693932560089e+00 -5.731976392090660025e-03
8.366559999999999491e+03 2.574883318790650133e+00 -8.352252037538566553e-04
8.366760000000000218e+03 2.575279079388930192e+00 -6.757688560696846350e-04
8.366959999999999127e+03 2.574241151073210165e+00 -4.301280179521164634e-03
8.367159999999999854e+03 2.571648244467629851e+00 -7.596368026288572058e-03
8.367359999999998763e+03 2.567894031439799996e+00 -7.856103887368888136e-03
8.367559999999999491e+03 2.565087013228870116e+00 -3.094410769863515515e-03
8.368260000000000218e+03 2.561963121893689799e+00 -1.963999583100675943e-03
8.368959999999999127e+03 2.559122619391180020e+00 -2.511239433012126768e-03
8.369659999999999854e+03 2.554419830140210124e+00 -9.406991310378985498e-04
8.370359999999998763e+03 2.556110654824220063e+00 1.336986662561956548e-03
8.371059999999999491e+03 2.557979450871580074e+00 3.934531453229752999e-03
8.371760000000000218e+03 2.567164718909499932e+00 6.727757862982951600e-03
8.372459999999999127e+03 2.577092539454790110e+00 8.159191842402224032e-03
8.373159999999999854e+03 2.590407784735889951e+00 1.110542476305236524e-02
8.373859999999998763e+03 2.608836084583990189e+00 1.398302030972218071e-02
8.375553694999998697e+03 2.658877706224480164e+00 1.499189945779596557e-02
8.376559583000000202e+03 2.691668570989619980e+00 1.682751952911254803e-02
8.377577661999999691e+03 2.728636546012149999e+00 1.760416614341604388e-02
8.378607932999999321e+03 2.765546310337999802e+00 1.718286327359688434e-02
8.379650395999999091e+03 2.801594099195200194e+00 1.530233228706086128e-02
8.380705050999999003e+03 2.831234748228950160e+00 1.097354261075397970e-02
8.381771897999999055e+03 2.849120348232959898e+00 5.488751502453226641e-03
8.382850936999999249e+03 2.855051483293140180e+00 -5.183284656291457836e-04
8.383942166999999245e+03 2.846340327330199926e+00 -6.435831488773871567e-03
8.385045589999999720e+03 2.825476127028830220e+00 -1.116503671648115363e-02
8.386161203999999998e+03 2.794809134620820146e+00 -1.521078039975147338e-02
8.387289010999998936e+03 2.754673692678299979e+00 -1.723583522808557270e-02
8.388429008999999496e+03 2.713772790433320203e+00 -1.697720855205226212e-02
8.389581199000000197e+03 2.673987781895780014e+00 -1.494903660338091182e-02
8.390745581999999558e+03 2.641911275813880078e+00 -1.310724534841433558e-02
8.391922155999998722e+03 2.610255366221459816e+00 -1.121733359208811412e-02
8.393110921999999846e+03 2.586727659617490183e+00 -8.605994609736725143e-03
8.394311878999998953e+03 2.567363429605430181e+00 -5.822702403418712411e-03
8.395525029000000359e+03 2.557245319600840006e+00 -2.601789682966097923e-03
8.396750371000000086e+03 2.553769624716330178e+00 -4.613317574293019957e-04
8.397987903999999617e+03 2.554379777721860201e+00 3.602192960832897774e-04
8.399237629999999626e+03 2.555086892800050080e+00 -2.581122986770199228e-04
8.400499546999999438e+03 2.552509387380089922e+00 -1.339903960859456164e-03
8.401773656999999730e+03 2.547544474182190211e+00 -1.909371465670906768e-03
8.403059957999999824e+03 2.541889569498580137e+00 -1.080606636205540955e-03
8.404358451000000059e+03 2.541238267175299992e+00 2.103267640913735522e-04
8.405669135999998616e+03 2.542465412292099991e+00 2.389225276582816141e-03
8.406992012999999133e+03 2.553645245752980131e+00 3.984330006441266260e-03
8.408327081999999791e+03 2.563724695317819879e+00 4.339695713545517128e-03
8.409674342000000252e+03 2.577063980320500214e+00 3.959641212717226501e-03
8.411033794999999373e+03 2.585236317827940056e+00 3.433108613509339938e-03
8.412405439999998634e+03 2.595805862422980059e+00 3.572768594520343149e-03
8.413789275999999518e+03 2.604938607068899792e+00 4.907140576843405447e-03
8.415185304999999062e+03 2.623326999683730065e+00 6.150733159371580411e-03
8.416593525000000227e+03 2.639888073175510108e+00 6.794180770209436518e-03
8.418013936999999714e+03 2.662331273308760071e+00 6.507736651708849289e-03
8.419446540999999343e+03 2.677544384908930208e+00 6.055209342942721729e-03
8.420891336999999112e+03 2.697625975013699939e+00 6.453391484784304008e-03
8.422348324999999022e+03 2.715519381197809778e+00 6.886843395182081634e-03
8.423817504999999073e+03 2.738533976291369854e+00 8.029468517631914437e-03
8.425298876999999266e+03 2.763716200759330111e+00 8.401196589667406581e-03
8.426792439999999260e+03 2.789408124228269781e+00 8.441982319589456246e-03
8.428298195999999734e+03 2.815259441401579910e+00 7.338815334846066941e-03
8.429816143000000011e+03 2.834496100188029999e+00 5.237668661102934560e-03
8.431346282999998948e+03 2.847512293115689985e+00 1.955336362191209976e-03
8.432888613999999507e+03 2.846223469570880127e+00 -1.422317235765238478e-03
8.434443137000000206e+03 2.837775938001179998e+00 -4.929142214962873962e-03
8.436009851999999228e+03 2.813853040064750122e+00 -7.462461945910924335e-03
8.437588759000000209e+03 2.788729910880970220e+00 -8.835245571466952136e-03
8.439179857999999513e+03 2.755458514398129832e+00 -9.652200184812990968e-03
8.440783148999998957e+03 2.724508043174440175e+00 -9.632212063540085759e-03
8.442398632000000362e+03 2.690879006622119984e+00 -9.705411028295328479e-03
8.444026307000000088e+03 2.658950070462819948e+00 -8.201267860621284239e-03
8.445666172999999617e+03 2.634956962372370093e+00 -6.659844698245150768e-03
8.447318231999999625e+03 2.613068021531919971e+00 -5.648767355870903777e-03
8.448982481999999436e+03 2.595645208268750004e+00 -6.365478345327990964e-03
8.450658923999999388e+03 2.568532892741349993e+00 -7.718386331161759296e-03
8.452347557999999481e+03 2.541402667861219822e+00 -8.911658126783615977e-03
8.454048385000000053e+03 2.505562040140420166e+00 -8.722555900029899459e-03
8.455761402999998609e+03 2.479309218835390016e+00 -7.051061632749947884e-03
8.457486612999999124e+03 2.454868808436799998e+00 -4.493440682383233707e-03
8.459224013999999443e+03 2.446507548098300067e+00 -1.351490394429108845e-03
8.460973608000000240e+03 2.444414845630249911e+00 1.284980206852569598e-03
8.462735393999999360e+03 2.455059191951109998e+00 3.714840852047313850e-03
8.464509371000000101e+03 2.470731560350449829e+00 5.355515213934192338e-03
8.466295540999999503e+03 2.493594961374140162e+00 6.688314617481459952e-03
8.468093901999998707e+03 2.519376940775690077e+00 6.797736848555961144e-03
8.469904454999999871e+03 2.543385065345209917e+00 6.500042670541446299e-03
8.471727200999999695e+03 2.567274420669729995e+00 5.254006709435598242e-03
8.473562137999999322e+03 2.582211416668210191e+00 3.173468669810328765e-03
8.475409266999999090e+03 2.590572019086089917e+00 7.180159307228769312e-04
8.477268587999998999e+03 2.586907395305320101e+00 -1.127340527855290406e-03
8.479140099999998711e+03 2.581110459145170122e+00 -1.657607033581216111e-03
8.481023804999998902e+03 2.573280278204430171e+00 -5.501912858394526979e-04
8.482919701999999234e+03 2.576020765395839796e+00 2.362779918729957310e-03
8.484827789999999368e+03 2.590993920861759836e+00 6.444853719816800303e-03
8.486748070999999982e+03 2.626054411078380113e+00 1.017758606334700014e-02
8.488680543000000398e+03 2.670984069653679960e+00 1.181115285861080409e-02
8.490625206999999136e+03 2.719603371301110073e+00 1.114545131599095282e-02
8.492582064000000173e+03 2.759768836794770142e+00 8.381291317305528121e-03
8.494551111999999193e+03 2.786578939997089943e+00 5.463088020934431764e-03
8.496532352000000174e+03 2.803403322129479847e+00 2.873288433711042658e-03
8.498525783999999476e+03 2.809269101253979883e+00 9.179376691755806875e-04
8.500531407000000399e+03 2.810117676706640033e+00 -6.433416775183576795e-04
8.502549222999999984e+03 2.803078672418890083e+00 -2.502708846040792301e-03
8.504579230999999709e+03 2.788378897820829927e+00 -5.124927233219795514e-03
8.506621429999999236e+03 2.759202646209760079e+00 -7.648107741175572648e-03
8.508675821999999243e+03 2.722938202525510221e+00 -9.900433338594093885e-03
8.510742404999999053e+03 2.674243994879809794e+00 -1.198503303047222628e-02
8.512821179999999003e+03 2.619668134943319959e+00 -1.340384881823369380e-02
8.514912147999999434e+03 2.558174200069519788e+00 -1.389755471260945355e-02
8.517015306999999666e+03 2.498652232994269973e+00 -1.334788933547241541e-02
8.519130658000000039e+03 2.441233415373570192e+00 -1.146278109676267601e-02
8.521258200999998735e+03 2.397518901607039954e+00 -7.975546079005317937e-03
8.523397934999999052e+03 2.370186532193879980e+00 -3.618257860999923425e-03
8.525549861999999848e+03 2.364604116827239810e+00 7.784803715178763728e-04
8.527713980999998967e+03 2.376192670434650100e+00 4.380759380789559301e-03
8.529890290999999706e+03 2.402866617211779854e+00 6.893273151291639048e-03
8.532078793999999107e+03 2.437270851046819953e+00 7.949673551707005584e-03
8.534279488000000129e+03 2.473841698035160075e+00 7.613514128202414008e-03
8.536492373999999472e+03 2.505582587159159935e+00 6.532266792339853564e-03
8.538717452999999296e+03 2.532641745664589994e+00 5.286798291845377397e-03
8.540954722999998921e+03 2.553252038582269901e+00 3.389420545308513815e-03
8.543204184999998688e+03 2.563027524730209894e+00 1.471545677492054529e-03
8.545465838000000076e+03 2.565972902030539959e+00 -1.383545282151581201e-04
8.547739684000000125e+03 2.560769371962400065e+00 -1.064094028155094379e-03
8.550025722000000314e+03 2.555003176511219998e+00 -1.320113095626475851e-03
8.552323951999998826e+03 2.547322237855659921e+00 -1.620006195617882143e-03
8.554634372999998959e+03 2.538636200419210009e+00 -1.919193031845008212e-03
8.556956986999999572e+03 2.528012019825189860e+00 -2.292600087937027992e-03
8.559291791999999987e+03 2.515640284209649913e+00 -2.407671281525608064e-03
8.561638788999998724e+03 2.503785444670649785e+00 -1.474921128279268632e-03
8.563997977999999421e+03 2.500334075334280204e+00 7.453462293480995690e-04
8.566369359000000259e+03 2.510045401635890183e+00 3.261125256951031334e-03
8.568752931999999419e+03 2.531279148459180117e+00 5.433702008318793894e-03
8.571148696999998720e+03 2.562548051408080063e+00 6.183063935784539195e-03
8.573556653999999980e+03 2.591468193613899906e+00 4.999049297807729199e-03
8.575976802999999563e+03 2.611261619661250144e+00 3.237584505370815890e-03
8.578409142999998949e+03 2.622812606596100160e+00 2.537768158628295970e-03
8.580853675999998813e+03 2.635730002025479912e+00 1.692937290755774102e-03
8.583310400000000300e+03 2.638869861327219901e+00 -1.324575502597411696e-04
8.585779316999998628e+03 2.633337464295519847e+00 -1.899487928824053094e-03
8.588260425000000396e+03 2.618439465324319926e+00 -3.634430386935722738e-03
8.590753724999998667e+03 2.595020575258020212e+00 -5.262528704490513493e-03
8.593259216999998898e+03 2.563162398115879981e+00 -6.194465045859888497e-03
8.595776900999999270e+03 2.529826408663930160e+00 -6.579073382413609845e-03
8.598306776999999784e+03 2.493650944388070112e+00 -6.173635195259426049e-03
8.600848844999998619e+03 2.464217023372540005e+00 -5.183278911765336339e-03
8.603403104999999414e+03 2.438127661621880105e+00 -3.893437802815896687e-03
8.605969556000000011e+03 2.422039869221889852e+00 -2.336651027381644614e-03
8.608548199999999269e+03 2.412256768572079935e+00 -1.103721427672988602e-03
8.611139035000000149e+03 2.409181466139790118e+00 -1.196418172708725206e-04
8.613742061999999351e+03 2.409871124792729802e+00 3.366311922921608689e-04
8.616357281999999032e+03 2.411691414563390090e+00 4.503778250347790623e-04
8.618984693000000334e+03 2.413621757240580035e+00 -9.067329898582794818e-05
8.621624295999999958e+03 2.409586611538180101e+00 -2.594514713522013088e-04
8.624276090999999724e+03 2.409666713329809973e+00 -2.672081399263205172e-05
8.626940077999999630e+03 2.408162924298439922e+00 1.460893877028216598e-04
8.629616255999999339e+03 2.410138328658609996e+00 5.057475595944739164e-04
8.632304626999999527e+03 2.412612922654350012e+00 8.438293732130472055e-04
8.635005189999999857e+03 2.418363235242409814e+00 1.325238488123084337e-03
8.637717943999999989e+03 2.426245684337100084e+00 1.556425247866822723e-03
8.640442890999998781e+03 2.434648161394509902e+00 1.412761410511990945e-03
8.643180028999999195e+03 2.440986471568939997e+00 1.129129544804089195e-03
8.645929358999999749e+03 2.446247772762629946e+00 9.726316181006758451e-04
8.648690880999998626e+03 2.450860275165799962e+00 7.204261150971619752e-04
8.651464594999999463e+03 2.453288270918100089e+00 5.536181346635381034e-04
8.654250500999998621e+03 2.456020570321660212e+00 6.932329622562851843e-04
8.657048598999999740e+03 2.460077864531600156e+00 7.292437480640798350e-04
8.659858888999999181e+03 2.463256028626359839e+00 9.869796076313176823e-04
8.662681370999998762e+03 2.470336668891509824e+00 1.471255979552165164e-03
8.665516043999999965e+03 2.479205225242960164e+00 1.289911602308658383e-03
8.668362909999999829e+03 2.484231276872860050e+00 3.651132701285470525e-04
8.671221966999999495e+03 2.482284666866830136e+00 -3.478436015842144876e-04
8.674093216999999640e+03 2.478904317311040106e+00 -1.043663894565524100e-03
8.676976657999999588e+03 2.468682884213170059e+00 -1.761164850074119128e-03
8.679872290999999677e+03 2.456699569060779798e+00 -2.190915823917890821e-03
8.682780115999999907e+03 2.441244577518300041e+00 -2.443882442929302262e-03
8.685700133000000278e+03 2.426107756200730048e+00 -2.375075315212157086e-03
8.688632341999998971e+03 2.411354623044890122e+00 -2.076966963296282553e-03
8.691576742999999624e+03 2.399703611721820007e+00 -1.328535853348717256e-03
8.694533335000000079e+03 2.393942680421840219e+00 -5.621941783665648090e-04
8.697502119999999195e+03 2.391577799249370084e+00 4.060154975572453180e-05
8.700483095999999932e+03 2.393174680378360009e+00 -6.233205275398592511e-05
8.703476264999999330e+03 2.389539346453279922e+00 -3.426461362448245031e-04
8.706481625000000349e+03 2.387662630254129947e+00 -1.059071875011874343e-03
8.709499176999999690e+03 2.375112347276080005e+00 -1.770023497378250474e-03
8.712528920999999173e+03 2.364316899329249821e+00 -2.063061652070101188e-03
8.715570857999999134e+03 2.348005726487819800e+00 -1.624883590771777344e-03
8.718624985000000379e+03 2.342606309740089987e+00 -8.688847743413848470e-04
8.721691305000000284e+03 2.335743998538399868e+00 -2.120490224706816354e-04
8.724769817000000330e+03 2.338613655658610124e+00 1.164615990536815740e-04
8.727860520999998698e+03 2.335912147001689920e+00 -9.627250120345112684e-05
8.730963415999998688e+03 2.336067101958600123e+00 1.279194869971795820e-04
8.734078503999999157e+03 2.336228450469509887e+00 1.145286730114065179e-04
8.737205782999999428e+03 2.336212377833790210e+00 4.274070287547308378e-04
8.740345255000000179e+03 2.340415083632589877e+00 3.806392661811968206e-04
8.743496917999998914e+03 2.339808950513119878e+00 4.652941003070699359e-04
8.746660772999999608e+03 2.345127411719400090e+00 3.990496001304436112e-04
8.749836819999998625e+03 2.343673945632879896e+00 4.057146233926530354e-04
8.753025058999999601e+03 2.349094689816439985e+00 5.923109283966479423e-04
8.756225489999998899e+03 2.350113178582970086e+00 3.418104298935408045e-04
8.759438111999999819e+03 2.352247784295999899e+00 4.125818018328547511e-04
8.762662926999999399e+03 2.354217160967280176e+00 3.649503148273282229e-04
8.765899933999999121e+03 2.355733008585979782e+00 3.081003082296089450e-04
8.769149131999998644e+03 2.356955613553690210e+00 2.101988098250928444e-04
8.772410522999998648e+03 2.357168171799380207e+00 4.450718916285042190e-05
8.775684105000000272e+03 2.356164673682020094e+00 -1.010698434211717070e-04
8.778969879000000219e+03 2.354406383799810154e+00 -3.884580535691554049e-04
8.782267845000000307e+03 2.349493289544529961e+00 -6.872707656244826744e-04
8.785578002999998716e+03 2.343640936286949916e+00 -1.074395333720448318e-03
8.788900352999999086e+03 2.333396641660660187e+00 -1.313034803667957086e-03
8.792234894999999597e+03 2.324211235131739883e+00 -1.224894844738481665e-03
8.795581629000000248e+03 2.315109384022659977e+00 -1.174016975478604959e-03
8.798940553999998883e+03 2.306560341575779827e+00 -7.849872479868643445e-04
8.802311671999999817e+03 2.302790020049230169e+00 -4.141095905217333619e-04
8.805694981999999072e+03 2.299358929747910008e+00 -2.422635908301827329e-04
8.809090482999999949e+03 2.297963330218680156e+00 -1.199564469691745856e-06
8.812498175999999148e+03 2.297894698514189926e+00 -3.970709126083653203e-05
8.815918061000000307e+03 2.295952023945849962e+00 -1.952198560271681520e-04
8.819350139000000127e+03 2.293680223856930045e+00 -2.884648197871755838e-04
8.822794407999999748e+03 2.290401159907080153e+00 -5.027919431063516313e-04
8.826250867999999173e+03 2.285061639468939809e+00 -7.227076312307654160e-04
8.829719520999999077e+03 2.278613554606570002e+00 -8.162993577918689798e-04
8.833200365999999121e+03 2.271892112418190113e+00 -7.931056320784184719e-04
8.836693402999999307e+03 2.265731163665519965e+00 -5.263287855837009074e-04
8.840198630999999295e+03 2.262812252935010093e+00 -4.375926413615366817e-04
8.843716051999999763e+03 2.257903918015890188e+00 -4.591242542421140058e-04
8.847245664000000033e+03 2.254645127202529853e+00 -3.479337325273948391e-04
8.850787467999998626e+03 2.251328934544759797e+00 -4.168380216388402381e-04
8.854341464999999516e+03 2.247039852468160070e+00 -2.727500750157863777e-04
8.857907653000000209e+03 2.245811828078990047e+00 -1.728515638079765587e-04
8.861486032999999225e+03 2.242974753211710137e+00 -8.546987090298207310e-05
8.865076605000000200e+03 2.243023849477930209e+00 1.195200205828559568e-04
8.868679368999999497e+03 2.243216154564569909e+00 1.366349948060697215e-04
8.872294323999998596e+03 2.243520649240049902e+00 2.607245900244326248e-04
8.875921471999999994e+03 2.245566664177570004e+00 3.592462135672809076e-04
8.879560810999999376e+03 2.247354454562140003e+00 3.664176355370125145e-04
8.883212342999999237e+03 2.249521088419419890e+00 3.656583397949130605e-04
8.886876065999998900e+03 2.251310657281059946e+00 3.604787086534277821e-04
8.890551981999999043e+03 2.253412131478610192e+00 2.642906253272079621e-04
8.894240088999998989e+03 2.253754856376709803e+00 -2.182714871124500849e-05
8.897940387999999075e+03 2.251507861640909880e+00 -1.927608778388438429e-04
8.901652878999999302e+03 2.249232995875519947e+00 -5.008919246560524082e-04
8.905377561999999671e+03 2.242248412095880106e+00 -8.189566589940530357e-04
8.909114437000000180e+03 2.235052236395489889e+00 -8.167125894265107834e-04
8.912863502999998673e+03 2.228055932815640183e+00 -7.871234041183545896e-04
8.916624761999999464e+03 2.221271501041920171e+00 -7.170816251778050878e-04
8.920398213000000396e+03 2.215318060335839778e+00 -4.716759161842588974e-04
8.924183854999999312e+03 2.212315393160639854e+00 -4.137451986188530034e-04
8.927981689000000188e+03 2.207238431973720161e+00 -3.955632787562058154e-04
8.931791715999999724e+03 2.204494853803720122e+00 -2.597669435811610474e-04
8.935613933999999063e+03 2.201528765014140188e+00 -2.324664698273199185e-04
8.939448344000000361e+03 2.199197726466939784e+00 -2.072038955354456465e-04
8.943294945999999982e+03 2.196614661462350071e+00 -2.508942590995412881e-04
8.947153739999999743e+03 2.193574231275619901e+00 -2.567309956923257796e-04
8.951024725999999646e+03 2.190880391379490089e+00 -2.718817669961121519e-04
8.954907902999999351e+03 2.187579759954060066e+00 -3.120266078968678505e-04
8.958803272999999535e+03 2.184223528197290154e+00 -2.739691816547940636e-04
8.962710834999999861e+03 2.181514019850339992e+00 -3.222061042419757941e-04
8.966630587999999989e+03 2.177360724081450094e+00 -4.327515630721877706e-04
8.970562533000000258e+03 2.172841074334789901e+00 -3.910741702437428124e-04
8.974506670999999187e+03 2.169337329510140133e+00 -2.874108409712336108e-04
8.978462999999999738e+03 2.166480660034920014e+00 -2.377983797239110358e-04
8.982431520999998611e+03 2.163767555913759910e+00 -2.065458707803490403e-04
8.986412233999999444e+03 2.161405735235189862e+00 -1.887609534925824718e-04
8.990405138999998599e+03 2.158969314668730100e+00 -1.146709061132440460e-04
8.994410235999999713e+03 2.157814028676590112e+00 -7.687724233567267687e-05
8.998427523999998812e+03 2.155991501140490207e+00 -1.253124156036383458e-04
9.002457005000000208e+03 2.154023951166060158e+00 -9.897185513852190853e-05
9.006498677999999927e+03 2.152628074152589832e+00 4.751193415420476442e-07
9.010552541999999448e+03 2.152309512812379921e+00 2.909912355668247064e-06
9.014618597999999110e+03 2.150949215924169877e+00 -8.535674975957879059e-05
9.018696846999999252e+03 2.149144121735400148e+00 -6.236192423429552266e-05
9.022787286999999196e+03 2.148161454468370035e+00 -3.037167624926554718e-05
9.026889918999999281e+03 2.146888186878399996e+00 -1.780120026107219575e-04
9.031004742999999507e+03 2.143398513828049801e+00 -2.797652063628230045e-04
9.035131758999999875e+03 2.140382807226839823e+00 -2.131998652918567106e-04
9.039270967000000383e+03 2.138007862999910191e+00 -1.867689431968546016e-04
9.043422365999998874e+03 2.135427848250639915e+00 -3.132684864099934564e-04
9.047585957999999664e+03 2.130870631377280056e+00 -3.223168320391862018e-04
9.051761741999998776e+03 2.128114178198079909e+00 -2.768446495049942699e-04
9.055949716999999509e+03 2.124319359911260197e+00 -3.406976225093995454e-04
9.060149884000000384e+03 2.120439995486589790e+00 -2.931090806876726369e-04
9.064362243999999919e+03 2.117447911848790110e+00 -2.816374321913344791e-04
9.068586794999999256e+03 2.113748091114460159e+00 -2.303659709560243571e-04
9.072823537999998734e+03 2.111630715500619981e+00 -2.064374934667256953e-04
9.077072473000000173e+03 2.108332586714200207e+00 -2.546129338713019386e-04
9.081333599999999933e+03 2.105354746650829778e+00 -2.885902361042404067e-04
9.085606918999999834e+03 2.101441032573359902e+00 -2.823904964920277054e-04
9.089892428999999538e+03 2.098552857628070090e+00 -2.305443969333270888e-04
9.094190131999999721e+03 2.095536859955250186e+00 -2.130684652639985930e-04
9.098500025999999707e+03 2.092941918211930208e+00 -2.588872599585590904e-04
9.102822113000000172e+03 2.089094941480539980e+00 -2.738748668231781374e-04
9.107156390999998621e+03 2.086214430181230206e+00 -2.356564423185532255e-04
9.111502860999999029e+03 2.083032223569400099e+00 -2.436826312943681015e-04
9.115861523999999918e+03 2.079990691299300032e+00 -2.467176684395434925e-04
9.120232377999998789e+03 2.076736450092739883e+00 -2.411775661466721032e-04
9.124615423999999621e+03 2.073777279192369871e+00 -2.065245065698904491e-04
9.129010661999998774e+03 2.071132632312920219e+00 -1.807641502579757184e-04
9.133418090999999549e+03 2.068625216045369974e+00 -1.296106107973271052e-04
9.137837712999998985e+03 2.066896847404419812e+00 -1.176214039346835304e-04
9.142269527000000380e+03 2.064596431516370068e+00 -1.246878377399617726e-04
9.146713531999999759e+03 2.062727706924469828e+00 -9.147098322446085015e-05
9.151169729999999618e+03 2.061025103092649857e+00 -1.176424577873445138e-04
9.155638118999999278e+03 2.058665240047110156e+00 -1.406064970553432708e-04
9.160118699999999080e+03 2.056528021271519791e+00 -1.107619693602503050e-04
9.164611472999999023e+03 2.054707814081409900e+00 -1.383493900805611001e-04
9.169116437999999107e+03 2.052048286000729860e+00 -1.929463267675416739e-04
9.173633594999999332e+03 2.049200800226090191e+00 -1.845983313415664991e-04
9.178162943999999698e+03 2.046682024865860150e+00 -1.743765925875604415e-04
9.182704485000000204e+03 2.044011158250560012e+00 -2.019048459293517510e-04
9.187258217999999033e+03 2.040962440570929903e+00 -2.066472954270742583e-04
9.191824141999999483e+03 2.038187109497120009e+00 -1.653256360612874009e-04
9.196402258999998594e+03 2.035901508885329836e+00 -1.424378270161237743e-04
9.200992566999999326e+03 2.033545143363490126e+00 -1.221937918378629797e-04
9.205595067999998719e+03 2.031630722101250175e+00 -1.657913911440957763e-04
9.210209759999999733e+03 2.028434877231609867e+00 -2.155174889424236887e-04
9.214836643999999069e+03 2.025559874688569906e+00 -2.221782475945283347e-04
9.219475720000000365e+03 2.022220819053010210e+00 -2.155999591729892105e-04
9.224126987999999983e+03 2.019455412297990193e+00 -2.266666122020899270e-04
9.228790447999999742e+03 2.015887895264299789e+00 -2.434401509956187458e-04
9.233466099999999642e+03 2.012783076755380041e+00 -2.049739653396629737e-04
9.238153942999999344e+03 2.009940415248990142e+00 -2.297185131316044121e-04
9.242853978999999526e+03 2.006341373436640207e+00 -2.099135049302611980e-04
9.247566205999999511e+03 2.003866144936520044e+00 -1.750478310720566654e-04
9.252290625999999975e+03 2.000929420411849957e+00 -1.986176642083072779e-04
9.257027237000000241e+03 1.997980646480189915e+00 -1.924731255098110117e-04
9.261776039999998829e+03 1.995148867897519995e+00 -1.854251380886379576e-04
9.266537035999999716e+03 1.992323362349140092e+00 -1.794365977848260015e-04
9.271310222999998587e+03 1.989594744449020070e+00 -1.564362416083508978e-04
9.276095601999999417e+03 1.987208115366309924e+00 -1.859859906482986386e-04
9.280893172000000050e+03 1.983882867778389958e+00 -1.837051936243301283e-04
9.285702934999999343e+03 1.981526863035049990e+00 -1.388549869769086713e-04
9.290524889999998777e+03 1.979077454765759914e+00 -1.295024843408105488e-04
9.295359037000000171e+03 1.976895398014220095e+00 -6.558764403970693507e-05
9.300205374999999549e+03 1.975709403105839979e+00 -1.551047951262735769e-05
