# energy mu dmude
1.141386852999999974e+04 -2.738770516425059753e-01 -7.176044635090489008e-05
1.141902453000000060e+04 -2.772061864781020235e-01 -6.027283533362850961e-05
1.142401504999999997e+04 -2.801799516445619975e-01 -3.635874427259804019e-05
1.142906677999999920e+04 -2.829322757856769788e-01 -2.794096481330189690e-05
1.143406622000000061e+04 -2.857307287593769951e-01 -3.514155872832103666e-05
1.143901320999999916e+04 -2.885779153074650161e-01 -2.814531771266948256e-05
1.144413536999999997e+04 -2.912958226091409975e-01 -2.692993122904279376e-05
1.144897724000000017e+04 -2.940590899492290244e-01 -2.592642733697922400e-05
1.145410845999999947e+04 -2.967606424564169787e-01 -1.872507463846652393e-05
1.145895890999999938e+04 -2.993753488185770251e-01 -1.933338499957147169e-05
1.146415636000000086e+04 -3.021252078031990140e-01 -1.105679777801378964e-05
1.146907264000000032e+04 -3.045965842177439931e-01 -5.949159495927791468e-06
1.147393597000000045e+04 -3.070674504358870127e-01 1.437796714364920179e-06
1.147903263999999945e+04 -3.094731178521870074e-01 5.364839457513638401e-06
1.148413392000000022e+04 -3.119750991760469883e-01 2.076993640626583886e-05
1.148901022000000012e+04 -3.139469921082829740e-01 4.362421978419336877e-05
1.149394817999999941e+04 -3.158975044328840021e-01 6.093202119237073973e-05
1.149894793000000027e+04 -3.175520056652459955e-01 8.048072699559581894e-05
1.150383702000000085e+04 -3.190726146945450092e-01 1.114664512217479470e-04
1.150896070999999938e+04 -3.201054030813499929e-01 1.603064759110257094e-04
1.151385844999999972e+04 -3.205846421016980141e-01 2.163103725516338509e-04
1.151881811000000016e+04 -3.204156204272259889e-01 2.989769609339477615e-04
1.152401310999999987e+04 -3.191143758030030031e-01 4.290046563839421817e-04
1.152898165999999947e+04 -3.161263345187370066e-01 6.289285472949572445e-04
1.153401241999999911e+04 -3.106320134636539887e-01 7.526526536627259735e-04
1.153447523999999976e+04 -3.100169596445230269e-01 8.930799012728015806e-04
1.153505381999999918e+04 -3.091620711251890086e-01 9.481158958177015109e-04
1.153557459000000017e+04 -3.083362171032760224e-01 9.963005494533995390e-04
1.153603753999999935e+04 -3.075570451289970086e-01 1.104026409888483537e-03
1.153644265000000087e+04 -3.067205175814999851e-01 1.106823245469593922e-03
1.153702143000000069e+04 -3.057198867569629885e-01 1.168222921126240831e-03
1.153748450000000048e+04 -3.046387417397710129e-01 1.218719222546468285e-03
1.153806338999999934e+04 -3.035257075947889738e-01 1.224665489807656238e-03
1.153846863999999914e+04 -3.025538437563730088e-01 1.475525993371246038e-03
1.153898972999999933e+04 -3.010677844187680252e-01 1.492543920390253633e-03
1.153956876999999986e+04 -2.995948732988280017e-01 1.461654189137692435e-03
1.153997413000000051e+04 -2.984849219719479807e-01 1.603902713501011244e-03
1.154049536000000080e+04 -2.968826616139080277e-01 1.638891608168851610e-03
1.154090078999999969e+04 -2.957033749860030203e-01 1.656330641679988787e-03
1.154153794999999991e+04 -2.937143622831410172e-01 1.782867283799400909e-03
1.154205931000000055e+04 -2.918702154985339803e-01 1.935796764606963725e-03
1.154263867000000027e+04 -2.897135330736170244e-01 2.075167558906902687e-03
1.154292836999999963e+04 -2.884531599763119902e-01 2.134922769604114846e-03
1.154356575999999950e+04 -2.859501914793179944e-01 2.269993641525702883e-03
1.154397140000000036e+04 -2.839187983793730052e-01 2.522431557313147346e-03
1.154449299000000065e+04 -2.814201780048919965e-01 2.583968984611013670e-03
1.154507258999999976e+04 -2.783944133517000097e-01 2.755667221337047487e-03
1.154553631999999925e+04 -2.758041120724569750e-01 2.994579855416056816e-03
1.154600007999999980e+04 -2.729294322920909899e-01 3.160361057021489513e-03
1.154646387999999934e+04 -2.700108530304369814e-01 3.378185914945899121e-03
1.154698569999999927e+04 -2.663157906262830221e-01 3.555272388010126145e-03
1.154762354000000050e+04 -2.617915205034540005e-01 3.615088625132442581e-03
1.154802947999999924e+04 -2.587846608246580082e-01 4.020249772241100104e-03
1.154860944000000018e+04 -2.538263239227300239e-01 4.377255271600996936e-03
1.154895744999999988e+04 -2.505811252463410188e-01 4.837522160841077785e-03
1.154953750000000036e+04 -2.447112320879450131e-01 5.204891847186141236e-03
1.155000158999999985e+04 -2.395080719561399896e-01 5.742060302515780007e-03
1.155052373000000080e+04 -2.331227570473810018e-01 6.106555657803026081e-03
1.155104593000000023e+04 -2.264251690471220102e-01 6.642433150405193179e-03
1.155151014000000032e+04 -2.196385230439469871e-01 7.223013830738275395e-03
1.155203241999999955e+04 -2.117186781895440129e-01 7.745761798014140324e-03
1.155261278999999922e+04 -2.019713405125780070e-01 8.800986202333004743e-03
1.155296104000000014e+04 -1.947505845771710098e-01 9.866707682327162388e-03
1.155359955000000082e+04 -1.816986942373060021e-01 1.005741174900099712e-02
1.155400591999999961e+04 -1.728590237975660138e-01 1.173144190709237041e-02
1.155458648999999969e+04 -1.574983756364330134e-01 1.268668284478826486e-02
1.155505098999999973e+04 -1.451048099576149886e-01 1.411500612496359094e-02
1.155557359999999971e+04 -1.282772724263989972e-01 1.668975415858890352e-02
1.155603817999999956e+04 -1.104619043955169938e-01 1.928552361107421786e-02
1.155650279000000046e+04 -9.052705306679589836e-02 2.124487164979870640e-02
1.155702553000000080e+04 -6.622403395955410443e-02 2.525501739403946538e-02
1.155754831999999988e+04 -3.474290929460609884e-02 2.872622963657439632e-02
1.155795497000000069e+04 -9.754928440623509417e-03 3.169626339178833324e-02
1.155847783999999956e+04 2.761730508993770136e-02 3.766813418142867659e-02
1.155905887000000075e+04 7.836009752977489418e-02 4.371841935008568408e-02
1.155958185000000049e+04 1.299829911029760088e-01 5.187846061854100438e-02
1.156004674999999952e+04 1.871456032235979949e-01 6.426611274125569595e-02
1.156045357999999942e+04 2.490024999585689902e-01 7.605180627336607935e-02
1.156097667999999976e+04 3.374794305052030152e-01 9.066824311988286311e-02
1.156155796999999984e+04 4.619575300659949924e-01 1.098402649364648015e-01
1.156202303000000029e+04 5.820152173379999905e-01 1.337549765582289607e-01
1.156260441999999966e+04 7.598750003114730367e-01 1.657877716231028198e-01
1.156306957999999941e+04 9.514393026280040244e-01 1.969413992515074707e-01
1.156341847000000053e+04 1.101301090903120006e+00 2.047747487702166747e-01
1.156411630999999943e+04 1.407937633057380067e+00 2.098953508207692664e-01
1.156452342999999928e+04 1.595258455471709969e+00 2.177013000121692243e-01
1.156504690999999912e+04 1.839438151109920039e+00 2.072603827025360501e-01
1.156557042999999976e+04 2.057423379287460108e+00 1.712717342615003857e-01
1.156603583000000071e+04 2.200082385867490053e+00 1.062087362974144522e-01
1.156655945000000065e+04 2.280902978880179788e+00 4.522533512942285283e-02
1.156702491999999984e+04 2.294970416041360206e+00 -4.390042157949216456e-03
1.156743224999999984e+04 2.272303349427470032e+00 -4.180183962319042323e-02
1.156807238999999936e+04 2.201095510935870081e+00 -5.676512298350365471e-02
1.156847977999999966e+04 2.145002652746660132e+00 -6.406529943111968772e-02
1.156912003999999979e+04 2.057473457956719987e+00 -6.506376817234788001e-02
1.156952750999999989e+04 1.999139132152720100e+00 -6.266393841890277594e-02
1.156999323000000004e+04 1.940377097845350063e+00 -5.545198596403677627e-02
1.157045898999999918e+04 1.888549335583030064e+00 -4.539793685397713191e-02
1.157104124000000047e+04 1.838418253073180075e+00 -3.653292744617633175e-02
1.157156531999999970e+04 1.801828015424689955e+00 -3.214864753983612961e-02
1.157214768000000004e+04 1.762031264592810009e+00 -3.073005400974710213e-02
1.157243888999999945e+04 1.744160280324069889e+00 -2.606897831746598365e-02
1.157302133999999933e+04 1.713040133746110083e+00 -2.328952027419581641e-02
1.157360384999999951e+04 1.685738108642989896e+00 -2.112046431738109561e-02
1.157395339000000058e+04 1.670608791858060105e+00 -1.592555885140123362e-02
1.157459425999999985e+04 1.651620056050469909e+00 -1.211571063592835167e-02
1.157506040000000030e+04 1.641466496997439961e+00 -7.668053360599819297e-03
1.157546829000000071e+04 1.636899516980349967e+00 -2.238771796569131479e-03
1.157610934000000088e+04 1.635942692468929982e+00 1.024903544109992707e-03
1.157645902999999998e+04 1.638576417970069921e+00 5.940096949839956432e-03
1.157704189000000042e+04 1.647294176805560006e+00 8.965097358730083829e-03
1.157756652000000031e+04 1.659200413455879985e+00 1.190801596800161559e-02
1.157803290000000015e+04 1.671967392487099913e+00 1.337494501585062903e-02
1.157861592000000019e+04 1.688609594418589932e+00 1.346302795387389201e-02
1.157896575999999914e+04 1.698285765185219898e+00 1.280881914184500876e-02
1.157949056999999993e+04 1.712065687570569983e+00 1.073199696526300033e-02
1.158007373999999982e+04 1.723092979880729958e+00 7.683536187192392154e-03
1.158048199999999997e+04 1.727819312854079969e+00 2.788764635157488236e-03
1.158100693999999930e+04 1.728182089738000027e+00 -2.453331430952735738e-03
1.158159027000000060e+04 1.721476066868820043e+00 -6.892626462896078027e-03
1.158194030000000021e+04 1.714005457558900103e+00 -1.202849346787270360e-02
1.158252371999999923e+04 1.697076363963500034e+00 -1.522377924437648584e-02
1.158304886000000079e+04 1.677476065330580024e+00 -1.628609287218688376e-02
1.158351568000000043e+04 1.662142382929429951e+00 -1.557226221882934171e-02
1.158398255000000063e+04 1.646015259183069901e+00 -1.400407799886937976e-02
1.158456617999999980e+04 1.630258110310349950e+00 -1.142419807760964960e-02
1.158497475999999915e+04 1.621358026168880029e+00 -7.914035901223488018e-03
1.158550012000000061e+04 1.614038732525820086e+00 -4.970831974975078310e-03
1.158596714000000065e+04 1.610351287500290107e+00 -2.186179953508156880e-03
1.158649258999999984e+04 1.608923593185650036e+00 -2.316038010223088516e-04
1.158701808999999957e+04 1.609314533459260010e+00 1.328843177906118998e-03
1.158754363999999987e+04 1.611383702015179997e+00 2.888770969770716995e-03
1.158801082999999926e+04 1.614940019370890045e+00 4.549639442558191769e-03
1.158853646999999910e+04 1.620525533795480033e+00 6.405241339590608124e-03
1.158900374000000011e+04 1.628010964715810083e+00 9.182425198759842921e-03
1.158947105999999985e+04 1.638362802900110049e+00 1.198579407753438443e-02
1.159005524999999943e+04 1.654364828341210014e+00 1.446273118291754173e-02
1.159052265000000079e+04 1.670272339208169976e+00 1.793153651434373913e-02
1.159099008999999933e+04 1.689645793021510078e+00 2.008747300692909424e-02
1.159151599999999962e+04 1.712327696562490065e+00 2.106813155430864795e-02
1.159204196000000047e+04 1.736378075884789984e+00 2.235859372337212908e-02
1.159250951999999961e+04 1.759201250481529977e+00 2.165578783428789844e-02
1.159303557000000001e+04 1.781766961279430017e+00 1.959798554827400091e-02
1.159344476000000031e+04 1.797820335904759981e+00 1.591403667946605233e-02
1.159397090000000026e+04 1.813042985071420032e+00 1.116266426042616423e-02
1.159449707999999919e+04 1.822347637723459979e+00 5.958522382889883812e-03
1.159496485000000030e+04 1.825180910360920006e+00 2.935052821637219151e-04
1.159549113000000034e+04 1.822479966544060082e+00 -4.538012450617271917e-03
1.159601744999999937e+04 1.814477635283080037e+00 -8.497931969085872547e-03
1.159648533999999927e+04 1.803976155057160025e+00 -1.174972918482595184e-02
1.159701175999999941e+04 1.789078082595479957e+00 -1.349090042354577496e-02
1.159753823000000011e+04 1.773171386475919986e+00 -1.368566213015628280e-02
1.159806473999999980e+04 1.757833418433069950e+00 -1.411703104567959763e-02
1.159847429000000011e+04 1.744535107546000052e+00 -1.383362215682710714e-02
1.159900088999999934e+04 1.729760074716240048e+00 -1.248162435897786325e-02
1.159946902000000046e+04 1.717572537071420102e+00 -1.099797167986907298e-02
1.160005423999999948e+04 1.704540726019470043e+00 -9.064499612537583323e-03
1.160052246000000014e+04 1.696693796973040014e+00 -7.302175669579157036e-03
1.160110778000000028e+04 1.687618728025680026e+00 -6.501161409885766046e-03
1.160140047000000050e+04 1.684090708652739909e+00 -4.600695260129974117e-03
1.160204442999999992e+04 1.677969298144849963e+00 -3.871361674822590849e-03
1.160251281000000017e+04 1.674361054414660099e+00 -3.371598584963729755e-03
1.160292266999999993e+04 1.671223147632850070e+00 -3.301125929636328660e-03
1.160350825000000077e+04 1.666864212118779998e+00 -4.509898953622409369e-03
1.160526532000000043e+04 1.647542530814180006e+00 -5.354133541083413821e-03
1.160649560000000019e+04 1.631289319435309970e+00 -4.992374540331324766e-03
1.160790194999999949e+04 1.618177891881219965e+00 -2.586144376955888235e-03
1.160895694000000003e+04 1.616504704516930069e+00 1.849101708444897928e-03
1.161042252999999982e+04 1.626873618635799934e+00 5.086373975132157249e-03
1.161165391000000091e+04 1.644424418866760051e+00 7.709709330869755559e-03
1.161300288000000000e+04 1.668018863170690036e+00 8.901357591629585966e-03
1.161441083000000071e+04 1.695389897892700004e+00 9.458093561249453912e-03
1.161587781999999970e+04 1.724578792657120108e+00 9.366805063446658267e-03
1.161716907999999967e+04 1.749117266110030045e+00 8.050734555689765398e-03
1.161863676999999916e+04 1.770578004951000040e+00 5.595233074304642104e-03
1.162004610999999932e+04 1.782022485880720097e+00 2.058995960078368898e-03
1.162157329000000027e+04 1.782022850718389950e+00 -1.205211220171907918e-03
1.162310087000000021e+04 1.772667672279530038e+00 -3.117529763876995472e-03
1.162451130999999987e+04 1.761046183250589925e+00 -3.763315210872213070e-03
1.162615725999999995e+04 1.746637489860799919e+00 -3.766171771277952544e-03
1.162774488000000019e+04 1.733487327566950009e+00 -3.579612558781582882e-03
1.162915646000000015e+04 1.722269107645489905e+00 -3.223111240062973698e-03
1.163080374999999913e+04 1.710959223509749938e+00 -2.707841024896095496e-03
1.163233380000000034e+04 1.702359227859580049e+00 -2.159578786459712130e-03
1.163409974999999940e+04 1.694158750784769962e+00 -2.161944793699667900e-03
1.163574846000000070e+04 1.684936691824610033e+00 -3.003261269162263349e-03
1.163739763999999923e+04 1.671416200149149933e+00 -4.016217964597421780e-03
1.163910621999999967e+04 1.654529252242229909e+00 -4.674935533992826374e-03
1.164087426000000050e+04 1.635049512395220006e+00 -4.671724188099382787e-03
1.164258388000000014e+04 1.618175497540730090e+00 -3.968603364495454019e-03
1.164429400999999962e+04 1.604427878012870012e+00 -2.899973132856934355e-03
1.164612263999999959e+04 1.594551212903720039e+00 -1.886773999601396891e-03
1.164783381999999983e+04 1.588443621245809956e+00 -9.559997104103449368e-04
1.164966358000000037e+04 1.585589038853379984e+00 1.100779294170241198e-04
1.165137581999999929e+04 1.587529876007770069e+00 1.629760416975041364e-03
1.165332486000000063e+04 1.596507788263380023e+00 3.214755591770790052e-03
1.165515637000000061e+04 1.611580505878299929e+00 4.399863075973496108e-03
1.165698847000000023e+04 1.629071807294079965e+00 4.626261462295246790e-03
1.165899854000000050e+04 1.647586333850320051e+00 4.153098733711736365e-03
1.166095016000000032e+04 1.662200910772239970e+00 3.100036947115451195e-03
1.166284326999999939e+04 1.671104843684509955e+00 1.753685025925297986e-03
1.166467782000000079e+04 1.674302565822539890e+00 5.837600560743196748e-04
1.166663138000000072e+04 1.673953459262830012e+00 -2.054422366725062348e-04
1.166876327999999921e+04 1.670500180031599946e+00 -6.573987226598387726e-04
1.167071822000000066e+04 1.666211544193850091e+00 -8.240376513976977292e-04
1.167261455999999998e+04 1.661836139714190086e+00 -9.419666966550945333e-04
1.167486727000000064e+04 1.655834376115209894e+00 -9.310388504975145637e-04
1.167688359999999921e+04 1.651258333220720020e+00 -5.844091665371092250e-04
1.167895997999999963e+04 1.648718268924940000e+00 3.028643323960786919e-05
1.168097774000000027e+04 1.649505623328280102e+00 7.758985568552521396e-04
1.168323372999999992e+04 1.653682902157590062e+00 1.290615479011124334e-03
1.168531240000000071e+04 1.659298109431500023e+00 1.409748618565098829e-03
1.168751065999999992e+04 1.664431353247320056e+00 9.650389775233797181e-04
1.168965032000000065e+04 1.666086666992200094e+00 1.111422632398897530e-04
1.169173129999999946e+04 1.663352114274710081e+00 -9.534672989968354800e-04
1.169405099999999948e+04 1.654972239096260012e+00 -1.976411001789823898e-03
1.169631211000000076e+04 1.641791666346299916e+00 -2.930770728256997318e-03
1.169851457999999911e+04 1.624880878958600006e+00 -3.615310837845216001e-03
1.170083700999999928e+04 1.604682622362529898e+00 -3.806268910393643089e-03
1.170304119999999966e+04 1.585914707121250045e+00 -3.262758439525463919e-03
1.170536546000000089e+04 1.570948481485330062e+00 -2.170927872233773502e-03
1.170763100999999915e+04 1.562408322023590035e+00 -8.830478481412481822e-04
1.171007642999999916e+04 1.559757709144079962e+00 2.859811112766097647e-04
1.171234383999999955e+04 1.562960091690470010e+00 1.323222760517169623e-03
1.171473155000000042e+04 1.570597791848540092e+00 1.923172388665852443e-03
1.171712024000000019e+04 1.580192489132119960e+00 2.166799841888335590e-03
1.171950993000000017e+04 1.590319467610040061e+00 2.191398851313798753e-03
1.172190061000000060e+04 1.600173103137519925e+00 1.998163681001008038e-03
1.172435207000000082e+04 1.608563267239200067e+00 1.591593624526311179e-03
1.172704391000000032e+04 1.615093016369280043e+00 1.300342451429045742e-03
1.172931798999999955e+04 1.619884831110599999e+00 1.086405413634153978e-03
1.173183249000000069e+04 1.623825976776319902e+00 7.946246782346099271e-04
1.173434807999999975e+04 1.625928908512020099e+00 3.444649700655687263e-04
1.173710452000000078e+04 1.625100620590310019e+00 -1.153874767355586210e-04
1.173956243999999970e+04 1.622077054407760066e+00 -3.597754805308938882e-04
1.174208139999999912e+04 1.618830876810499975e+00 -2.052685866810995217e-04
1.174478149999999914e+04 1.617221546080070071e+00 2.530304217558767589e-04
1.174742281999999977e+04 1.619080974252530059e+00 8.821359361323034397e-04
1.175012542000000030e+04 1.624639825004140059e+00 1.256271509658928769e-03
1.175276916999999958e+04 1.630767487130780014e+00 1.057965040629443723e-03
1.175559452000000056e+04 1.634282211514539895e+00 2.321856142610470434e-04
1.175824078000000009e+04 1.630780498332730089e+00 -1.201192985747139962e-03
1.176100861000000077e+04 1.617748635327749929e+00 -2.517768653056125325e-03
1.176371754999999939e+04 1.598681442002880093e+00 -3.087034438604471104e-03
1.176648799999999937e+04 1.578983547864369896e+00 -2.781356080477300624e-03
1.176932005000000026e+04 1.562696834300169924e+00 -2.067061070552064870e-03
1.177215346999999929e+04 1.551222921433820012e+00 -1.317729749098955081e-03
1.177510894999999982e+04 1.543580268722589910e+00 -8.283117621289600710e-04
1.177782447999999931e+04 1.538413441362129985e+00 -5.298612039440872730e-04
1.178060167999999976e+04 1.534668738254379994e+00 -2.662971028631596422e-04
1.178362188000000060e+04 1.532265509084359989e+00 -5.542999891673031207e-05
1.178652275000000009e+04 1.531051777577050022e+00 1.003998195104960567e-04
1.178930409999999938e+04 1.530682388093850044e+00 2.287756189588601493e-04
1.179232883000000038e+04 1.531023370252589944e+00 4.439234072039673074e-04
1.179517351000000053e+04 1.533346134223600110e+00 8.381972082641181345e-04
1.179832243999999992e+04 1.538782024475360055e+00 1.291365396148747100e-03
1.180117005000000063e+04 1.546902582886970023e+00 1.768029199000986217e-03
1.180432222999999976e+04 1.558443529292889984e+00 2.060549586186101022e-03
1.180729411000000073e+04 1.570790890649369942e+00 2.091135533105474738e-03
1.181038890999999967e+04 1.582503645198839903e+00 1.792035470202651753e-03
1.181336390000000029e+04 1.590992470249120050e+00 1.147206215799322429e-03
1.181658345000000008e+04 1.594603702160710013e+00 3.566260257850826436e-04
1.181962239000000045e+04 1.592667893068629992e+00 -4.403511577351794230e-04
1.182272374999999920e+04 1.585813410416770042e+00 -1.089887486211128754e-03
1.182588761999999952e+04 1.575021968054449939e+00 -1.586405966701927208e-03
1.182899231999999938e+04 1.561521834160390032e+00 -2.069726341381953987e-03
1.183215958999999930e+04 1.544253868385450090e+00 -2.443407050419393791e-03
1.183538954999999987e+04 1.525042293999959941e+00 -2.366081721746458519e-03
1.183849930999999924e+04 1.509147499290909966e+00 -1.791191283657517317e-03
1.184179379999999946e+04 1.497428627447900062e+00 -1.064509981493213901e-03
1.184496803000000000e+04 1.491278462039870023e+00 -3.291828713624280335e-04
1.184844945999999982e+04 1.489478136661319896e+00 2.204762823808617978e-04
1.185168844999999965e+04 1.491126660219090017e+00 5.858327867817257053e-04
1.185499039000000084e+04 1.494425748383509944e+00 5.396935602279660663e-04
1.185835540000000037e+04 1.495513727191930098e+00 2.496613507646557113e-05
1.186172235000000001e+04 1.491467416953109915e+00 -5.362920350353896906e-04
1.186515250999999989e+04 1.484392742150959954e+00 -6.330946010628512449e-04
1.186852337000000080e+04 1.478936318201490074e+00 -2.509683018497360836e-04
1.187195751999999993e+04 1.477398686605920108e+00 3.188142279827726891e-04
1.187533230999999978e+04 1.480210158162829970e+00 8.228700161328828585e-04
1.187883186999999998e+04 1.486072794648269912e+00 1.059682991779597626e-03
1.188227208000000064e+04 1.492470853482289916e+00 1.139939614708417384e-03
1.188577578999999969e+04 1.499529061572159927e+00 1.124067512231640862e-03
1.188946616999999969e+04 1.506168451381610041e+00 1.001000760259115364e-03
1.189297419000000082e+04 1.511346025727059894e+00 6.817468469621819219e-04
1.189648430999999982e+04 1.512912262723780099e+00 1.633526563990877708e-04
1.189987326000000030e+04 1.510349907079719944e+00 -4.790234511667071002e-04
1.190363420000000042e+04 1.502087122458370061e+00 -1.129925299823135009e-03
1.190715070000000014e+04 1.489231856498729911e+00 -1.684000849306903835e-03
1.191091631000000052e+04 1.472352624070939919e+00 -1.826461256888170384e-03
1.191456076000000030e+04 1.456724122548870071e+00 -1.560867611402582929e-03
1.191808381000000008e+04 1.444967852169180000e+00 -1.024749422831713582e-03
1.192185643999999957e+04 1.437189206536420016e+00 -5.028099029751369404e-04
1.192550768000000062e+04 1.433351386554009954e+00 -5.284447423708270677e-05
1.192928507999999965e+04 1.432692279738190022e+00 2.315684388241350726e-04
1.193306489999999940e+04 1.433359412585170078e+00 2.925851359187066195e-04
1.193672311000000082e+04 1.433667844291840021e+00 2.337595721291812665e-04
1.194044564999999966e+04 1.433401732826500075e+00 1.327569802314063671e-04
1.194429476000000068e+04 1.432080681388339993e+00 -2.330029117146364951e-05
1.194795995000000039e+04 1.429326298040050069e+00 -2.995459152397657765e-04
1.195193833000000086e+04 1.423433088152910031e+00 -4.876623506810556807e-04
1.195573272999999972e+04 1.417414913891450023e+00 -3.513698791853421262e-04
1.195946731000000000e+04 1.414083209894120063e+00 7.798297095778127170e-05
1.196339117000000078e+04 1.414915155021539972e+00 4.875892191653733191e-04
1.196744232999999986e+04 1.418445048418720100e+00 6.415762518609063013e-04
1.197124671999999919e+04 1.421790816388410095e+00 5.440047464940593342e-04
1.197530327000000034e+04 1.423690057745139903e+00 3.322287955734170455e-04
1.197917519999999968e+04 1.423500873476180040e+00 1.433927384907247339e-04
1.198311218999999983e+04 1.422230241919979932e+00 1.027301603666133813e-04
1.198723946000000069e+04 1.421294161735080053e+00 1.138485715547934009e-04
1.199136961999999949e+04 1.420166422905049908e+00 -1.780607424077542501e-05
1.199544002000000000e+04 1.416942594461499949e+00 -3.186603204305044111e-04
1.199951322000000073e+04 1.410621226934150041e+00 -6.629980331339993798e-04
1.200352649999999994e+04 1.401527410687879893e+00 -1.007937401961566662e-03
1.200766805000000022e+04 1.389078166974329953e+00 -1.264310176854746819e-03
1.201181249000000025e+04 1.375108519792860085e+00 -1.343085986418831321e-03
1.201583411999999953e+04 1.361670036307299991e+00 -1.115102837370553299e-03
1.202011009000000013e+04 1.351292351727009899e+00 -6.868701323537891850e-04
1.202426324999999997e+04 1.345172627822990075e+00 -2.263378804916217363e-04
1.202854530999999952e+04 1.343065781029759931e+00 1.036654650480200762e-04
1.203264134000000013e+04 1.342896747040539962e+00 2.614984087444991129e-04
1.203699253999999928e+04 1.343613814706430043e+00 3.252017214987683422e-04
1.204109440999999970e+04 1.344593299853009905e+00 3.107692997965184130e-04
1.204538862999999947e+04 1.345040565847450020e+00 2.748876913809441668e-04
1.204974918000000071e+04 1.345401874589680080e+00 2.741044337558775192e-04
1.205404966000000059e+04 1.345835261286089990e+00 2.780266400503839065e-04
1.205841656999999941e+04 1.346269636770800027e+00 2.374648174880868016e-04
1.206265998000000036e+04 1.345952654553070005e+00 1.330203501767123582e-04
1.206703320999999960e+04 1.344468262574900042e+00 2.576936678714241338e-05
1.207134621999999945e+04 1.342150399188640097e+00 -2.783765975911648452e-05
1.207572583999999915e+04 1.339669656331260006e+00 -1.659992545612913112e-05
1.208004514999999992e+04 1.337556746503030025e+00 -5.635186706745653980e-05
1.208462195000000065e+04 1.334217868875269941e+00 -2.415136864454180891e-04
1.208907498999999916e+04 1.328458084160780039e+00 -4.509374793041253564e-04
1.209353134999999929e+04 1.321262306542509979e+00 -5.607795576028036305e-04
1.209799105000000054e+04 1.313404694473419898e+00 -5.734572550421396242e-04
1.210251785999999993e+04 1.305847060392339998e+00 -5.269840612065392754e-04
1.210711195000000043e+04 1.298662690471700021e+00 -4.736924692572014057e-04
1.211170955999999933e+04 1.292035037925510110e+00 -4.217888148028515810e-04
1.211637464999999975e+04 1.285769050084510035e+00 -4.331765431795458446e-04
1.212097940999999992e+04 1.278906369245440100e+00 -4.756230455665141541e-04
1.212558770999999979e+04 1.271887007167340045e+00 -4.582394837393103694e-04
1.213019957000000068e+04 1.265355368096249933e+00 -3.702234385798112851e-04
1.213475085000000036e+04 1.260139398026520086e+00 -2.180871900893441686e-04
1.213962649000000056e+04 1.256327463492630025e+00 -4.845098262998803041e-05
1.214431341000000066e+04 1.254440281099830079e+00 7.782936151235521078e-05
1.214900400000000081e+04 1.253263518974190083e+00 9.002813289186352842e-05
1.215382691999999952e+04 1.251579343947019973e+00 9.961121831666172426e-05
1.215846058000000085e+04 1.250612924616490096e+00 1.476913871776273674e-04
1.216322668999999951e+04 1.249908283749640026e+00 1.884077698246725148e-04
1.216812555000000066e+04 1.249733768645509890e+00 1.755702931981495169e-04
1.217283481000000029e+04 1.248771310662170064e+00 1.170585454550978808e-04
1.217754775999999947e+04 1.247443317672660035e+00 8.249029502762704848e-05
1.218252296000000024e+04 1.245702148864819891e+00 3.070650376364762534e-05
1.218724351999999999e+04 1.243301226602729903e+00 -4.816154872205160372e-05
1.219222675999999956e+04 1.239924843776700092e+00 -1.586405864609006882e-04
1.219695494999999937e+04 1.235231771296630088e+00 -2.706778061483244564e-04
1.220194623999999931e+04 1.229526904847650037e+00 -3.563510714145358828e-04
1.220674697000000015e+04 1.222967534695309944e+00 -4.601828846894834616e-04
1.221187629999999990e+04 1.214891407020179948e+00 -5.051716183294273788e-04
1.221674995999999919e+04 1.207265032756130063e+00 -4.658963918608435102e-04
1.222175769000000037e+04 1.200207266033689990e+00 -3.892397323379377335e-04
1.222689982000000055e+04 1.193840865908609938e+00 -3.125442376655597531e-04
1.223191598999999951e+04 1.188433088374690083e+00 -2.636118304878403026e-04
1.223693633000000045e+04 1.183254974501199985e+00 -2.505870214757666722e-04
1.224196084999999948e+04 1.178117344621169904e+00 -2.554518013050862128e-04
1.224718555999999990e+04 1.172623039721119920e+00 -3.039233410551703761e-04
1.225234939999999915e+04 1.166267243877590065e+00 -3.472302091120292003e-04
1.225751764999999978e+04 1.159883309212480063e+00 -3.379661677972171300e-04
1.226242830999999933e+04 1.154038773003039919e+00 -2.215523487519565086e-04
1.226780185999999958e+04 1.149958419003560106e+00 -8.041818957034262009e-05
1.227298332999999911e+04 1.147028747925850078e+00 2.338341211145308302e-05
1.227810356999999931e+04 1.145396611755280070e+00 1.412662655968454598e-04
1.228349106000000029e+04 1.145016769222590103e+00 2.442657367945428779e-04
1.228862018999999964e+04 1.145692492891170033e+00 2.429597721828952650e-04
1.229381949999999961e+04 1.145278596268729965e+00 1.888666208157623136e-04
1.229922098000000005e+04 1.144738582983809927e+00 1.331045154068154982e-04
1.230436342999999943e+04 1.143076199566499973e+00 2.584829261173572510e-05
1.230977429999999913e+04 1.140120820707140048e+00 -8.191121614603405000e-05
1.231499177000000054e+04 1.135983645795219932e+00 -1.951693161326004588e-04
1.232027985000000081e+04 1.130573289174910068e+00 -3.209046176374169080e-04
1.232570492000000013e+04 1.123375389850149952e+00 -4.350432935652701039e-04
1.233120106999999916e+04 1.115062355712010067e+00 -4.730654531459474129e-04
1.233656957999999941e+04 1.107063998111379899e+00 -4.632503836358583898e-04
1.234200919000000067e+04 1.099062032981469983e+00 -4.048221405050965384e-04
1.234745367000000078e+04 1.092307127476739970e+00 -3.127685462999058095e-04
1.235277003999999943e+04 1.086584311390389912e+00 -2.556626899379371644e-04
1.235835722999999962e+04 1.080991527355920079e+00 -1.943736838008454728e-04
1.236394953999999962e+04 1.076443253490730001e+00 -1.768258808224843154e-04
1.236954697999999917e+04 1.071259831678750052e+00 -2.072664554358882795e-04
1.237514955999999984e+04 1.065975700186190034e+00 -2.014166148927855034e-04
1.238082407000000057e+04 1.060860905063609971e+00 -1.767709899759458954e-04
1.238637015000000065e+04 1.056218496253120032e+00 -1.602914116385980865e-04
1.239192127000000073e+04 1.051600920848509979e+00 -1.405023270571855647e-04
1.239747743000000082e+04 1.047418754371209904e+00 -1.140536217466254983e-04
1.240310568000000058e+04 1.043370791791369934e+00 -8.742230995148870078e-05
1.240894038999999975e+04 1.039634542575619935e+00 -5.582095219363389512e-05
1.241451202999999987e+04 1.036393570264839914e+00 -2.053919066173059610e-05
1.242008873999999923e+04 1.033653785908509981e+00 -1.153542982404033010e-05
1.242593965000000026e+04 1.030482374177690064e+00 -8.983876649079841295e-06
1.243159411999999975e+04 1.027764959447230009e+00 4.531317161363963306e-06
1.243738860999999997e+04 1.024952343882739925e+00 -9.390973903186737148e-06
1.244312111000000004e+04 1.021855066931320000e+00 -7.536117983010105878e-05
1.244879141999999956e+04 1.017502215178669900e+00 -1.332120963702409003e-04
1.245480496999999923e+04 1.012780142222349911e+00 -1.597853066713255028e-04
1.246048608000000058e+04 1.007756304099240108e+00 -2.026835993634037948e-04
1.246630789999999979e+04 1.002141888019800087e+00 -2.360701822665567547e-04
1.247220302000000083e+04 9.960860529344990333e-01 -2.593930450655091194e-04
1.247817165000000023e+04 9.897354522103920527e-01 -2.927695941706157188e-04
1.248401022000000012e+04 9.828985072102089937e-01 -2.961270594636436233e-04
1.249005829000000085e+04 9.763740873120559938e-01 -2.890760432741607661e-04
1.249597618999999941e+04 9.696278647571620057e-01 -2.877059105864080584e-04
1.250203600999999981e+04 9.631254046447359496e-01 -2.547694290553673656e-04
1.250810179000000062e+04 9.570671383965679846e-01 -2.219494418079999735e-04
1.251396876999999949e+04 9.515994600582889928e-01 -1.788717229959190089e-04
1.251997796999999991e+04 9.466866518977290479e-01 -1.386931491002490829e-04
1.252612979000000087e+04 9.420118031939640479e-01 -1.332389983116300729e-04
1.253221926999999960e+04 9.371780580206210409e-01 -1.143723747442990367e-04
1.253824624000000040e+04 9.330875910495840531e-01 -9.071030665285317938e-05
1.254448485000000073e+04 9.287628188773020543e-01 -9.562109647494657343e-05
1.255052376999999979e+04 9.245356005979079583e-01 -9.259036863277014871e-05
1.255663731000000007e+04 9.203764756331740404e-01 -7.942497790123537475e-05
1.256268808999999965e+04 9.164825330033059547e-01 -5.958173784618765614e-05
1.256908907999999974e+04 9.126599291962970151e-01 -4.646898485561152213e-05
1.257501416000000063e+04 9.091885019360810283e-01 -4.710633336095524038e-05
1.258122089000000051e+04 9.054643665136450359e-01 -6.193150916797494064e-05
1.258750288999999975e+04 9.013864813896159678e-01 -7.882910175844748022e-05
1.259372212000000036e+04 8.972041393342089499e-01 -1.183536043243613829e-04
1.259994756000000052e+04 8.921148853825060510e-01 -1.622438888121606828e-04
1.260624851999999919e+04 8.866994215865680040e-01 -1.945854275257769006e-04
1.261255587000000014e+04 8.806720446009620451e-01 -2.069187530435602344e-04
1.261893901999999980e+04 8.748482718932649727e-01 -1.920402782643811665e-04
1.262532872999999927e+04 8.691491780863229710e-01 -1.923328594117834113e-04
1.263172498000000087e+04 8.633056111484279649e-01 -1.955032344447162735e-04
1.263826706999999988e+04 8.573814950486929876e-01 -2.022399238011488856e-04
1.264467661000000044e+04 8.513398078338260122e-01 -2.077978105975475430e-04
1.265102296999999999e+04 8.454453627148840189e-01 -2.088960150861876434e-04
1.265744562000000042e+04 8.393615088700829840e-01 -2.069958408112271405e-04
1.266387487999999939e+04 8.334413663092290481e-01 -1.875011713376073161e-04
1.267052073000000019e+04 8.276925133834730497e-01 -1.586120554246984462e-04
1.267689337999999952e+04 8.226247808063900102e-01 -1.404704271632302589e-04
1.268348293999999987e+04 8.174240849564420319e-01 -1.244870773509942105e-04
1.269000922999999966e+04 8.126816160063280448e-01 -1.098926726872981823e-04
1.269640175000000090e+04 8.080322979701359820e-01 -9.334273078532244862e-05
1.270301186000000052e+04 8.036877171111449503e-01 -6.461331333589251011e-05
1.270962895000000026e+04 7.996933034616809932e-01 -6.431719505149967884e-05
1.271611201000000074e+04 7.954370914116799529e-01 -8.605337107192032660e-05
1.272281350000000020e+04 7.907784855047159667e-01 -9.320846738425589699e-05
1.272938083999999981e+04 7.862628608618940085e-01 -1.019921983210340829e-04
1.273602577000000019e+04 7.813959183686699506e-01 -1.122525976687933712e-04
1.274281934000000001e+04 7.764256480045760300e-01 -1.217258884996028344e-04
1.274954937000000064e+04 7.712232542815949943e-01 -1.283122365708714544e-04
1.275621565000000010e+04 7.661606076665790077e-01 -1.332046394047134148e-04
1.276310208000000057e+04 7.606969979574289553e-01 -1.550715734985095391e-04
1.276992492999999922e+04 7.548735681666950414e-01 -1.612735657888947924e-04
1.277661278999999922e+04 7.493947836642369520e-01 -1.485591281183088342e-04
1.278337902000000031e+04 7.439834473273569948e-01 -1.429004594334645295e-04
1.279036650999999983e+04 7.384280745266480483e-01 -1.469815307511992508e-04
1.279714748999999938e+04 7.328851711503170385e-01 -1.527711593863651407e-04
1.280415024000000085e+04 7.271473462478349470e-01 -1.619717944861912300e-04
1.281094602999999915e+04 7.213216339850320180e-01 -1.672649924273882105e-04
1.281796406999999999e+04 7.154150940163449546e-01 -1.710835866646171833e-04
1.282477471999999943e+04 7.094641701482570229e-01 -1.670418049737279627e-04
1.283180810999999994e+04 7.036637720298829501e-01 -1.481752946642169735e-04
1.283848987999999918e+04 6.983739562444439830e-01 -1.441873785738368504e-04
1.284546654999999919e+04 6.927355581328580314e-01 -1.404991961086341987e-04
1.285237886000000071e+04 6.873705054305090378e-01 -1.250114590436263932e-04
1.285951505999999972e+04 6.820696339109819650e-01 -1.070677113901574311e-04
1.286658709000000090e+04 6.771269085925230025e-01 -9.079713296040399007e-05
1.287359469999999965e+04 6.724071876057839958e-01 -9.353052002205012748e-05
1.288061004999999932e+04 6.674216342977260519e-01 -9.719590315961706083e-05
1.288770558999999957e+04 6.625307782063980522e-01 -8.654197171164023956e-05
1.289495408999999927e+04 6.577078765355870438e-01 -9.531477166866595362e-05
1.290206562999999915e+04 6.525375813597700247e-01 -1.074166458236510709e-04
1.290940317999999934e+04 6.472798788813479698e-01 -1.159261181533258693e-04
1.291645809999999983e+04 6.418893169174939572e-01 -1.327765919488707840e-04
1.292359367000000020e+04 6.362712162483969980e-01 -1.228138632098734991e-04
1.293081016000000091e+04 6.310601793305390395e-01 -1.278635107867516052e-04
1.293803480999999920e+04 6.252193823281499974e-01 -1.363649893518666372e-04
1.294534073999999964e+04 6.196765088626779994e-01 -1.287454287115238970e-04
1.295243547000000035e+04 6.141714490587290021e-01 -1.414947615949151008e-04
1.295997767000000022e+04 6.080494299134320269e-01 -1.523924503926697206e-04
1.296716200000000026e+04 6.021310159702829568e-01 -1.429302244669815574e-04
1.297450125999999909e+04 5.964679331084440372e-01 -1.404697868620158926e-04
1.298170189000000028e+04 5.906127978192099448e-01 -1.369414166109585564e-04
1.298891062000000056e+04 5.851615202875779520e-01 -1.378719027974671229e-04
1.299649588000000040e+04 5.789752317939009796e-01 -1.379553075778457507e-04
1.300386879000000044e+04 5.733921434277300389e-01 -1.328459745401814696e-04
1.301125016999999934e+04 5.675270031492729572e-01 -1.398982955813235312e-04
1.301864003000000048e+04 5.617086531659319926e-01 -1.248681220913036040e-04
1.302603838999999971e+04 5.563039950620910501e-01 -1.140397555068711722e-04
1.303359348999999929e+04 5.507054834822410205e-01 -1.185935586882030896e-04
1.304123165999999947e+04 5.449768488985089476e-01 -1.168009879152606716e-04
1.304873032000000057e+04 5.394782689404049592e-01 -1.157205087363301994e-04
1.305638644999999997e+04 5.337712259628809575e-01 -1.081853896828679595e-04
1.306367937999999958e+04 5.286649371401920261e-01 -9.984221871824473880e-05
1.307150237000000016e+04 5.231060926760789931e-01 -1.074731183797801327e-04
1.307911094000000048e+04 5.175260267224029986e-01 -1.031138905750537661e-04
1.308657901999999922e+04 5.123634963018990351e-01 -1.101955441041213752e-04
1.309435498999999982e+04 5.064339799481749615e-01 -1.249461230341833656e-04
1.310199049999999988e+04 5.006649235115420149e-01 -1.207286953264597536e-04
1.310963502999999946e+04 4.949725820824180111e-01 -1.175276132321783224e-04
1.311721350999999959e+04 4.893502033126619910e-01 -1.281612258352101330e-04
1.312472568999999930e+04 4.834140900191239987e-01 -1.307111416284376451e-04
1.313247234000000026e+04 4.775799442682799878e-01 -1.346377633333376521e-04
1.314030358999999953e+04 4.712672881191989904e-01 -1.383150397727303494e-04
1.314799343000000044e+04 4.653557463457360099e-01 -1.260448249135148714e-04
1.315584343000000081e+04 4.594348759539059746e-01 -1.246701489573232935e-04
1.316362729000000036e+04 4.534975682234240191e-01 -1.368599786100532887e-04
1.317134477999999945e+04 4.472743165855880276e-01 -1.331052547653982922e-04
1.317929881000000023e+04 4.413289738954280228e-01 -1.232756896387591052e-04
1.318718668000000071e+04 4.353054426734809801e-01 -1.224135139889394991e-04
1.319516007999999965e+04 4.293746231856159778e-01 -1.145361556148588106e-04
1.320306717000000026e+04 4.236033307317340069e-01 -1.072258893178169831e-04
1.321090769000000000e+04 4.180158805147199952e-01 -1.008728570541531035e-04
1.321883388000000014e+04 4.124443814146390164e-01 -8.605561167938691235e-05
1.322684605999999985e+04 4.072389733781319743e-01 -5.001713131773236932e-05
1.323463872000000083e+04 4.029721992017549770e-01 7.304263501942984146e-06
1.324282337000000007e+04 3.996161412075380226e-01 1.179399573192345965e-04
1.325086499999999978e+04 3.990582366952469817e-01 4.372592941435679646e-04
1.325868632000000071e+04 4.065899144652380115e-01 1.727419990508436342e-03
1.326674745000000075e+04 4.497303532575460117e-01 1.641393691053732659e-02
1.327474157999999989e+04 9.605663053507309534e-01 1.922438533889929413e-02
1.328274546000000009e+04 1.097596362720580032e+00 9.108624116866203407e-03
1.329099042000000009e+04 1.268129337940709922e+00 4.657224532471989850e-03
1.329909132999999929e+04 1.251856260948220001e+00 1.735337766001703247e-03
1.330712494999999944e+04 1.319878084130970075e+00 7.711648697067475557e-04
1.331532315999999992e+04 1.270548259069979924e+00 -5.861090988717494602e-04
1.332353159000000051e+04 1.291291942788179936e+00 2.109121197589728259e-03
1.333190544000000045e+04 1.336948561023520110e+00 2.788243292198958750e-03
