# energy mu dmude
1.033342993999999999e+04 -1.551487670123300022e+00 5.524435834904368445e-05
1.033852268000000004e+04 -1.554048304362950050e+00 -1.350584560478759090e-05
1.034338869999999952e+04 -1.557200338658450089e+00 -1.022963495785460535e-04
1.034849144999999953e+04 -1.560678644455959940e+00 -7.460607776547851535e-05
1.035359932999999910e+04 -1.563700247605700033e+00 -1.075240068312979573e-05
1.035847982000000047e+04 -1.566379963186939950e+00 -2.317357430148093365e-05
1.036359775000000081e+04 -1.569535254861750051e+00 -3.533994517821792083e-05
1.036848785999999927e+04 -1.572346032464899901e+00 -7.820148664542329170e-06
1.037361586999999963e+04 -1.575223289764269952e+00 -2.066578590631516053e-05
1.037851562000000013e+04 -1.578172253496620048e+00 -3.018362203188253731e-05
1.038342007999999987e+04 -1.581015766157130020e+00 -1.757651914766793490e-05
1.038856314999999995e+04 -1.583977981859010065e+00 3.604511024632373934e-05
1.039347730000000047e+04 -1.586271482289349999e+00 -1.401581053032944542e-05
1.039839617999999973e+04 -1.589623693892640022e+00 -5.512778786985779710e-05
1.040355437999999958e+04 -1.592484148841829983e+00 -1.431873305201041412e-05
1.040848298000000068e+04 -1.595418258005909973e+00 -2.598979238549266102e-05
1.041341633999999976e+04 -1.598268133277189973e+00 -5.006307663749571841e-06
1.041858973999999944e+04 -1.601127320655169939e+00 9.751396738858534127e-06
1.042353286999999909e+04 -1.603828898041280038e+00 2.438836065075511073e-05
1.042848077000000012e+04 -1.606414976869839917e+00 3.253645019116738001e-05
1.043343346999999994e+04 -1.609038557002459902e+00 2.092773465074384537e-05
1.043839095000000088e+04 -1.611748204224290104e+00 5.449287709214270894e-05
1.044358965999999964e+04 -1.614152961694439892e+00 6.503748282959627197e-05
1.044855698999999913e+04 -1.616757126860790095e+00 4.442455958345676112e-05
1.045352911999999924e+04 -1.619261329918290082e+00 8.243099355802508701e-05
1.045850609000000077e+04 -1.621480871849579897e+00 1.555872029558085987e-04
1.046348787000000084e+04 -1.623239055552230026e+00 2.045643920194906693e-04
1.046847450000000026e+04 -1.624959450173129927e+00 2.396196041823827781e-04
1.047346596999999929e+04 -1.626360641160810028e+00 3.015079537880377110e-04
1.047846227999999974e+04 -1.627447223080030092e+00 3.350373475895759346e-04
1.048346346000000085e+04 -1.628505474391849894e+00 4.099600361858711517e-04
1.048846948999999950e+04 -1.628821675327569940e+00 5.601858894872847622e-04
1.049348040000000037e+04 -1.628330901721259938e+00 7.908802211267562188e-04
1.049849618999999984e+04 -1.626263800493650047e+00 1.150742147740597271e-03
1.050351685999999972e+04 -1.622049451755630090e+00 1.369429034470028093e-03
1.050399526999999944e+04 -1.621583144532360077e+00 1.606526689580131976e-03
1.050447372999999970e+04 -1.621001251840799906e+00 1.997702398522089532e-03
1.050495223000000078e+04 -1.620149173388379937e+00 2.038934278978851364e-03
1.050543078000000060e+04 -1.619526490182449985e+00 1.825969780755644150e-03
1.050590936999999940e+04 -1.618884281047280105e+00 1.813001682845065280e-03
1.050638801000000058e+04 -1.618274268173119923e+00 1.786085062784187110e-03
1.050710604000000058e+04 -1.617352015682010036e+00 1.976719750228648348e-03
1.050758479000000079e+04 -1.616506807001599988e+00 2.316657174206155755e-03
1.050806358000000000e+04 -1.615602517122169957e+00 2.256567056419707135e-03
1.050854241999999977e+04 -1.614816430252620005e+00 2.444556751624576453e-03
1.050902130000000034e+04 -1.613726489259230013e+00 2.654372323148293609e-03
1.050950021999999990e+04 -1.612733200220300089e+00 2.449055653400811217e-03
1.050997919000000002e+04 -1.611845688470380011e+00 2.498209668032880248e-03
1.051045821000000069e+04 -1.610803688407040024e+00 2.920413756865979354e-03
1.051093727000000035e+04 -1.609499243690369896e+00 3.214536096390758265e-03
1.051141637000000082e+04 -1.608166699446980097e+00 3.326549681229500153e-03
1.051189552000000003e+04 -1.606751420390829965e+00 3.481124969257252955e-03
1.051261432000000059e+04 -1.604540746440410004e+00 3.714035085412183048e-03
1.051309358000000066e+04 -1.602837646194829935e+00 3.824542609007301405e-03
1.051357287999999971e+04 -1.601300226140599969e+00 3.792730821583557496e-03
1.051405222999999933e+04 -1.599628241287800012e+00 4.227874438283952055e-03
1.051453161999999975e+04 -1.597660699917770044e+00 4.716605845151804893e-03
1.051501106000000073e+04 -1.595505575893249928e+00 5.046620960391099905e-03
1.051549054000000069e+04 -1.593211608685249914e+00 5.184421338371245774e-03
1.051597005999999965e+04 -1.590919962063400028e+00 5.344261301269911252e-03
1.051644962999999916e+04 -1.588467622409130087e+00 5.603991922323712203e-03
1.051692924999999923e+04 -1.585918807694649990e+00 6.214765126705566745e-03
1.051740891000000011e+04 -1.582862358061720043e+00 6.590988846724561874e-03
1.051788860999999997e+04 -1.579941214622929913e+00 6.950712537469917046e-03
1.051860824999999932e+04 -1.574945001818510049e+00 7.561348417413738844e-03
1.051908806000000004e+04 -1.571268530775030037e+00 8.008541176937319928e-03
1.051956791999999950e+04 -1.567563909156969970e+00 8.597570330631659763e-03
1.052004782999999952e+04 -1.563304221026680096e+00 9.407828788302364381e-03
1.052052778000000035e+04 -1.558797571966670015e+00 9.784227221801096094e-03
1.052100777000000016e+04 -1.554164894325299917e+00 1.045622426296291020e-02
1.052148781000000054e+04 -1.548992719541240071e+00 1.131669849608857130e-02
1.052196788999999990e+04 -1.543507952244989934e+00 1.227814569422979417e-02
1.052244801999999981e+04 -1.537383637659549995e+00 1.340969578397595979e-02
1.052292819000000054e+04 -1.530778257038049928e+00 1.424082525399525574e-02
1.052340840000000026e+04 -1.523830516338539942e+00 1.504610163028703533e-02
1.052388867000000027e+04 -1.516426856375199916e+00 1.723701830204762281e-02
1.052460914000000048e+04 -1.503178807244039961e+00 1.904923901571725295e-02
1.052508950999999979e+04 -1.493531356155550105e+00 2.070674101515319540e-02
1.052556992999999966e+04 -1.483219432608400057e+00 2.283262228864037929e-02
1.052605039000000033e+04 -1.471465551796260041e+00 2.474259798024288151e-02
1.052653089999999975e+04 -1.459260564491380086e+00 2.673292858286846485e-02
1.052701144999999997e+04 -1.445533701812020011e+00 2.968765334218154833e-02
1.052749205000000075e+04 -1.430400373352149979e+00 3.305473840411013442e-02
1.052797269000000051e+04 -1.413336244023869925e+00 3.686611890243395723e-02
1.052845336999999927e+04 -1.394425353287269909e+00 4.214122765386913577e-02
1.052893410000000040e+04 -1.372132772630010100e+00 4.683424519053206586e-02
1.052941488000000027e+04 -1.348568600416020002e+00 5.219985574388799621e-02
1.052989568999999938e+04 -1.320956482466449922e+00 6.093670111856874100e-02
1.053061700999999994e+04 -1.273769856755559982e+00 6.870906005608282130e-02
1.053109793999999965e+04 -1.236523054309430103e+00 8.071208378436330044e-02
1.053157891000000018e+04 -1.194320836306580036e+00 9.300501926618004456e-02
1.053205992999999944e+04 -1.144882896605120104e+00 1.061619948923652884e-01
1.053254099999999926e+04 -1.089629730840879995e+00 1.213107748378974421e-01
1.053302210999999988e+04 -1.025164860474349959e+00 1.371180271878524592e-01
1.053350325999999950e+04 -9.542305504647969894e-01 1.538111452338396246e-01
1.053398445999999967e+04 -8.732020374802670348e-01 1.682582234627627571e-01
1.053446571000000040e+04 -7.879263845997139804e-01 1.801407796971475628e-01
1.053494700000000012e+04 -6.950986161235720440e-01 1.869078893599235847e-01
1.053542833000000064e+04 -6.030967892384789808e-01 1.848889582028358514e-01
1.053590970999999990e+04 -5.122542292432670230e-01 1.730642818077402223e-01
1.053639112999999998e+04 -4.319647822768790113e-01 1.495653404446931067e-01
1.053711334999999963e+04 -3.274549085980399954e-01 1.275486020572754176e-01
1.053759489000000031e+04 -2.744522812273950119e-01 9.619812825970301684e-02
1.053807646999999997e+04 -2.325386526294480061e-01 7.761399448975170312e-02
1.053855809000000045e+04 -1.979703087260649974e-01 6.178253075455693993e-02
1.053903975999999966e+04 -1.717615271788079934e-01 4.544499245181729541e-02
1.053952147999999943e+04 -1.534028061115990105e-01 3.228942974358480628e-02
1.054000324000000001e+04 -1.402487220611439989e-01 2.078815574846622910e-02
1.054048503999999957e+04 -1.333050647235549946e-01 1.116444699896174120e-02
1.054096688999999969e+04 -1.297037574330600074e-01 3.447110908677606441e-03
1.054144879000000037e+04 -1.304217613730830061e-01 -5.472857152402615943e-03
1.054193072000000029e+04 -1.356778319008369871e-01 -1.526460657377384442e-02
1.054241271000000052e+04 -1.461206063576480085e-01 -2.802067776668624999e-02
1.054289473999999973e+04 -1.640477083505489930e-01 -4.624874348932800361e-02
1.054361786000000029e+04 -2.042192518282499869e-01 -6.087443796831337045e-02
1.054410000000000036e+04 -2.403131020578400112e-01 -7.554634508539388726e-02
1.054458218999999917e+04 -2.798161946040049752e-01 -7.979971312288379470e-02
1.054506442000000061e+04 -3.201433225258150106e-01 -7.836001702193891305e-02
1.054554670000000078e+04 -3.582232236502079781e-01 -7.186212508352049499e-02
1.054602901999999995e+04 -3.921000415689400165e-01 -6.236685086598488942e-02
1.054651137999999992e+04 -4.207486932546879999e-01 -5.121038157060123219e-02
1.054699379000000044e+04 -4.435420547535829927e-01 -4.143388536927791049e-02
1.054747624999999971e+04 -4.624774049739350246e-01 -3.336723613991812720e-02
1.054795874999999978e+04 -4.772550044575979977e-01 -2.543819575956147994e-02
1.054844129000000066e+04 -4.883096489497200099e-01 -1.971927647113182192e-02
1.054892388000000028e+04 -4.974030540470519846e-01 -1.404679375844053620e-02
1.054940652000000046e+04 -5.028187723832679978e-01 -7.958986369450728182e-03
1.054988919999999962e+04 -5.058589314950450166e-01 -3.448225447794291305e-03
1.055061330000000089e+04 -5.077814599832030096e-01 -9.477876331712479195e-04
1.055109610000000066e+04 -5.077129709040539840e-01 6.497716987149012007e-04
1.055157892999999967e+04 -5.076755054927339916e-01 -6.514589344992599530e-06
1.055206182000000081e+04 -5.082599832948410112e-01 -1.874370762080642284e-03
1.055254473999999936e+04 -5.100811789750290259e-01 -3.760340406301582693e-03
1.055302771000000030e+04 -5.125426454103160223e-01 -6.472960518514971236e-03
1.055351072999999997e+04 -5.170639799279189708e-01 -1.062405237893401105e-02
1.055399379000000044e+04 -5.236577952421580529e-01 -1.325319252367578547e-02
1.055447689999999966e+04 -5.307972660515799523e-01 -1.646300216233740482e-02
1.055496004999999968e+04 -5.405877695690419760e-01 -1.974248497199851751e-02
1.055544325000000026e+04 -5.509938908842789695e-01 -2.117467573260419303e-02
1.055592648999999983e+04 -5.622123062746400279e-01 -2.164749022564175715e-02
1.055640977999999996e+04 -5.730912661316489576e-01 -2.136773892146461712e-02
1.055689312000000064e+04 -5.840333649301120422e-01 -2.026563467495671664e-02
1.055761820000000080e+04 -5.989984553359419817e-01 -1.814719958191831836e-02
1.055810164000000077e+04 -6.073050176356129537e-01 -1.520999704892937038e-02
1.055858512999999948e+04 -6.146919203494829453e-01 -1.328518219717973736e-02
1.055906867000000057e+04 -6.210823994596369468e-01 -1.076504974004659394e-02
1.055955225000000064e+04 -6.259595255210700371e-01 -7.969850677927829002e-03
1.056003587999999945e+04 -6.295656588695029976e-01 -5.963627295338235629e-03
1.056051955000000089e+04 -6.324442021425800142e-01 -3.696292983902125032e-03
1.056100325999999950e+04 -6.337910935192450079e-01 -2.132885696051277542e-03
1.056148702000000048e+04 -6.351116877993150389e-01 -7.850936803722186877e-04
1.056197083000000021e+04 -6.351152906427109945e-01 7.138222150924205698e-04
1.056245468000000074e+04 -6.349416550242670265e-01 1.011019638458399150e-03
1.056293858000000000e+04 -6.346489217660450377e-01 9.331597689296950099e-04
1.056342252000000008e+04 -6.345528800723380103e-01 1.741289649375563336e-03
1.056390651000000071e+04 -6.334542159949499984e-01 7.010120543121242317e-04
1.056439054000000033e+04 -6.343955599566020176e-01 -1.269348159605718620e-03
1.056511666999999943e+04 -6.357141843097680045e-01 -1.187208921176585892e-03
1.056560080999999991e+04 -6.365533133811609456e-01 -2.332168241558950274e-03
1.056608499999999913e+04 -6.385828546128470284e-01 -4.330055460193355833e-03
1.056656924000000072e+04 -6.414156703645740309e-01 -4.040743472418145688e-03
1.056705351999999948e+04 -6.431569758351820543e-01 -3.335483683892656679e-03
1.056753784000000087e+04 -6.452863734766159931e-01 -4.188301700049759657e-03
1.056802222000000074e+04 -6.478792143152689587e-01 -4.031553584181776090e-03
1.056850662999999986e+04 -6.498525972411229867e-01 -4.626739723224353174e-03
1.056899108999999953e+04 -6.530399314673509537e-01 -5.427544094951552989e-03
1.056947559999999976e+04 -6.558132945168310135e-01 -4.630252414097176319e-03
1.056996015000000079e+04 -6.582051677251460342e-01 -4.033899181747193328e-03
1.057044475000000057e+04 -6.603835571370769708e-01 -4.714374834614008455e-03
1.057092938999999933e+04 -6.634553666923780346e-01 -4.905728173186521372e-03
1.057141408000000047e+04 -6.658253436959929994e-01 -4.991450433615854734e-03
1.057189881000000059e+04 -6.689832752618639633e-01 -5.458099833770178877e-03
1.057238358999999946e+04 -6.718198837894550079e-01 -4.872517893456175184e-03
1.057311083999999937e+04 -6.757461011126579820e-01 -4.615964095509227441e-03
1.057480815000000075e+04 -6.847074633231510221e-01 -4.372392501413921787e-03
1.057602086000000054e+04 -6.904838523252699867e-01 -3.849033907559796814e-03
1.057723385000000053e+04 -6.956844379997380035e-01 -3.180265568648023029e-03
1.057868981999999960e+04 -7.007226926185300409e-01 -2.067256338383851710e-03
1.057990343000000030e+04 -7.028644344514950459e-01 1.917121913530244056e-04
1.058136014000000068e+04 -7.016898865247990225e-01 1.776702735451567063e-03
1.058257438000000002e+04 -6.994702588978050084e-01 2.852371727871087000e-03
1.058403183999999965e+04 -6.953338867543199520e-01 3.604005808399290186e-03
1.058548970999999983e+04 -6.902770591890440288e-01 3.941063045352105609e-03
1.058670492000000013e+04 -6.859763398695239989e-01 3.602175098326043483e-03
1.058816352999999981e+04 -6.818504801408450389e-01 2.866453596139780912e-03
1.058962255999999979e+04 -6.789929167985540026e-01 2.273674751796456520e-03
1.059108200000000033e+04 -6.766474537125900524e-01 2.212416405095409076e-03
1.059254184999999961e+04 -6.739726734661499741e-01 2.375773505769822151e-03
1.059424552000000040e+04 -6.706747839623929952e-01 2.304718757987805206e-03
1.059570626000000084e+04 -6.682299769919040067e-01 2.237413738058832095e-03
1.059716740000000027e+04 -6.655748361899229693e-01 2.000500784405036692e-03
1.059887259000000086e+04 -6.634762131834379684e-01 1.574689023599970279e-03
1.060033461999999963e+04 -6.622092057825660349e-01 1.243435668636610255e-03
1.060204084999999941e+04 -6.611907479050880276e-01 7.511928238405356402e-04
1.060350376999999935e+04 -6.615303186593519680e-01 3.875028252814304518e-04
1.060521104000000014e+04 -6.616995104621890000e-01 5.514036353971888630e-04
1.060691885999999977e+04 -6.615017015454589533e-01 2.879783889132184562e-04
1.060862724999999955e+04 -6.625980448897089703e-01 -3.244912010313084558e-04
1.061033618999999999e+04 -6.645569071814040329e-01 -9.443087990063315151e-04
1.061204570000000058e+04 -6.678372144711439695e-01 -9.079492626255179213e-04
1.061375576000000001e+04 -6.696696950998579645e-01 -1.063660138019007157e-03
1.061546638999999959e+04 -6.735004412380970473e-01 -1.464715003358747639e-03
1.061742208000000028e+04 -6.772544937533370168e-01 -2.305599805448936036e-03
1.061913391000000047e+04 -6.842650512305179511e-01 -2.893698557329122192e-03
1.062084629999999925e+04 -6.893797358408070286e-01 -2.349537803153257942e-03
1.062280400999999983e+04 -6.952033727296930143e-01 -2.080693854179716754e-03
1.062451759999999922e+04 -6.993047453745130371e-01 -1.352180514085323491e-03
1.062647668999999951e+04 -7.023755128793079949e-01 -4.459177247374524985e-04
1.062843650999999954e+04 -7.032986463327139948e-01 3.300189440610271172e-04
1.063039707000000089e+04 -7.032368497982770528e-01 1.510778883528402297e-03
1.063211316000000079e+04 -6.996337617910749485e-01 2.437499726730778509e-03
1.063407509000000027e+04 -6.960589095380409486e-01 1.454556847246592189e-03
1.063603777000000082e+04 -6.959490404672270536e-01 7.578569767666305801e-04
1.063800117999999929e+04 -6.951909165026449733e-01 4.809405812061313588e-04
1.064021090000000004e+04 -6.962170251728150294e-01 1.550187915881393963e-04
1.064217588000000069e+04 -6.968608206809620009e-01 4.155977424723358090e-04
1.064414160000000084e+04 -6.967340608435299565e-01 3.449430833700873169e-04
1.064635391999999956e+04 -6.977145260279159489e-01 1.073833039580390584e-05
1.064832121000000006e+04 -6.990272220317570451e-01 3.157320009070672734e-04
1.065053529999999955e+04 -6.986947543478040368e-01 6.942603049728459513e-04
1.065250416000000041e+04 -6.983765170412630230e-01 8.659229258429756168e-04
1.065472002000000066e+04 -6.973036656543519785e-01 1.118771969281841597e-03
1.065693682000000081e+04 -6.957482820054849970e-01 1.280471045475204588e-03
1.065915454999999929e+04 -6.939355534633500078e-01 1.005939683596688335e-03
1.066112665999999990e+04 -6.937510827356010434e-01 8.405001894182765210e-04
1.066334617000000071e+04 -6.926519596949569646e-01 6.797102343840561453e-04
1.066556661999999960e+04 -6.931269544940860117e-01 -7.233649003697849083e-05
1.066803489000000081e+04 -6.956257534267930032e-01 -5.230331923769127988e-04
1.067025733000000037e+04 -6.982801019230000517e-01 -1.014086268061634719e-03
1.067248070999999982e+04 -7.027590961549270432e-01 -1.966179718694048041e-03
1.067470502999999917e+04 -7.097792905102160432e-01 -2.317266843624581334e-03
1.067717761000000064e+04 -7.166015175545069615e-01 -2.182223166153038872e-03
1.067940393000000040e+04 -7.229738382416069920e-01 -1.979219375665724166e-03
1.068187872000000061e+04 -7.288190350845940024e-01 -1.235339444169739846e-03
1.068435469000000012e+04 -7.320458937408239608e-01 -1.303561360293898838e-04
1.068658404999999948e+04 -7.320846303201720140e-01 6.481857492870138522e-04
1.068906222999999954e+04 -7.315370472641830046e-01 1.066508319109794878e-03
1.069154157999999916e+04 -7.294121295540939576e-01 1.361766891997433747e-03
1.069402210999999988e+04 -7.273544964205349572e-01 1.148021831476746767e-03
1.069650380000000041e+04 -7.263203666478119658e-01 8.631688700287723200e-04
1.069898667000000023e+04 -7.257182591713500219e-01 8.358547476710711296e-04
1.070147069999999985e+04 -7.248231319926500271e-01 5.729344037071512456e-04
1.070395592000000033e+04 -7.255663878592020222e-01 6.941306652845027772e-04
1.070669101000000046e+04 -7.240117512172820069e-01 9.109145362620613140e-04
1.070917869000000064e+04 -7.235881346945309822e-01 6.101918534183182726e-04
1.071166755000000012e+04 -7.236686305315049861e-01 3.006603584079289978e-04
1.071440665000000081e+04 -7.248948890433359882e-01 3.000260604838710619e-04
1.071689797999999973e+04 -7.249794203617809796e-01 3.944060767095555688e-04
1.071963981000000058e+04 -7.256975043078139898e-01 5.069365872097633847e-04
1.072238306000000011e+04 -7.251847470968120213e-01 9.471542021660138205e-04
1.072512774999999965e+04 -7.234139092148059724e-01 1.111467238270230900e-03
1.072762414999999964e+04 -7.221166175080350191e-01 8.876130371114689414e-04
1.073037156999999934e+04 -7.215535709791299768e-01 3.851046198515766872e-04
1.073312040999999954e+04 -7.230122556782550003e-01 -3.759572130352376767e-04
1.073587068999999974e+04 -7.267615516212480031e-01 -8.935224429662478847e-04
1.073887262999999984e+04 -7.315272187590130537e-01 -1.355070632140928030e-03
1.074162591000000066e+04 -7.380176868010860369e-01 -1.818696673947671830e-03
1.074438062999999966e+04 -7.449308018892359939e-01 -1.686148167962529245e-03
1.074713678000000073e+04 -7.506756818097100048e-01 -1.837427737671047277e-03
1.075014514000000054e+04 -7.590698401841680099e-01 -1.333044039772056768e-03
1.075290430000000015e+04 -7.618249885783640041e-01 -2.251817875695476614e-04
1.075591594000000077e+04 -7.636386803439799698e-01 -8.758708941813939694e-05
1.075892929999999978e+04 -7.657409769021249479e-01 -4.639532920866742049e-04
1.076169305999999960e+04 -7.696336974909440132e-01 -1.703409314651228325e-04
1.076470970999999918e+04 -7.699908255706859883e-01 9.772619686337808982e-05
1.076772808000000077e+04 -7.724039703454199657e-01 -3.133488234744082599e-04
1.077074818000000050e+04 -7.753200968411400051e-01 5.223650130420866067e-05
1.077377000000000044e+04 -7.754605765668010076e-01 8.029504616964835365e-04
1.077679354000000058e+04 -7.737027090352439629e-01 1.103696547848413700e-03
1.077981882000000041e+04 -7.719680290684419743e-01 1.215027490540135022e-03
1.078284582000000046e+04 -7.695139582336519846e-01 1.370793822804232008e-03
1.078587455000000045e+04 -7.668050539116789688e-01 1.162746171799373647e-03
1.078915762999999970e+04 -7.654855682928960459e-01 7.899943596867911198e-04
1.079218995999999970e+04 -7.651997166754800350e-01 4.338244687556415337e-04
1.079522403999999915e+04 -7.661696122537470233e-01 1.227645745346125179e-04
1.079851290999999947e+04 -7.679390494375949450e-01 -6.346092418823346185e-05
1.080180381999999918e+04 -7.702826326206849705e-01 -2.606258631570421039e-04
1.080484339000000000e+04 -7.731821687968140067e-01 -5.099743044204970094e-04
1.080813823000000048e+04 -7.771563008299730013e-01 -5.270186047124917521e-04
1.081143511000000035e+04 -7.804508048985420166e-01 -4.816437911606613674e-04
1.081473403999999937e+04 -7.841211024768539595e-01 -5.000979199773508297e-04
1.081803501999999935e+04 -7.875454188651990206e-01 -5.072193094446487754e-04
1.082133804000000055e+04 -7.912685664936209839e-01 -5.413024322692429856e-04
1.082464312000000064e+04 -7.949293636475489588e-01 -4.080410692378542113e-04
1.082795025999999962e+04 -7.977492846176249541e-01 -1.916159412764345776e-04
1.083125944999999956e+04 -7.999388179654769448e-01 -1.159752374144872668e-04
1.083457069000000047e+04 -8.022459082658399687e-01 -2.226055732429345937e-05
1.083813895000000048e+04 -8.039471742893620210e-01 1.284274767167184234e-04
1.084145448000000033e+04 -8.051880549728489544e-01 5.647499754408774679e-05
1.084477207000000089e+04 -8.072739028628830305e-01 5.934361704385046062e-05
1.084834716999999910e+04 -8.086245953494639593e-01 2.186870864557453290e-04
1.085192467000000033e+04 -8.096658033887049744e-01 3.612921561469932671e-04
1.085524877999999990e+04 -8.099185609458430246e-01 4.291597635416494238e-04
1.085883091000000059e+04 -8.104777368675409877e-01 6.005853740381281039e-04
1.086241545000000042e+04 -8.094953667615280013e-01 7.407267803541013607e-04
1.086600238999999965e+04 -8.090188103283000309e-01 6.650053868569473893e-04
1.086933527999999933e+04 -8.086274771627209867e-01 5.911534426281777862e-04
1.087292688000000089e+04 -8.086772055668870474e-01 3.500863945495770327e-04
1.087652088000000003e+04 -8.100576452019130347e-01 3.133088604109308196e-05
1.088037428999999975e+04 -8.126052552077960289e-01 -3.043085527484876477e-04
1.088397330999999940e+04 -8.165653997809879661e-01 -6.807610320937006318e-04
1.088757474999999977e+04 -8.216856750887669980e-01 -9.253915269264212417e-04
1.089117861000000084e+04 -8.274679232632280446e-01 -8.937461760291712243e-04
1.089504257999999936e+04 -8.327419626651709761e-01 -6.199034649695372556e-04
1.089865148000000045e+04 -8.364233271823190430e-01 -2.791282399440610544e-04
1.090252085000000079e+04 -8.390782756280500410e-01 -2.161815778753262271e-04
1.090613478000000032e+04 -8.422785922848859963e-01 -2.468230048150479015e-04
1.091000956000000042e+04 -8.451741855624369526e-01 -2.406129505408364575e-05
1.091362853999999970e+04 -8.466587514313710372e-01 1.160998686893938701e-04
1.091750873999999931e+04 -8.484745970679810068e-01 1.006412811798828043e-04
1.092139173999999912e+04 -8.501990002803569979e-01 7.843931526727162488e-05
1.092527755000000070e+04 -8.521951090179830102e-01 -4.318056266611755236e-05
1.092916617000000042e+04 -8.548963546831289673e-01 -7.691251468333348037e-05
1.093305760999999984e+04 -8.571662469802530104e-01 -3.901127931858358545e-05
1.093695187000000078e+04 -8.595670749432869906e-01 -2.442594705988910330e-05
1.094084893999999986e+04 -8.617232651715549530e-01 1.149346127168532551e-04
1.094474884999999995e+04 -8.630079096583039844e-01 2.176582637038586309e-04
1.094865157999999974e+04 -8.643408161009930035e-01 2.511300668374203261e-04
1.095281761000000006e+04 -8.654364833414880387e-01 2.421450734323817369e-04
1.095672619999999915e+04 -8.668459004265960388e-01 1.761344242106911695e-04
1.096089847999999984e+04 -8.684930795544389959e-01 4.068822004307593495e-04
1.096481293000000005e+04 -8.679822252079719691e-01 5.720715130559506480e-04
1.096899148000000059e+04 -8.682529343030700453e-01 3.446416617498274299e-04
1.097291180999999960e+04 -8.696395969140250370e-01 -2.746028525764062137e-04
1.097709663999999975e+04 -8.750826196043479666e-01 -1.342845755038213330e-04
1.098128471999999965e+04 -8.754844559550950533e-01 2.642760561708897443e-06
1.098547603999999956e+04 -8.797499035795209865e-01 -6.193661574204473294e-04
1.098940836999999919e+04 -8.852152503096779590e-01 -7.525357050053104553e-04
1.099360599999999977e+04 -8.906036970063330171e-01 -5.409413860844706785e-04
1.099780688999999984e+04 -8.945967009331340369e-01 -4.713070014320202119e-04
1.100201104999999916e+04 -8.993894420183730087e-01 -4.329352401818230126e-04
1.100621847999999954e+04 -9.030567428519420403e-01 -1.633933282636314320e-04
1.101069246000000021e+04 -9.057100106466710043e-01 -5.479937453321602714e-05
1.101490663999999924e+04 -9.084101803088090454e-01 -7.607954685356706422e-06
1.101912410000000091e+04 -9.104954390612830517e-01 1.615159139946279084e-04
1.102334484999999950e+04 -9.117290292968319720e-01 3.378433293500370947e-04
1.102783299000000079e+04 -9.123386428760490441e-01 3.223296185837299711e-04
1.103206052000000091e+04 -9.137129740129600330e-01 2.207099046508768914e-04
1.103655588999999964e+04 -9.152374882896540109e-01 3.088315226717930242e-04
1.104079022000000077e+04 -9.158215141361719658e-01 3.960954035019456773e-04
1.104529282000000057e+04 -9.165622740768319954e-01 2.841131714676984471e-04
1.104979915000000074e+04 -9.182269261759179457e-01 1.692134759486299891e-04
1.105430923000000075e+04 -9.200370304524450038e-01 1.903112910210299482e-04
1.105855741999999918e+04 -9.214118256182729505e-01 1.127141376384199403e-04
1.106307475999999951e+04 -9.239253425940670006e-01 -8.448490297752642327e-05
1.106759585999999945e+04 -9.272575312582930218e-01 -1.856589017919599847e-04
1.107212070999999924e+04 -9.307188284816010349e-01 -1.505638342115139556e-04
1.107664933000000019e+04 -9.337293131616269948e-01 -1.356386603267606557e-04
1.108118171000000075e+04 -9.370566618274459580e-01 -1.543237078092482171e-04
1.108571786000000066e+04 -9.402469893535969625e-01 -2.040246166467988057e-04
1.109052497000000039e+04 -9.442502174924970459e-01 -2.519809026006190932e-04
1.109506890000000021e+04 -9.479085526990850274e-01 -2.989434809440951238e-04
1.109961662000000069e+04 -9.521391492678800139e-01 -3.934485704759839615e-04
1.110443598000000020e+04 -9.569485156147220506e-01 -4.021554058793561266e-04
1.110899150000000009e+04 -9.612707365430740447e-01 -4.326658723231553792e-04
1.111381913999999961e+04 -9.663831198682979462e-01 -7.487030601093390327e-04
1.111838249999999971e+04 -9.737709823732140224e-01 -1.043756787401891776e-04
1.112321844000000056e+04 -9.726548350545259902e-01 4.847660556415205524e-04
1.112778964000000087e+04 -9.743380017409219995e-01 2.257455561662851328e-04
1.113263390000000072e+04 -9.757349876754329854e-01 2.899614029156165991e-04
1.113748244999999952e+04 -9.768676098863250390e-01 2.773490295100595744e-04
1.114233529000000090e+04 -9.783928969397419628e-01 2.028863866792268006e-04
1.114719244000000072e+04 -9.802727966139940241e-01 2.028933097783888913e-04
1.115178369000000021e+04 -9.817062795381350515e-01 2.878531872286192966e-04
1.115664919999999984e+04 -9.827613414310879536e-01 2.345291041813190929e-04
1.116178970999999910e+04 -9.848890774645070456e-01 1.661593635245289531e-04
1.116666409999999996e+04 -9.866524098849720481e-01 2.324608781142846351e-04
1.117154283000000032e+04 -9.880122132130799706e-01 1.309055287899635388e-04
1.117642588000000069e+04 -9.907996931733999979e-01 -2.551332883170046685e-05
1.118131328000000030e+04 -9.937377313432850245e-01 -4.407915198287850808e-05
1.118647690999999941e+04 -9.968818873057080365e-01 -1.146808885867859864e-04
1.119137324000000081e+04 -1.000557082791259988e+00 -1.969516088744422441e-04
1.119627392999999938e+04 -1.004353409239139960e+00 -1.775465366271023707e-04
1.120145161000000007e+04 -1.008041678838780042e+00 -8.090314923775002761e-05
1.120636126999999942e+04 -1.010840277713860091e+00 -6.554229765927864439e-05
1.121154843000000074e+04 -1.014374852340659938e+00 -1.358339234918608891e-04
1.121674048000000039e+04 -1.018102238085490052e+00 -5.346270140016853389e-05
1.122166376999999920e+04 -1.020593753905020051e+00 -6.739871312720074480e-05
1.122686534000000029e+04 -1.024472364513709932e+00 -2.978286086373652065e-04
1.123207181999999921e+04 -1.029612986516120099e+00 -3.834694248941539836e-04
1.123728319999999985e+04 -1.034419303327229978e+00 -3.200697407960338648e-04
1.124249949000000015e+04 -1.038888165759769944e+00 -2.221380676125122753e-04
1.124744578000000001e+04 -1.042433321626480058e+00 -1.125790132218497023e-04
1.125267166999999972e+04 -1.045761559896029924e+00 5.118294167708479847e-05
1.125817793999999958e+04 -1.047874368693950009e+00 1.888628298203530930e-04
1.126341395999999986e+04 -1.049683968780189991e+00 2.183715986073156803e-04
1.126865493000000060e+04 -1.051381383708019923e+00 1.738827614457417591e-04
1.127390085999999974e+04 -1.053674975810110048e+00 2.321126901626497166e-04
1.127915176000000065e+04 -1.054746435157960072e+00 6.029849302894456554e-05
1.128468438000000060e+04 -1.059040787946059936e+00 2.825148158946852949e-04
1.128994548000000032e+04 -1.057646166134470045e+00 4.895640115132163283e-04
1.129521156999999948e+04 -1.059623280650900057e+00 1.203364271528784381e-04
1.130076022000000012e+04 -1.062358561097199949e+00 -7.614038966243589278e-06
1.130603656000000046e+04 -1.065767137228440076e+00 -2.042431288436901413e-04
1.131159600999999930e+04 -1.070703683765799941e+00 -2.492660069455241746e-04
1.131688263999999981e+04 -1.074623290366129913e+00 -1.885908263048897005e-04
1.132245293999999922e+04 -1.078890006520609957e+00 -1.600930826718769263e-04
1.132802880000000005e+04 -1.082700440826330102e+00 -1.472844705511796670e-04
1.133333103999999912e+04 -1.086629353560210065e+00 -1.841042838795120583e-04
1.133891779999999926e+04 -1.090860611929989954e+00 -1.198051334335579674e-04
1.134451015000000007e+04 -1.094266362712090102e+00 -4.520060434733026440e-05
1.135010810999999921e+04 -1.097645149527900044e+00 -3.881389953823027622e-05
1.135571168000000034e+04 -1.100983996082270044e+00 -4.570577278480478624e-05
1.136132086999999956e+04 -1.104449134085359940e+00 -8.398830494782307931e-05
1.136693569000000025e+04 -1.108237499418859962e+00 -8.874008453375012461e-05
1.137255615000000034e+04 -1.111764924529790033e+00 -9.055294658625191034e-05
1.137818225999999959e+04 -1.115581647025779999e+00 -5.964350213156509225e-05
1.138381401999999980e+04 -1.118757941735410100e+00 -2.836464183392917979e-05
1.138973346999999922e+04 -1.122384630047730036e+00 6.706846593836366078e-06
1.139537685000000056e+04 -1.125149965301490029e+00 1.152431507908455161e-04
1.140102591000000029e+04 -1.127364433932519949e+00 1.332930777723677145e-04
1.140696355000000040e+04 -1.130044062843720054e+00 9.101227816722688485e-05
1.141262428999999975e+04 -1.132768700287269947e+00 1.731163896862598646e-04
1.141829074000000037e+04 -1.134363803290660000e+00 1.571126809977505911e-04
1.142424664999999914e+04 -1.137392638892420038e+00 -1.174561234703206934e-05
1.143020888000000014e+04 -1.141178822064139897e+00 2.651406963212893443e-05
1.143589307999999983e+04 -1.143593209817360012e+00 8.401519472518871991e-05
1.144186765999999989e+04 -1.146695279019960045e+00 3.214656849924933093e-05
1.144756363000000056e+04 -1.149738897786219960e+00 -1.825621772901987145e-05
1.145355060000000049e+04 -1.153454171787609894e+00 -3.190024636374023617e-05
1.145954393999999957e+04 -1.156838235476369992e+00 -1.374895331956307760e-05
1.146554363999999987e+04 -1.160336773343729977e+00 -7.420998336902941519e-05
1.147154973000000064e+04 -1.164476012568739893e+00 -1.406276599711798591e-04
1.147756220000000030e+04 -1.168805086086130096e+00 -1.533610876984803654e-04
1.148358107999999993e+04 -1.173111175649949933e+00 -1.307756334959507051e-04
1.148960636999999952e+04 -1.177169191811110016e+00 -8.892977715402868662e-05
1.149563808000000063e+04 -1.180964380895149990e+00 -9.667132985624654802e-05
1.150167622999999912e+04 -1.185127041625360089e+00 -7.843064663319737910e-05
1.150772081000000071e+04 -1.188703646324690055e+00 -8.429343052603897369e-05
1.151377184999999918e+04 -1.192947624323660083e+00 -3.076559236972756445e-05
1.151982934999999998e+04 -1.195864816084470039e+00 2.060340491428041512e-05
1.152589333000000079e+04 -1.199474927429170057e+00 -2.115357306165745576e-05
1.153225302000000011e+04 -1.203089326496689981e+00 -2.165291691050365465e-05
1.153833028000000013e+04 -1.206713558649600060e+00 -1.561159020419080327e-06
1.154470391000000018e+04 -1.210078337290730000e+00 4.770139785614837245e-05
1.155079449999999997e+04 -1.213077443133000033e+00 -7.750479901306209603e-06
1.155689162000000033e+04 -1.216997335657439949e+00 -1.048989803596121593e-04
1.156328608999999960e+04 -1.221419234208459992e+00 -1.511590525490118752e-04
1.156939660000000003e+04 -1.225944063279849949e+00 4.204963484936063891e-05
1.157580513000000064e+04 -1.227884005005839940e+00 1.993393734200891586e-04
1.158222085999999945e+04 -1.230488255218340043e+00 -1.307299987917646554e-04
1.158835171000000082e+04 -1.236596420790970097e+00 -5.960666865037375596e-04
1.159478156999999919e+04 -1.245232398343159907e+00 4.637213478923224810e-05
1.160121867000000020e+04 -1.243183554516110068e+00 7.642562812273428954e-04
1.160766303999999946e+04 -1.242299592020039922e+00 5.072494660140094806e-04
1.161411467000000084e+04 -1.243662142225159917e+00 1.602051174531140903e-04
1.162027983999999924e+04 -1.247278969215340094e+00 -1.694056118805860973e-04
1.162674570999999924e+04 -1.252936510468519948e+00 -1.766669867398981155e-04
1.163321889999999985e+04 -1.256876301669789919e+00 -4.686833905200201556e-05
1.163969939999999951e+04 -1.260812419499129922e+00 -7.157011714460619750e-05
1.164618722999999954e+04 -1.265091151025750094e+00 -9.036404406382407268e-05
1.165268239999999969e+04 -1.269287950338080062e+00 -4.875398772872313808e-05
1.165948068000000058e+04 -1.273199461527950049e+00 -6.855385070637022191e-05
1.166599091000000044e+04 -1.277676930995859994e+00 -1.802975590784282995e-04
1.167250852999999915e+04 -1.282911383003469963e+00 -6.042132147430349455e-06
1.167903353000000061e+04 -1.285058308354589895e+00 1.844903371911077488e-05
1.168586304999999993e+04 -1.290132308188489896e+00 2.728558860772385824e-05
1.169240322000000015e+04 -1.292165717363529920e+00 2.513692267429209733e-04
1.169895082000000002e+04 -1.294068302491480082e+00 1.711053184312164629e-04
1.170580400000000009e+04 -1.297304008523890051e+00 5.329195475173089004e-05
1.171236684000000059e+04 -1.300840875873999991e+00 2.758238937634712847e-05
1.171893714999999975e+04 -1.304281655482659952e+00 8.540263360114897759e-06
1.172581411999999909e+04 -1.308249237371029938e+00 -1.688493949261295032e-06
1.173269926999999916e+04 -1.312008499484879964e+00 -1.586851758749515003e-04
1.173929275000000052e+04 -1.317997078959749935e+00 -5.409455370064930168e-04
1.174619398000000001e+04 -1.327082636384339986e+00 -1.171062794913763723e-04
1.175280285999999978e+04 -1.327188945098600081e+00 6.842027990247034636e-04
1.175972021999999924e+04 -1.325118636247690107e+00 3.624767641825186733e-04
1.176664583999999923e+04 -1.329767435824039890e+00 -6.005412183565106296e-05
1.177357973999999922e+04 -1.333733575835970075e+00 -1.191419425963356776e-05
