# energy mu dmude
1.782459002200000032e+04 3.866077192833010101e-01 -5.130801157959607789e-05
1.782959002200000032e+04 3.868027737177550107e-01 -4.038467358625517153e-05
1.783459002200000032e+04 3.871230974172900074e-01 -2.404640143745834805e-05
1.783959002200000032e+04 3.875055197923880090e-01 -2.201585893784315185e-05
1.784459002200000032e+04 3.878491298323070158e-01 -2.329861417629150954e-05
1.784959002200000032e+04 3.882168415204250156e-01 -1.987537892753762431e-05
1.785459002200000032e+04 3.885997093553579806e-01 -1.921681796061429403e-05
1.785959002200000032e+04 3.889749734462660258e-01 -2.099405913939657531e-05
1.786459002200000032e+04 3.893374598102170014e-01 -2.330267884178652293e-05
1.786959002200000032e+04 3.896862485605609994e-01 -2.126939850492987668e-05
1.787459002200000032e+04 3.900720526625199858e-01 7.043174512076693373e-06
1.787959002200000032e+04 3.907455311017259958e-01 2.287622847577918189e-05
1.788459002200000032e+04 3.913129092825269884e-01 -1.662350883006288988e-06
1.788959002200000032e+04 3.917049783389709994e-01 -7.012172803370599877e-06
1.789459002200000032e+04 3.922110045538539924e-01 -2.870563740990433360e-06
1.789959002200000032e+04 3.926505697441550202e-01 -4.929322338201953726e-06
1.790459002200000032e+04 3.931329860353490191e-01 4.048887988084759395e-05
1.790959002200000032e+04 3.940934089356969983e-01 6.062438478314256465e-05
1.791459002200000032e+04 3.948067399804839894e-01 -1.149823708348107599e-05
1.791959002200000032e+04 3.949400578473289958e-01 -2.438126199495992277e-05
1.792459002200000032e+04 3.955056458612160042e-01 2.835853990928621611e-05
1.792959002200000032e+04 3.962437858281450120e-01 5.161631215513713558e-05
1.793459002200000032e+04 3.970760948789929801e-01 9.459350296562103646e-05
1.793959002200000032e+04 3.983070989421679808e-01 2.505668256203210514e-04
1.794459002200000032e+04 4.009281161253749892e-01 2.887584497659208662e-04
1.794959002200000032e+04 4.025971032201000055e-01 7.822658131184258138e-05
1.795459002200000032e+04 4.028037327451159944e-01 3.609485269694401581e-05
1.795959002200000032e+04 4.039895515369469892e-01 1.904710909160548492e-04
1.796459002200000032e+04 4.059665737678799791e-01 2.930850288628310740e-04
1.796779999999999927e+04 4.075523713688140037e-01 3.709086537502226106e-04
1.796879999999999927e+04 4.081692788888390266e-01 4.455386936427015339e-04
1.796979999999999927e+04 4.087699646116659813e-01 4.172927791197475478e-04
1.797079999999999927e+04 4.093220870823590096e-01 4.592825803190394435e-04
1.797179999999999927e+04 4.100190809399399949e-01 5.336573313335143259e-04
1.797279999999999927e+04 4.107417899182709831e-01 6.041338250050700895e-04
1.797379999999999927e+04 4.116004292101160256e-01 6.793720343084650587e-04
1.797479999999999927e+04 4.124957051307350242e-01 5.791308998414746280e-04
1.797500000000000000e+04 4.125148300300000015e-01 7.300306236763419096e-04
1.797520000000000073e+04 4.128697263601789902e-01 1.062940864496734247e-03
1.797539999999999782e+04 4.130415643631850098e-01 6.739309295900009975e-04
1.797559999999999854e+04 4.132180134506460156e-01 7.827822404048443480e-04
1.797579999999999927e+04 4.134397838963470018e-01 9.508914557554137012e-04
1.797600000000000000e+04 4.136933483046860149e-01 6.198271743176454827e-04
1.797620000000000073e+04 4.137632524280019930e-01 5.983647191896975881e-04
1.797639999999999782e+04 4.140069715455220178e-01 1.410016550101329987e-03
1.797659999999999854e+04 4.144491978598069948e-01 1.288230339975676318e-03
1.797679999999999927e+04 4.146370510174999802e-01 4.110769029651996473e-04
1.797700000000000000e+04 4.146769081421289860e-01 2.308424834036018798e-04
1.797720000000000073e+04 4.147820838863989779e-01 4.199571823327248642e-04
1.797739999999999782e+04 4.149086920000200074e-01 8.525946118851596492e-04
1.797759999999999854e+04 4.152123278592450006e-01 1.852543421042981411e-03
1.797779999999999927e+04 4.157976340467319787e-01 1.413694152892905429e-03
1.797800000000000000e+04 4.158999602867319845e-01 1.625919057782789217e-04
1.797820000000000073e+04 4.159113589044510229e-01 1.154222472653572201e-03
1.797839999999999782e+04 4.164685674612629840e-01 1.613685767488809170e-03
1.797859999999999854e+04 4.166907317966059843e-01 6.232334531935607505e-04
1.797879999999999927e+04 4.167935985264650256e-01 1.410375938519949860e-03
1.797900000000000000e+04 4.173768420876319829e-01 1.409470327967740329e-03
1.797920000000000073e+04 4.174792933944089790e-01 5.843462898051146040e-04
1.797939999999999782e+04 4.176840347727249769e-01 9.223180399684494362e-04
1.797959999999999854e+04 4.179415210066890207e-01 9.591498052324686635e-04
1.797979999999999927e+04 4.181631579096889983e-01 1.434672079899050167e-03
1.798000000000000000e+04 4.186387764614979967e-01 1.646136971827270434e-03
1.798020000000000073e+04 4.189574168688059985e-01 7.156051612443421143e-04
1.798039999999999782e+04 4.190061804203629725e-01 6.893556211100592204e-04
1.798059999999999854e+04 4.193127795977710237e-01 2.201732135969007836e-03
1.798079999999999927e+04 4.200553028577950210e-01 2.094086432273351873e-03
1.798100000000000000e+04 4.203125226304850193e-01 3.344909361628684214e-04
1.798120000000000073e+04 4.202478815062419826e-01 1.023076330672609236e-03
1.798139999999999782e+04 4.208209702426770060e-01 2.361452644388543388e-03
1.798159999999999854e+04 4.213702711838440140e-01 2.009279264986888001e-03
1.798179999999999927e+04 4.217818103996360257e-01 1.652158700415377749e-03
1.798200000000000000e+04 4.221672924396699944e-01 8.210694537403238598e-04
1.798220000000000073e+04 4.221975931028820184e-01 1.674866009495170390e-04
1.798239999999999782e+04 4.222832625995739941e-01 2.407050856605049902e-03
1.798259999999999854e+04 4.233408996633519772e-01 3.502271481840525755e-03
1.798279999999999927e+04 4.239289704696500016e-01 1.450800321890232704e-03
1.798300000000000000e+04 4.240455534904259971e-01 6.349258822050681634e-04
1.798320000000000073e+04 4.242593651040840186e-01 1.168750485568417806e-03
1.798339999999999782e+04 4.246208249776500243e-01 1.804196879370722172e-03
1.798359999999999854e+04 4.251261295499549897e-01 2.446764263629699811e-03
1.798379999999999927e+04 4.257823489340030187e-01 2.555045085841223165e-03
1.798400000000000000e+04 4.263373242535800078e-01 1.905643321561164465e-03
1.798420000000000073e+04 4.266956490497150201e-01 9.730657331616567735e-04
1.798439999999999782e+04 4.268228309266550169e-01 1.565955690710836784e-03
1.798459999999999854e+04 4.274531271267730248e-01 2.839911913282377760e-03
1.798479999999999927e+04 4.281647001846750067e-01 2.968304563840335267e-03
1.798500000000000000e+04 4.288538928612620205e-01 2.420931612965049676e-03
1.798520000000000073e+04 4.293143741473139929e-01 1.623552835638614623e-03
1.798539999999999782e+04 4.296377919902740206e-01 1.764142794846373409e-03
1.798559999999999854e+04 4.301627649211999804e-01 2.859024368290408961e-03
1.798579999999999927e+04 4.309884285433979723e-01 3.325044294712991080e-03
1.798600000000000000e+04 4.317271748601950176e-01 3.221899360203126731e-03
1.798620000000000073e+04 4.325055236775199874e-01 2.387680448051435894e-03
1.798639999999999782e+04 4.328615957967090200e-01 1.655495594902775796e-03
1.798659999999999854e+04 4.333040756387709913e-01 2.954259870937081013e-03
1.798679999999999927e+04 4.342559189278130116e-01 3.300361020888394666e-03
1.798700000000000000e+04 4.348571628279849777e-01 3.730727751554542213e-03
1.798720000000000073e+04 4.360064246134570110e-01 3.636400760092596638e-03
1.798739999999999782e+04 4.365643986892980277e-01 2.966405869966849511e-03
1.798759999999999854e+04 4.374063193761250079e-01 2.632816955583586714e-03
1.798779999999999927e+04 4.378112690260400064e-01 3.750555462672405631e-03
1.798800000000000000e+04 4.391659204602689770e-01 4.990077017296553827e-03
1.798820000000000073e+04 4.401394653666709789e-01 3.427284965880717047e-03
1.798839999999999782e+04 4.407772303990349916e-01 2.637805078813337378e-03
1.798859999999999854e+04 4.413886238630519987e-01 4.100348298617386214e-03
1.798879999999999927e+04 4.426972889972329850e-01 5.418483621677319846e-03
1.798900000000000000e+04 4.439133395479329947e-01 4.708550667485634188e-03
1.798920000000000073e+04 4.448963431325659856e-01 4.501662707857794973e-03
1.798939999999999782e+04 4.460174897164460028e-01 4.795453852673792552e-03
1.798959999999999854e+04 4.471352616322269991e-01 5.267479621662441401e-03
1.798979999999999927e+04 4.484729366114469928e-01 5.865121523368748563e-03
1.799000000000000000e+04 4.498648597504320001e-01 5.437656050245991309e-03
1.799020000000000073e+04 4.510064471025970190e-01 4.858904339465506747e-03
1.799039999999999782e+04 4.521328843561360222e-01 5.286149481379431511e-03
1.799059999999999854e+04 4.534704582646790216e-01 6.452097196510823626e-03
1.799079999999999927e+04 4.551317408685789934e-01 8.901914676400364893e-03
1.799100000000000000e+04 4.575930988639150265e-01 8.699615874306232399e-03
1.799120000000000073e+04 4.591615826464999772e-01 5.730231655424512099e-03
1.799139999999999782e+04 4.602608200919560133e-01 6.264907605092891706e-03
1.799159999999999854e+04 4.620745712582359777e-01 8.054535223154520723e-03
1.799179999999999927e+04 4.639947494697029828e-01 1.039042374348235140e-02
1.799200000000000000e+04 4.668800230531490181e-01 1.145798794851868481e-02
1.799220000000000073e+04 4.692899159780989926e-01 9.722009105336831478e-03
1.799239999999999782e+04 4.713788586450209928e-01 8.982604062813653520e-03
1.799259999999999854e+04 4.734495705382020247e-01 1.109789531059787379e-02
1.799279999999999927e+04 4.765088428981720248e-01 1.331084423549289998e-02
1.799300000000000000e+04 4.795946821659829995e-01 1.415280043426860555e-02
1.799320000000000073e+04 4.830401779837120158e-01 1.362894475423317465e-02
1.799339999999999782e+04 4.858857133586930166e-01 1.401085719362481566e-02
1.799359999999999854e+04 4.895064006449519889e-01 1.679476686366119034e-02
1.799379999999999927e+04 4.936289753961650151e-01 1.882207767066474552e-02
1.799400000000000000e+04 4.981796338507240018e-01 1.892142394144611869e-02
1.799420000000000073e+04 5.023477808778730180e-01 1.950871488986339122e-02
1.799439999999999782e+04 5.071678423501529975e-01 2.221558506407304151e-02
1.799459999999999854e+04 5.125776890760489479e-01 2.573178697125581144e-02
1.799479999999999927e+04 5.190107081592160165e-01 2.825851182723180741e-02
1.799500000000000000e+04 5.255796180431470122e-01 2.877582774620321415e-02
1.799520000000000073e+04 5.322499410897140182e-01 3.124194122258703091e-02
1.799539999999999782e+04 5.399501103851790385e-01 3.675107184210735234e-02
1.799559999999999854e+04 5.491475904028459976e-01 3.933356795688085911e-02
1.799579999999999927e+04 5.580324063351269626e-01 4.163302755150027901e-02
1.799600000000000000e+04 5.682846980364679723e-01 4.525278909661759746e-02
1.799620000000000073e+04 5.788299766178159889e-01 4.983966935181775859e-02
1.799639999999999782e+04 5.911863691677400334e-01 5.393230418103477086e-02
1.799659999999999854e+04 6.036090275669080407e-01 5.629098790929894930e-02
1.799679999999999927e+04 6.170473991874819708e-01 5.924455642039096886e-02
1.799700000000000000e+04 6.308249231304160487e-01 6.189432142130996128e-02
1.799720000000000073e+04 6.454787990757889782e-01 6.410598571463847761e-02
1.799739999999999782e+04 6.602708611048939691e-01 6.705543949447538565e-02
1.799759999999999854e+04 6.762777150780959756e-01 6.807229188731708791e-02
1.799779999999999927e+04 6.915362292195560423e-01 6.883516139486768604e-02
1.799800000000000000e+04 7.078930278804429488e-01 6.973419596122396036e-02
1.799820000000000073e+04 7.235639485572640250e-01 6.881106327317682014e-02
1.799839999999999782e+04 7.394972863546189767e-01 6.542388544523111693e-02
1.799859999999999854e+04 7.536144355470759670e-01 5.857696136298932293e-02
1.799879999999999927e+04 7.664069416744809793e-01 5.780613637570023583e-02
1.799900000000000000e+04 7.801704968292070275e-01 5.936225570935730472e-02
1.799920000000000073e+04 7.936768284389880135e-01 5.477308898204826665e-02
1.799939999999999782e+04 8.053352338906499819e-01 4.747431619859032031e-02
1.799959999999999854e+04 8.154934610908469717e-01 4.365582159002659446e-02
1.799979999999999927e+04 8.254002407535070418e-01 4.248537029206276433e-02
1.800000000000000000e+04 8.350215567128399519e-01 3.928154646296814351e-02
1.800020000000000073e+04 8.434586733228109923e-01 3.654658262786007056e-02
1.800039999999999782e+04 8.518254024153859572e-01 3.667218681830397564e-02
1.800059999999999854e+04 8.603201363750629937e-01 3.371372873558420302e-02
1.800079999999999927e+04 8.673297569721190037e-01 3.114065275313697076e-02
1.800100000000000000e+04 8.746441655128940340e-01 3.044120237981340349e-02
1.800120000000000073e+04 8.813329331462109728e-01 3.007101726922013080e-02
1.800139999999999782e+04 8.884775297968450225e-01 3.023825590957388357e-02
1.800159999999999854e+04 8.952430133995219474e-01 2.941321081472921678e-02
1.800179999999999927e+04 9.020091440804359761e-01 2.968025136271770087e-02
1.800200000000000000e+04 9.088971249388559936e-01 3.035356915835664415e-02
1.800220000000000073e+04 9.159721210068060282e-01 2.952703903931819945e-02
1.800239999999999782e+04 9.224809546826470141e-01 3.003818873884819135e-02
1.800259999999999854e+04 9.297904261362169853e-01 3.134671114506205197e-02
1.800279999999999927e+04 9.368995072466910212e-01 3.189708594933488711e-02
1.800300000000000000e+04 9.444614474869730270e-01 3.202673110106905169e-02
1.800320000000000073e+04 9.516299996232050473e-01 3.339626695449615656e-02
1.800339999999999782e+04 9.598201754813100450e-01 3.456930574405871204e-02
1.800359999999999854e+04 9.675268257965740082e-01 3.429350315528531534e-02
1.800379999999999927e+04 9.755904850620960023e-01 3.688369286422522875e-02
1.800400000000000000e+04 9.844853112315109511e-01 3.867948262897908523e-02
1.800420000000000073e+04 9.933727379725380002e-01 3.894582702303991950e-02
1.800439999999999782e+04 1.002389742056720046e+00 4.193384253525013483e-02
1.800459999999999854e+04 1.012647835923460082e+00 4.377166039396842429e-02
1.800479999999999927e+04 1.022507886675990019e+00 4.444438783408012628e-02
1.800500000000000000e+04 1.033074575120960015e+00 4.786094040127577415e-02
1.800520000000000073e+04 1.044501872183970059e+00 5.195773260460016113e-02
1.800539999999999782e+04 1.056947847523679984e+00 5.319190675512197597e-02
1.800559999999999854e+04 1.068941286873640095e+00 5.363514939978719642e-02
1.800579999999999927e+04 1.081590587169309892e+00 5.564466002781644216e-02
1.800600000000000000e+04 1.094505832361770015e+00 5.786599040808153294e-02
1.800620000000000073e+04 1.108174104786320058e+00 6.202737493609791763e-02
1.800639999999999782e+04 1.122998266765180109e+00 6.340704492778422019e-02
1.800659999999999854e+04 1.137299423555359956e+00 6.608982825457319910e-02
1.800679999999999927e+04 1.153354236077110073e+00 7.062398944265282918e-02
1.800700000000000000e+04 1.169735310343569923e+00 7.014573236231158582e-02
1.800720000000000073e+04 1.185570736033159989e+00 7.030026930241133065e-02
1.800739999999999782e+04 1.202022699724980104e+00 7.020020931514997509e-02
1.800759999999999854e+04 1.217812225741500054e+00 7.009181356125390727e-02
1.800779999999999927e+04 1.234214465964700080e+00 7.170901577419816486e-02
1.800800000000000000e+04 1.250745837497039936e+00 7.221873561571678923e-02
1.800820000000000073e+04 1.267381897199169938e+00 7.310471087693540260e-02
1.800839999999999782e+04 1.284319684681789919e+00 7.233374527464535297e-02
1.800859999999999854e+04 1.300602085843060030e+00 7.045637131512003104e-02
1.800879999999999927e+04 1.316678681421689978e+00 6.938924816557848207e-02
1.800900000000000000e+04 1.332471570191140042e+00 7.180636992415190267e-02
1.800920000000000073e+04 1.349656951624399914e+00 7.069049948684509588e-02
1.800939999999999782e+04 1.364937966570030081e+00 6.883473086554857401e-02
1.800959999999999854e+04 1.381272066933380005e+00 6.743198100772344883e-02
1.800979999999999927e+04 1.395909610281550028e+00 6.547424149842323571e-02
1.801000000000000000e+04 1.411345653330549954e+00 6.353009608237128458e-02
1.801020000000000073e+04 1.425091375267979910e+00 5.852790001986538093e-02
1.801039999999999782e+04 1.438232803154499972e+00 5.794747999534119454e-02
1.801059999999999854e+04 1.451712273915030105e+00 5.684400680598331729e-02
1.801079999999999927e+04 1.464347514863139965e+00 5.105598551562584575e-02
1.801100000000000000e+04 1.475171895490009932e+00 4.938586729779528839e-02
1.801120000000000073e+04 1.487041017210189997e+00 5.019470263581456843e-02
1.801139999999999782e+04 1.498236428041819890e+00 4.623290592091460621e-02
1.801159999999999854e+04 1.508288188207590030e+00 4.179833801099851198e-02
1.801179999999999927e+04 1.517449367146679995e+00 3.677240241097196743e-02
1.801200000000000000e+04 1.525195622312619959e+00 3.223480912998413772e-02
1.801220000000000073e+04 1.532275309400429997e+00 2.905068960082473131e-02
1.801239999999999782e+04 1.538560940300689905e+00 2.780707247891581538e-02
1.801259999999999854e+04 1.545070153407019919e+00 2.513904816745474169e-02
1.801279999999999927e+04 1.550131904043249964e+00 1.941548825049530316e-02
1.801300000000000000e+04 1.554015596837440061e+00 1.587727205675928607e-02
1.801320000000000073e+04 1.557454291435089955e+00 1.323886549362004658e-02
1.801339999999999782e+04 1.560127690264679901e+00 1.058849360926988371e-02
1.801359999999999854e+04 1.562350602147029921e+00 7.848071561428507717e-03
1.801379999999999927e+04 1.563766910310220082e+00 4.454076251658061966e-03
1.801400000000000000e+04 1.564432923382319984e+00 2.153034334895714743e-03
1.801420000000000073e+04 1.564793694016560099e+00 -6.045250574937226224e-05
1.801439999999999782e+04 1.564444332960480022e+00 -2.751588014432454054e-03
1.801459999999999854e+04 1.563570621726229959e+00 -3.404982450326102337e-03
1.801479999999999927e+04 1.562921534557689895e+00 -4.131393701383670458e-03
1.801500000000000000e+04 1.561714602823909948e+00 -6.326512714038023434e-03
1.801520000000000073e+04 1.560058567245830030e+00 -7.639129538441533258e-03
1.801539999999999782e+04 1.558249509879690020e+00 -8.780658875032942151e-03
1.801559999999999854e+04 1.556069830187879921e+00 -9.370576146488278357e-03
1.801579999999999927e+04 1.553990165052909989e+00 -9.055010386928939031e-03
1.801600000000000000e+04 1.551955242177410099e+00 -1.008961703087250979e-02
1.801620000000000073e+04 1.549400980672670070e+00 -1.093334609391703911e-02
1.801639999999999782e+04 1.546979021088400019e+00 -9.272649140739193732e-03
1.801659999999999854e+04 1.545186557074399891e+00 -9.443462089469896459e-03
1.801679999999999927e+04 1.542686241908429956e+00 -9.876340096996880091e-03
1.801700000000000000e+04 1.540695207421169943e+00 -9.131040665575995349e-03
1.801720000000000073e+04 1.538536777170220082e+00 -1.002965129083632605e-02
1.801739999999999782e+04 1.536133530618559950e+00 -9.985076600540019470e-03
1.801759999999999854e+04 1.533995547738910004e+00 -8.079772813484346547e-03
1.801779999999999927e+04 1.532466305105449900e+00 -7.427456763295272289e-03
1.801800000000000000e+04 1.530627553659480000e+00 -7.849057176539419797e-03
1.801820000000000073e+04 1.528904913828359913e+00 -7.559350702053996805e-03
1.801839999999999782e+04 1.527199056987240011e+00 -6.900178026293019712e-03
1.801859999999999854e+04 1.525778793871749972e+00 -6.613472145940523135e-03
1.801879999999999927e+04 1.524204455198209907e+00 -6.868264022513163869e-03
1.801900000000000000e+04 1.522667313556590019e+00 -6.370557378577029750e-03
1.801920000000000073e+04 1.521321283649289979e+00 -5.551480114810754783e-03
1.801939999999999782e+04 1.520159870404780067e+00 -4.636740161219943951e-03
1.801959999999999854e+04 1.519233451432510096e+00 -3.697020977614801692e-03
1.801979999999999927e+04 1.518503107634280092e+00 -3.682545733231715971e-03
1.802000000000000000e+04 1.517583328768639994e+00 -4.080446206277542516e-03
1.802020000000000073e+04 1.516670459446199937e+00 -2.995090325736384212e-03
1.802039999999999782e+04 1.516248556719129947e+00 -2.828149073542841375e-03
1.802059999999999854e+04 1.515412266947689934e+00 -2.431824521574067755e-03
1.802079999999999927e+04 1.515172166835849987e+00 -1.325971760965555333e-03
1.802100000000000000e+04 1.514843155563690091e+00 -1.209081192352399288e-03
1.802120000000000073e+04 1.514656675675390085e+00 -5.781918698570164212e-04
1.802139999999999782e+04 1.514617066935040057e+00 -4.987771000530289572e-04
1.802159999999999854e+04 1.514467016313530090e+00 3.465627130620645201e-05
1.802179999999999927e+04 1.514672104959420063e+00 1.607477461091058732e-03
1.802200000000000000e+04 1.515243541321720011e+00 2.125105118235311261e-03
1.802220000000000073e+04 1.515686076932029946e+00 1.928012743332404091e-03
1.802239999999999782e+04 1.516167102773390063e+00 2.265946998491349951e-03
1.802259999999999854e+04 1.516764656111120102e+00 3.779442816550921541e-03
1.802279999999999927e+04 1.517939955109459893e+00 4.142855707541720500e-03
1.802300000000000000e+04 1.518704213774090039e+00 4.961674172227749542e-03
1.802320000000000073e+04 1.520255122452800034e+00 6.514316758287085930e-03
1.802339999999999782e+04 1.521731611740710033e+00 6.983301760892872932e-03
1.802359999999999854e+04 1.523497653949650088e+00 7.764223400055012339e-03
1.802379999999999927e+04 1.525332368827180041e+00 7.813892905688008331e-03
1.802400000000000000e+04 1.527121195509040019e+00 9.101906227926476189e-03
1.802420000000000073e+04 1.529546749862159993e+00 9.579104167742694478e-03
1.802439999999999782e+04 1.531554477525550073e+00 9.281420819000485781e-03
1.802459999999999854e+04 1.533843478109679914e+00 9.946530590067734559e-03
1.802479999999999927e+04 1.536156305962339985e+00 1.132718206073289081e-02
1.802500000000000000e+04 1.539078641137670012e+00 1.359222346475059788e-02
1.802520000000000073e+04 1.542430492308050072e+00 1.241822246256689410e-02
1.802539999999999782e+04 1.544814287916620010e+00 1.239772388576663997e-02
1.802559999999999854e+04 1.548156735947950002e+00 1.313518087075439197e-02
1.802579999999999927e+04 1.550878818972359907e+00 1.259303885598249059e-02
1.802600000000000000e+04 1.553972574774989956e+00 1.402171627376497601e-02
1.802620000000000073e+04 1.557350022927799893e+00 1.443917344101760744e-02
1.802639999999999782e+04 1.560635275331780036e+00 1.360121958065491424e-02
1.802659999999999854e+04 1.563628335985739914e+00 1.384745018807823080e-02
1.802679999999999927e+04 1.567026539677200070e+00 1.357935223452344867e-02
1.802700000000000000e+04 1.569896618020689916e+00 1.325918947087506745e-02
1.802720000000000073e+04 1.573147956150970028e+00 1.393469865222317881e-02
1.802739999999999782e+04 1.576327905117300032e+00 1.354790343420463408e-02
1.802759999999999854e+04 1.579401811943240030e+00 1.145994361550545064e-02
1.802779999999999927e+04 1.581623968732299934e+00 1.175528085507468977e-02
1.802800000000000000e+04 1.584833353116380072e+00 1.204988671501762768e-02
1.802820000000000073e+04 1.587190651963980015e+00 1.077495447206029515e-02
1.802839999999999782e+04 1.589815197445469952e+00 1.038446857727586513e-02
1.802859999999999854e+04 1.591993371995739981e+00 1.035302791740641548e-02
1.802879999999999927e+04 1.594603494968849899e+00 9.403717035195919768e-03
1.802900000000000000e+04 1.596346200153909933e+00 7.822147094964503056e-03
1.802920000000000073e+04 1.598230822902789949e+00 6.946804544567137044e-03
1.802939999999999782e+04 1.599571989590889975e+00 6.677492968012811551e-03
1.802959999999999854e+04 1.601333073314270106e+00 6.687018488630945036e-03
1.802979999999999927e+04 1.602678609564039958e+00 3.486099067255362186e-03
1.803000000000000000e+04 1.602971362549159950e+00 2.767947174906393391e-03
1.803020000000000073e+04 1.603987467045280058e+00 2.961430008123828572e-03
1.803039999999999782e+04 1.604368974776740009e+00 1.093599872809964063e-03
1.803059999999999854e+04 1.604528265326470082e+00 -3.935476127550190388e-04
1.803079999999999927e+04 1.604227586449050058e+00 -2.799910621336517465e-03
1.803150000000000000e+04 1.601726477774970014e+00 -4.719267861976433019e-03
1.803220000000000073e+04 1.596787673366649951e+00 -7.729387051283213676e-03
1.803289999999999782e+04 1.589453741736529979e+00 -1.025652471276122454e-02
1.803359999999999854e+04 1.580457553505369983e+00 -1.189491798617398066e-02
1.803429999999999927e+04 1.570493139783019965e+00 -1.276989508809759331e-02
1.803500000000000000e+04 1.560092153549430094e+00 -1.296260755493106737e-02
1.803570000000000073e+04 1.549818335057679963e+00 -1.231530331461133838e-02
1.803639999999999782e+04 1.540456612253739976e+00 -1.085873962325809364e-02
1.803709999999999854e+04 1.532521343833209926e+00 -8.267849044663065639e-03
1.803879369500000030e+04 1.517994775992300038e+00 -6.668563407136170011e-03
1.803979958299999998e+04 1.512140347019059972e+00 -4.239267679294353962e-03
1.804081766199999765e+04 1.508353087908359980e+00 -3.025491068694950280e-03
1.804184793300000092e+04 1.505233733159959897e+00 -2.558881957273271331e-03
1.804289039599999887e+04 1.502473395146050050e+00 -2.451938420916276520e-03
1.804394505099999878e+04 1.499542068074259937e+00 -2.611815822975461186e-03
1.804501189800000066e+04 1.496326577669379931e+00 -2.662610187145352750e-03
1.804609093700000085e+04 1.493199600273930061e+00 -2.410802885592555969e-03
1.804718216699999903e+04 1.490538758861210011e+00 -1.869158228357874381e-03
1.804828558999999950e+04 1.488709983677309889e+00 -9.744385714257969766e-04
1.804940120399999796e+04 1.488276142569499916e+00 2.038752495424452560e-04
1.805052901099999872e+04 1.489454027810160008e+00 1.654561562035119105e-03
1.805166900899999746e+04 1.492801113730680029e+00 3.308568333631838315e-03
1.805282119899999816e+04 1.498375521837189916e+00 4.750600432699183563e-03
1.805398558199999752e+04 1.505648499035280086e+00 5.901236985995861155e-03
1.805516215599999850e+04 1.514447157634670083e+00 6.785406473754552852e-03
1.805635092199999781e+04 1.524285915643770029e+00 7.127416657611605928e-03
1.805755187899999873e+04 1.534213991038110070e+00 6.571771649118060207e-03
1.805876502899999832e+04 1.542716136486049994e+00 5.209206691351111855e-03
1.805999037099999987e+04 1.549020001438240035e+00 3.331346302698521850e-03
1.806122790399999940e+04 1.552366301416880034e+00 1.075210984410530360e-03
1.806247762999999759e+04 1.552330312484470065e+00 -1.451506563200131257e-03
1.806373954700000104e+04 1.548431204187769916e+00 -3.793911012273834798e-03
1.806501365699999951e+04 1.541544536916950037e+00 -5.482955106709826165e-03
1.806629995799999961e+04 1.532582200866070110e+00 -6.285992399316720110e-03
1.806759845099999802e+04 1.523164197508769968e+00 -6.059430136260869973e-03
1.806890913599999840e+04 1.514706391178129996e+00 -5.093973655178885007e-03
1.807023201300000073e+04 1.508037181473470101e+00 -3.869205862210819795e-03
1.807156708199999775e+04 1.503172582112590083e+00 -2.833117300331099413e-03
1.807291434200000003e+04 1.499584683118670103e+00 -2.250743403754829411e-03
1.807427379500000097e+04 1.496450974171360082e+00 -1.951045106877228414e-03
1.807564544000000024e+04 1.493741184857910076e+00 -1.840805244426085320e-03
1.807702927599999748e+04 1.490903663238819954e+00 -1.796378881100552495e-03
1.807842530500000066e+04 1.488286413732879954e+00 -1.550025772599058745e-03
1.807983352499999819e+04 1.486193297567319993e+00 -1.076919864102479857e-03
1.808125393699999768e+04 1.485069793058970022e+00 -3.840656671725955476e-04
1.808268654099999912e+04 1.485215863166760020e+00 5.326118310916622871e-04
1.808413133699999889e+04 1.487108869573170011e+00 1.542970526048332127e-03
1.808558832500000062e+04 1.490634468071230012e+00 2.464432730639447722e-03
1.808705750500000067e+04 1.495665195950369952e+00 3.144681839915878033e-03
1.808853887699999905e+04 1.501563857004760028e+00 3.356044760826912624e-03
1.809003243999999904e+04 1.507406003923200011e+00 3.100817352144399647e-03
1.809153819599999770e+04 1.512523010264259948e+00 2.470872538795848908e-03
1.809305614299999797e+04 1.516269860320750062e+00 1.578679388645617358e-03
1.809458628300000055e+04 1.518339634387450010e+00 5.378072539796488992e-04
1.809612861399999747e+04 1.518465480559209935e+00 -5.912773607217714335e-04
1.809768313699999999e+04 1.516542752788210047e+00 -1.703464363392171192e-03
1.809924985200000083e+04 1.512673435268210076e+00 -2.691372176284979705e-03
1.810082875899999999e+04 1.507141668337909968e+00 -3.501667986603298598e-03
1.810241985799999748e+04 1.500253746882070027e+00 -4.076845485277730274e-03
1.810402314900000056e+04 1.492519376385389895e+00 -4.296189899454688418e-03
1.810563863199999832e+04 1.484710170790890071e+00 -4.064772396120335668e-03
1.810726630699999805e+04 1.477718752377090050e+00 -3.446848171830180045e-03
1.810890617299999940e+04 1.472113774816830034e+00 -2.496503003882816988e-03
1.811055823199999941e+04 1.468616091746149932e+00 -1.369718457517176075e-03
1.811222248200000104e+04 1.467229026290699956e+00 -2.447878201887950271e-04
1.811389892400000099e+04 1.468005171013780030e+00 8.410331676286561097e-04
1.811558755799999926e+04 1.470803918894340034e+00 1.468583432757877361e-03
1.811728838499999983e+04 1.474045286466020066e+00 1.386926221228449536e-03
1.811900140299999839e+04 1.476567798465729942e+00 1.199943595822131623e-03
1.812072661299999891e+04 1.479113066402699905e+00 1.234090924145347457e-03
1.812246401400000104e+04 1.481807114599400066e+00 1.207781086012233579e-03
1.812421360799999820e+04 1.484284067847660094e+00 1.056258044315861334e-03
1.812597539400000096e+04 1.486404114796930021e+00 9.549143027302464280e-04
1.812774937099999806e+04 1.488502058269040029e+00 9.436411059197352767e-04
1.812953554099999747e+04 1.490605168024500049e+00 8.508965743349560787e-04
1.813133390199999849e+04 1.492350635199819919e+00 7.493309957830176582e-04
1.813314445499999783e+04 1.494059572923309931e+00 6.707714707352723958e-04
1.813496720099999948e+04 1.495501048585069936e+00 6.030687156690035583e-04
1.813680213799999910e+04 1.496947140510110019e+00 3.646988267737994848e-04
1.813864926700000069e+04 1.497401322888390007e+00 -4.740583468866980976e-04
1.814050858800000060e+04 1.495294801977969934e+00 -1.468635522669252749e-03
1.814238009999999849e+04 1.491482782331779999e+00 -2.126826052081641147e-03
1.814426380499999868e+04 1.486503083142999948e+00 -2.534307276922102403e-03
1.814615970200000083e+04 1.480867761305530106e+00 -2.750886759643499276e-03
1.814806779000000097e+04 1.474874770698380022e+00 -2.914326258742896969e-03
1.814998807099999976e+04 1.468447347092429967e+00 -2.957918377963344135e-03
1.815192054300000018e+04 1.462182641907749936e+00 -2.878991472696943669e-03
1.815386520699999892e+04 1.456025827210970069e+00 -2.586385617692121049e-03
1.815582206399999995e+04 1.450992198035339964e+00 -2.067829620059362990e-03
1.815779111199999898e+04 1.447100109693099990e+00 -1.451334826350146384e-03
1.815977235199999996e+04 1.444803892891429964e+00 -8.316642069937805939e-04
1.816176578399999926e+04 1.443698169509699980e+00 -3.164602703732890404e-04
1.816377140700000018e+04 1.443743876359230072e+00 7.511619201531525929e-05
1.816578922299999977e+04 1.444438460782140110e+00 3.581885587620431519e-04
1.816781923099999767e+04 1.445802693340239919e+00 7.022316080860542672e-04
1.816986143000000084e+04 1.448116368416380029e+00 1.068375248951876789e-03
1.817191582199999903e+04 1.451222761826850061e+00 1.400671513990925593e-03
1.817398240499999883e+04 1.455139114181069893e+00 1.650581913312602336e-03
1.817606118000000060e+04 1.459475112016139997e+00 1.768839191490369049e-03
1.817815214800000103e+04 1.464005500501230017e+00 1.691699623443058964e-03
1.818025530699999945e+04 1.468022318496809975e+00 1.497689250952057060e-03
1.818237065799999982e+04 1.471663812974900010e+00 1.304046436343055549e-03
1.818449820099999852e+04 1.474782676969980111e+00 1.004075969581332646e-03
1.818663793499999883e+04 1.476995047343429901e+00 5.942747964807890875e-04
1.818878986199999781e+04 1.478127459202329907e+00 9.172675340931506043e-05
1.819095398099999875e+04 1.477871393343819895e+00 -4.859771786361557935e-04
1.819313029099999767e+04 1.476133164872369896e+00 -9.949049588968781471e-04
1.819531879399999889e+04 1.473318414288260048e+00 -1.339161884890582637e-03
1.819751948799999809e+04 1.469821916799610051e+00 -1.519194555479070263e-03
1.819973237399999925e+04 1.466060868487969904e+00 -1.556154010155300993e-03
1.820195745299999908e+04 1.462336168867180097e+00 -1.563461993047201258e-03
1.820419472300000052e+04 1.458496592627940069e+00 -1.606360433468713433e-03
1.820644418500000029e+04 1.454509830865930109e+00 -1.596364705194998606e-03
1.820870583799999804e+04 1.450679434188979933e+00 -1.575179752641210108e-03
1.821097968399999809e+04 1.446760608103750068e+00 -1.578842823496054123e-03
1.821326572200000010e+04 1.442869392649470006e+00 -1.553428993242285871e-03
1.821556395200000043e+04 1.439042409353499918e+00 -1.470660512404416143e-03
1.821787437299999874e+04 1.435547591553780089e+00 -1.263339939400273974e-03
1.822019698699999935e+04 1.432783401253320044e+00 -8.683288716319164085e-04
1.822253179199999795e+04 1.431365453713969949e+00 -3.600099415891930103e-04
1.822487878899999851e+04 1.431308588268590087e+00 1.846154406466342325e-04
1.822723797800000102e+04 1.432822342159590034e+00 7.135581079956419305e-04
1.822960935899999822e+04 1.435642558295100013e+00 1.063795967125562118e-03
1.823199293200000102e+04 1.439088498845330077e+00 1.283479922216020476e-03
1.823438869699999850e+04 1.443144928337749988e+00 1.428788103304736139e-03
1.823679665399999794e+04 1.447429637867019947e+00 1.438841935685185314e-03
1.823921680299999935e+04 1.451584074485869902e+00 1.355873064529418979e-03
1.824164914299999873e+04 1.455449693970749969e+00 1.220040479577503938e-03
1.824409367600000041e+04 1.458884744992019922e+00 1.007097215411958870e-03
1.824655040000000008e+04 1.461589959915760017e+00 7.224207440256975908e-04
1.824901931699999841e+04 1.463447494484539924e+00 3.175734938188016902e-04
1.825150042499999836e+04 1.463877097347370038e+00 -1.361092443955754536e-04
1.825399372500000027e+04 1.463157787465630078e+00 -5.642455945045440121e-04
1.825649921700000050e+04 1.461131621170729922e+00 -8.820437444758634418e-04
1.825901690099999905e+04 1.458568211598120001e+00 -1.030415954636718220e-03
1.826154677699999957e+04 1.455660904472730000e+00 -1.114604265445091197e-03
1.826408884499999840e+04 1.452581383270100002e+00 -1.115882680567012583e-03
1.826664310499999920e+04 1.449637822041969892e+00 -1.025278765057734956e-03
1.826920955599999797e+04 1.447061550933250063e+00 -9.950965177414478058e-04
1.827178819999999905e+04 1.444269792937360020e+00 -1.014420628904034571e-03
1.827437903499999811e+04 1.441553520635840080e+00 -9.427325371438958221e-04
1.827698206199999913e+04 1.439162781518090073e+00 -4.232856899478992926e-04
1.827959728199999881e+04 1.439531060841219956e+00 9.288420720145461633e-04
1.828222469300000012e+04 1.445260227780829965e+00 3.579336731428479977e-04
1.828486429599999974e+04 1.442208446508399966e+00 -1.826884010337915826e-03
1.828751609099999769e+04 1.434692107069039935e+00 -2.174954889836422638e-03
1.829018007799999759e+04 1.429469729832459901e+00 -1.186587064069437271e-03
1.829285625599999912e+04 1.427947844222660079e+00 -3.801734958462470713e-04
1.829554462699999931e+04 1.427655797015570105e+00 -1.103825559237231674e-04
1.829824518999999782e+04 1.427792987651449907e+00 6.581152370322923095e-05
1.830095794399999795e+04 1.428594054909900102e+00 2.363728770421865354e-04
1.830368289100000038e+04 1.429799088497720083e+00 3.325071920133772100e-04
1.830642002900000080e+04 1.431211331222419947e+00 3.905369043182363724e-04
1.830916935899999953e+04 1.432793165764810084e+00 4.729091343520656411e-04
1.831193088100000023e+04 1.434739296832900024e+00 5.627581828245073860e-04
1.831470459499999924e+04 1.436907088151480050e+00 5.719166863322946038e-04
1.831749050100000022e+04 1.438929734733340071e+00 5.056021908412032615e-04
1.832028859899999952e+04 1.440691242992079957e+00 4.402595398459154485e-04
1.832309888900000078e+04 1.442310148354110089e+00 3.190270675888932429e-04
1.832592137100000036e+04 1.443303230321540065e+00 8.092701567496346298e-05
1.832875604399999793e+04 1.443388733213829989e+00 -2.173325085154640432e-04
1.833160290999999779e+04 1.442443121153470065e+00 -5.440497428623354559e-04
1.833446196699999928e+04 1.440387034006429978e+00 -8.174660395421099119e-04
1.833733321699999942e+04 1.437631828640040021e+00 -9.251209188198891839e-04
1.834021665799999755e+04 1.434844799553159911e+00 -9.065423092027475888e-04
1.834311229099999764e+04 1.432189240455540080e+00 -8.217815031062230754e-04
1.834602011599999969e+04 1.429943366584049969e+00 -7.798191196433176689e-04
1.834894013300000006e+04 1.427547664517319959e+00 -8.030074494010404742e-04
1.835187234199999875e+04 1.425126744920450106e+00 -7.921718785459450204e-04
1.835481674299999941e+04 1.422783998193950072e+00 -7.541085632455460938e-04
1.835777333499999804e+04 1.420600898557609959e+00 -6.926947597017229629e-04
1.836074211999999898e+04 1.418656772058439985e+00 -5.691511611149769907e-04
1.836372309599999789e+04 1.417299651940199912e+00 -4.001950888203745574e-04
1.836671626499999911e+04 1.416499543124400073e+00 -2.340686584306094420e-04
1.836972162499999831e+04 1.416276424459290029e+00 -2.868493838563078142e-05
1.837273917699999947e+04 1.416890762067470000e+00 1.698193395626103244e-04
1.837576892099999895e+04 1.418045866857829962e+00 1.930127933017773787e-04
1.837881085800000074e+04 1.418828836185199949e+00 1.603072752168925922e-04
1.838186498500000016e+04 1.419763080056229976e+00 1.605939736683440291e-04
1.838493130499999825e+04 1.420554930205379929e+00 9.963205889066550783e-05
1.838800981699999829e+04 1.421066457587770060e+00 1.452246389434069018e-05
1.839110052100000030e+04 1.421261339567200022e+00 -2.785715633570613110e-05
1.839420341600000029e+04 1.421474643130890003e+00 -1.396079294485352127e-05
1.839731850399999894e+04 1.421770224410340067e+00 -2.657712957645661997e-05
1.840044578299999921e+04 1.421895206118849897e+00 -4.727149930156382109e-05
1.840358525499999814e+04 1.422043705266530011e+00 -3.390826302190543825e-05
1.840673691799999870e+04 1.422266162807499956e+00 -5.006546676133215670e-05
1.840990077299999757e+04 1.422299078555300023e+00 -9.992851606774777636e-05
1.841307681999999841e+04 1.422159986586930103e+00 -1.819568209915628097e-04
1.841626505899999756e+04 1.421593803171169901e+00 -3.001544791035731254e-04
1.841946548999999868e+04 1.420586027782110072e+00 -3.989454156464201646e-04
1.842267811199999778e+04 1.419287277855900031e+00 -4.900946655277223967e-04
1.842590292699999918e+04 1.417597825178610105e+00 -5.377586739153648616e-04
1.842913993399999890e+04 1.415934544547519991e+00 -5.485013737546025293e-04
1.843238913200000025e+04 1.414152532133089890e+00 -5.521466847677152911e-04
1.843565052300000025e+04 1.412449082157920088e+00 -5.128856574856940692e-04
1.843892410499999824e+04 1.410948250890750044e+00 -4.548416092346413506e-04
1.844220987899999818e+04 1.409669469697000022e+00 -4.136653719944112582e-04
1.844550784500000009e+04 1.408469196633759912e+00 -3.883334076629413648e-04
1.844881800300000032e+04 1.407373205098559898e+00 -3.283922389260504897e-04
1.845214035299999887e+04 1.406620382488320109e+00 -2.591293752310908603e-04
1.845547489499999938e+04 1.406046356970019895e+00 -2.188908080368545629e-04
1.845882162899999821e+04 1.405596986615319954e+00 -1.725069156953577061e-04
1.846218055399999866e+04 1.405375921911679926e+00 -9.553997830303217944e-05
1.846555167199999778e+04 1.405518147495419923e+00 -3.164229740983251954e-05
1.846893498199999885e+04 1.405791748845089950e+00 -2.699189843015088229e-05
1.847233048299999791e+04 1.405971627581600103e+00 -4.609383989841993817e-05
1.847573817599999893e+04 1.406097828075780098e+00 -5.905322591706171540e-05
1.847915806099999827e+04 1.406177333255069994e+00 -1.027057294761632585e-04
1.848259013899999991e+04 1.405961253269540023e+00 -1.493499611247185049e-04
1.848603440799999953e+04 1.405672444337259908e+00 -1.662212181255670943e-04
1.848949086800000077e+04 1.405321058663149936e+00 -1.564854215270840884e-04
1.849295952100000068e+04 1.405107306806659961e+00 -1.571236633416607683e-04
1.849644036599999890e+04 1.404748844543409980e+00 -1.582281034364632557e-04
1.849993340299999909e+04 1.404524251981889904e+00 -1.397720575632486041e-04
1.850343863100000090e+04 1.404311872700360064e+00 -1.500724658338207455e-04
1.850695605199999773e+04 1.404002802220909896e+00 -1.896482973282904310e-04
1.851048566399999982e+04 1.403468777715479954e+00 -2.393307004992832816e-04
1.851402746800000023e+04 1.402753889286749933e+00 -3.001695171838209756e-04
1.851758146499999930e+04 1.401720482646680033e+00 -3.630587890573201129e-04
1.852114765299999999e+04 1.400486066805880059e+00 -3.916593189122159562e-04
1.852472603299999901e+04 1.399210557924200016e+00 -3.992078215516611751e-04
1.852831660499999998e+04 1.397905516730499897e+00 -4.134477713218951355e-04
1.853191936899999928e+04 1.396503760267620020e+00 -4.038982060745756179e-04
1.853553432400000020e+04 1.395268588631380036e+00 -3.756462578707010715e-04
1.853916147199999978e+04 1.394092563806929919e+00 -3.437519418477213919e-04
1.854280081100000098e+04 1.393115056574250055e+00 -2.876119159335365437e-04
1.854645234300000084e+04 1.392401203128190046e+00 -2.512902331086342713e-04
1.855011606599999868e+04 1.391722747727309972e+00 -2.116211762765503757e-04
1.855379198199999882e+04 1.391338152758530011e+00 -1.835977737705069208e-04
1.855748008900000059e+04 1.390892825817920064e+00 -1.709202034313370665e-04
1.856118038800000068e+04 1.390612900618739989e+00 -1.373658424707363177e-04
1.856489287899999908e+04 1.390450426297410003e+00 -1.307836184088946336e-04
1.856861756199999945e+04 1.390225185505139960e+00 -1.509924547746119782e-04
1.857235443699999814e+04 1.389888514120040108e+00 -1.794647920147066143e-04
1.857610350299999845e+04 1.389417004755769902e+00 -1.857256567158049475e-04
1.857986476200000106e+04 1.389023776865409898e+00 -1.875226135166239495e-04
1.858363821299999836e+04 1.388533932610569899e+00 -1.995090261912802951e-04
1.858742385500000091e+04 1.388033939237869996e+00 -2.128991482942183314e-04
1.859122168899999815e+04 1.387424451436400030e+00 -2.197123142425915561e-04
1.859503171599999769e+04 1.386861447481769982e+00 -2.065317987186388678e-04
1.859885393399999884e+04 1.386363566663560087e+00 -2.090408049771250957e-04
1.860268834399999832e+04 1.385775142755490075e+00 -2.289090331410130322e-04
1.860653494599999976e+04 1.385098790829990101e+00 -2.277014563335268409e-04
1.861039373999999953e+04 1.384517022634510042e+00 -2.290363691478766077e-04
1.861426472599999761e+04 1.383824855952680011e+00 -2.504390312458106048e-04
1.861814790300000095e+04 1.383048745962379922e+00 -2.679819789480186580e-04
1.862204327299999932e+04 1.382195470785740010e+00 -2.903249717272127542e-04
1.862595083499999964e+04 1.381214318060089985e+00 -3.053974095709098514e-04
1.862987058799999795e+04 1.380220014409420104e+00 -3.101492714733229488e-04
1.863380253299999822e+04 1.379189920441689976e+00 -3.019283197755363185e-04
1.863774667100000079e+04 1.378263583912129997e+00 -2.931686691530698777e-04
1.864170299999999770e+04 1.377306797865720078e+00 -2.827243010445686534e-04
1.864567152100000021e+04 1.376469570521370089e+00 -2.658002376517761434e-04
1.864965223400000104e+04 1.375661547826459996e+00 -2.494922106024961925e-04
1.865364513900000020e+04 1.374968397206489890e+00 -2.364567454075949837e-04
1.865765023599999768e+04 1.374275346905539985e+00 -2.352466175749508856e-04
1.866166752400000041e+04 1.373589103562879998e+00 -2.219860145653739707e-04
1.866569700499999817e+04 1.373014230625350107e+00 -2.023588338737872705e-04
1.866973867799999789e+04 1.372505835373909910e+00 -2.026661398773589367e-04
1.867379254199999923e+04 1.371924836850419993e+00 -2.001097270565811909e-04
1.867785859799999889e+04 1.371436965650169926e+00 -1.865016461193842550e-04
1.868193684700000085e+04 1.370979855591309970e+00 -1.932508109956594710e-04
1.868602728700000080e+04 1.370425929727020042e+00 -2.141737132310629523e-04
1.869012991899999906e+04 1.369769213407399988e+00 -2.041797523964379839e-04
1.869424474299999929e+04 1.369305865655640053e+00 -2.137360767312986845e-04
1.869837175899999784e+04 1.368555501503599947e+00 -2.207862927065762588e-04
1.870251096699999835e+04 1.368021728709950091e+00 -2.182715499575387083e-04
1.870666236600000047e+04 1.367291486141209989e+00 -2.379212226355392236e-04
1.871082595799999763e+04 1.366566622999469960e+00 -2.151474342926380443e-04
1.871500174200000038e+04 1.366049913166700103e+00 -2.233903244242246139e-04
1.871918971699999747e+04 1.365242357430630049e+00 -2.550497123766479906e-04
1.872338988400000017e+04 1.364417237757119983e+00 -2.462121215653087568e-04
1.872760224399999788e+04 1.363690196525539911e+00 -2.555468605758334636e-04
1.873182679500000086e+04 1.362770259757430047e+00 -2.746402393404631789e-04
1.873606353799999852e+04 1.361853187147179955e+00 -2.654940962646789703e-04
1.874031247299999814e+04 1.361016961287569993e+00 -2.548447511996390072e-04
1.874457359999999971e+04 1.360198781412919944e+00 -2.596154487396099106e-04
1.874884691899999962e+04 1.359311122742169919e+00 -2.599724108879367091e-04
1.875313242899999750e+04 1.358484565579249903e+00 -2.648364769084068189e-04
1.875743013199999768e+04 1.357544144851859924e+00 -2.610678198498156671e-04
1.876174002599999949e+04 1.356749769156220031e+00 -2.371463125625806177e-04
1.876606211299999995e+04 1.356041237548279987e+00 -2.270904945788520710e-04
1.877039639099999840e+04 1.355342442018180105e+00 -2.224702555181106063e-04
1.877474286099999881e+04 1.354675941305480080e+00 -2.172398237469710643e-04
1.877910152399999788e+04 1.354025526356589904e+00 -2.298690663294799717e-04
1.878347237799999857e+04 1.353228904919659970e+00 -2.321793570762451192e-04
1.878785542399999758e+04 1.352551255132290020e+00 -2.157229265804133135e-04
1.879225066199999856e+04 1.351916193507030073e+00 -2.147067894149578822e-04
1.879665809099999751e+04 1.351245155303250067e+00 -2.202287591566997628e-04
1.880107771299999877e+04 1.350550577362819915e+00 -2.133706668122640950e-04
1.880550952699999834e+04 1.349945382146189976e+00 -2.130322894422843384e-04
1.880995353199999954e+04 1.349250668011710008e+00 -2.286238037681530646e-04
1.881440972999999940e+04 1.348482762360460052e+00 -2.287530009428542441e-04
1.881887811900000088e+04 1.347782718766920018e+00 -2.279161596762585887e-04
1.882335870000000068e+04 1.347019390771450054e+00 -2.360967263331803523e-04
1.882785147299999880e+04 1.346231176236680094e+00 -2.244059773083146019e-04
1.883235643799999889e+04 1.345584264754319914e+00 -2.210290740534338503e-04
1.883687359500000093e+04 1.344827100490090022e+00 -2.398453183685775184e-04
1.884140294399999766e+04 1.343981183814729974e+00 -2.529673939713483755e-04
1.884594448499999999e+04 1.343083195787069917e+00 -2.512479113459033264e-04
1.885049821800000063e+04 1.342250526273520039e+00 -2.453155484684099762e-04
1.885506414199999926e+04 1.341409941993769950e+00 -2.437975294812929814e-04
1.885964225900000019e+04 1.340588717147100040e+00 -2.380551527161644588e-04
1.886423256699999911e+04 1.339804078958980016e+00 -2.426428197545907588e-04
1.886883506800000032e+04 1.338930218431489960e+00 -2.423310762630244680e-04
1.887344975999999951e+04 1.338144476288370077e+00 -2.354682944994892103e-04
1.887807664400000067e+04 1.337338959127740035e+00 -2.368894553734473120e-04
1.888271572000000015e+04 1.336533916834359959e+00 -2.339884935332577152e-04
1.888736698799999795e+04 1.335755068812980006e+00 -2.272930535572621617e-04
1.889203044799999770e+04 1.335017391148410004e+00 -2.312330885405638103e-04
1.889670609999999942e+04 1.334192374894769939e+00 -2.324685414500314822e-04
1.890139394299999913e+04 1.333437350866609972e+00 -2.299938289474052165e-04
1.890609397899999749e+04 1.332634862835659906e+00 -2.331155082836003692e-04
1.891080620599999747e+04 1.331842097869790020e+00 -2.251761691193039292e-04
1.891553062599999976e+04 1.331121396473559981e+00 -2.131934243035691441e-04
1.892026723700000002e+04 1.330454732906130033e+00 -2.149239781526763714e-04
1.892501603999999861e+04 1.329711631179919973e+00 -2.270139868233091065e-04
1.892977703599999950e+04 1.328909491285920064e+00 -2.304400233175125489e-04
1.893455022299999837e+04 1.328124967689410019e+00 -2.279871026690562241e-04
1.893933560199999920e+04 1.327345658442760090e+00 -2.236849479646681974e-04
1.894413317199999801e+04 1.326604425317650104e+00 -2.200657381920028061e-04
1.894894293499999912e+04 1.325861122486110100e+00 -2.224145065992484606e-04
1.895376488999999856e+04 1.325090177591589979e+00 -2.260826418064305736e-04
1.895859903699999995e+04 1.324302421571599941e+00 -2.284243979530104906e-04
1.896344537499999933e+04 1.323501543458710072e+00 -2.286222950537561069e-04
1.896830390500000067e+04 1.322707583509119988e+00 -2.184036338951809639e-04
1.897317462800000067e+04 1.322016713289630108e+00 -1.483700914280714031e-04
1.897805754199999865e+04 1.322002392784960012e+00 -8.788241251261179365e-05
